2.716476440429687500e+01
2.767565917968750000e+01
2.786979675292968750e+01
2.816498565673828125e+01
2.831211090087890625e+01
2.850845146179199219e+01
2.872464561462402344e+01
2.863183212280273438e+01
2.817961311340332031e+01
2.794656372070312500e+01
2.789437866210937500e+01
2.790113067626953125e+01
2.805950927734375000e+01
2.860002899169921875e+01
2.868467140197753906e+01
2.901429939270019531e+01
2.836648178100585938e+01
2.802676582336425781e+01
2.771557044982910156e+01
2.753137207031250000e+01
2.763193511962890625e+01
2.792135620117187500e+01
2.841027259826660156e+01
2.861449432373046875e+01
2.886477661132812500e+01
2.896312332153320312e+01
2.912827682495117188e+01
2.904579734802246094e+01
2.900233459472656250e+01
2.914896202087402344e+01
2.932791900634765625e+01
2.941101837158203125e+01
2.947750091552734375e+01
2.942518997192382812e+01
2.925759124755859375e+01
2.916572570800781250e+01
2.926918792724609375e+01
2.935829162597656250e+01
2.939360809326171875e+01
2.937964248657226562e+01
2.937852096557617188e+01
2.941311264038085938e+01
2.947422790527343750e+01
2.953678321838378906e+01
2.960593986511230469e+01
2.969193649291992188e+01
2.981496810913085938e+01
3.003573226928710938e+01
3.011227798461914062e+01
3.018004608154296875e+01
3.014877510070800781e+01
3.022165107727050781e+01
3.033774757385253906e+01
3.049000740051269531e+01
3.050015830993652344e+01
3.056634712219238281e+01
3.056645965576171875e+01
3.050784873962402344e+01
3.046520996093750000e+01
3.043599128723144531e+01
3.026982307434082031e+01
2.998753356933593750e+01
2.977103614807128906e+01
2.945540618896484375e+01
2.925097465515136719e+01
2.902598953247070312e+01
2.895201873779296875e+01
2.896971893310546875e+01
2.932356262207031250e+01
2.954115486145019531e+01
2.959256362915039062e+01
2.960009765625000000e+01
2.950589179992675781e+01
2.941835212707519531e+01
2.939755058288574219e+01
2.941431617736816406e+01
2.949621391296386719e+01
2.967462158203125000e+01
3.002037048339843750e+01
3.038370323181152344e+01
3.055103111267089844e+01
3.052799606323242188e+01
3.054210853576660156e+01
3.058512306213378906e+01
3.056751441955566406e+01
3.038943672180175781e+01
3.026615333557128906e+01
3.011511039733886719e+01
2.996256256103515625e+01
3.002040481567382812e+01
3.034770011901855469e+01
3.071105384826660156e+01
3.105924987792968750e+01
3.152902603149414062e+01
3.160342025756835938e+01
3.149146270751953125e+01
3.144441032409667969e+01
