3.581554794311523438e+01
3.521300125122070312e+01
3.502208709716796875e+01
3.465444564819335938e+01
3.494063568115234375e+01
3.548474502563476562e+01
3.562705993652343750e+01
3.556800842285156250e+01
3.542995834350585938e+01
3.536614227294921875e+01
3.572554016113281250e+01
3.636166763305664062e+01
3.572008132934570312e+01
3.514852905273437500e+01
3.487633132934570312e+01
3.536876678466796875e+01
3.548733901977539062e+01
3.515750503540039062e+01
3.608938598632812500e+01
3.688274765014648438e+01
3.672001647949218750e+01
3.635464096069335938e+01
3.639692306518554688e+01
3.663107299804687500e+01
3.685467910766601562e+01
3.696409225463867188e+01
3.698253250122070312e+01
3.693926239013671875e+01
3.688497543334960938e+01
3.692744445800781250e+01
3.701734924316406250e+01
3.701382446289062500e+01
3.685972595214843750e+01
3.688949203491210938e+01
3.695470428466796875e+01
3.717361450195312500e+01
3.722703552246093750e+01
3.702280426025390625e+01
3.688133621215820312e+01
3.700516510009765625e+01
3.719168472290039062e+01
3.711230087280273438e+01
3.721688842773437500e+01
3.745670700073242188e+01
3.770462036132812500e+01
3.786435699462890625e+01
3.791467285156250000e+01
3.777954483032226562e+01
3.745063781738281250e+01
3.715534210205078125e+01
3.716826629638671875e+01
3.733150863647460938e+01
3.725231552124023438e+01
3.689786911010742188e+01
3.671311187744140625e+01
3.680271530151367188e+01
3.697238159179687500e+01
3.648883438110351562e+01
3.617580795288085938e+01
3.635712814331054688e+01
3.658766937255859375e+01
3.633903503417968750e+01
3.660799026489257812e+01
3.701048660278320312e+01
3.725165176391601562e+01
3.697040939331054688e+01
3.697497177124023438e+01
3.685180282592773438e+01
3.698576354980468750e+01
3.709265518188476562e+01
3.688913726806640625e+01
3.688380813598632812e+01
3.711369705200195312e+01
3.732389068603515625e+01
3.734169769287109375e+01
3.734815597534179688e+01
3.733810806274414062e+01
3.723659133911132812e+01
3.718240356445312500e+01
3.737412261962890625e+01
3.769359207153320312e+01
3.793552017211914062e+01
3.792968368530273438e+01
3.755903625488281250e+01
3.716807556152343750e+01
3.727503967285156250e+01
3.753167343139648438e+01
3.747195816040039062e+01
3.742162322998046875e+01
3.756872940063476562e+01
3.772864532470703125e+01
3.788985061645507812e+01
3.792230606079101562e+01
3.753984451293945312e+01
3.690048217773437500e+01
3.591152954101562500e+01
3.423366928100585938e+01
