3.166621017456054688e+01
3.176527214050292969e+01
3.208826828002929688e+01
3.212409973144531250e+01
3.170545768737792969e+01
3.086259460449218750e+01
3.043225288391113281e+01
3.024843978881835938e+01
3.009840011596679688e+01
2.995496368408203125e+01
2.989505767822265625e+01
2.989200782775878906e+01
3.006517601013183594e+01
3.009685134887695312e+01
3.004359436035156250e+01
2.987329483032226562e+01
2.979322433471679688e+01
2.987343597412109375e+01
2.989936256408691406e+01
2.976439476013183594e+01
2.976161384582519531e+01
2.974837112426757812e+01
2.959073829650878906e+01
2.932879066467285156e+01
2.885587310791015625e+01
2.860588645935058594e+01
2.839663696289062500e+01
2.812256240844726562e+01
2.782388305664062500e+01
2.768105316162109375e+01
2.745589828491210938e+01
2.732893371582031250e+01
2.750401687622070312e+01
2.762955665588378906e+01
2.770895957946777344e+01
2.786219978332519531e+01
2.815272903442382812e+01
2.804954338073730469e+01
2.782174110412597656e+01
2.743400001525878906e+01
2.714277839660644531e+01
2.710392189025878906e+01
2.713402938842773438e+01
2.717704582214355469e+01
2.720028114318847656e+01
2.726087570190429688e+01
2.702898025512695312e+01
2.679475784301757812e+01
2.639968490600585938e+01
2.634804916381835938e+01
2.664411354064941406e+01
2.704454040527343750e+01
2.735180854797363281e+01
2.725284957885742188e+01
2.729323387145996094e+01
2.734827041625976562e+01
2.711255264282226562e+01
2.679980850219726562e+01
2.724134254455566406e+01
2.806727409362792969e+01
2.806650733947753906e+01
2.777089309692382812e+01
2.765402030944824219e+01
2.765395545959472656e+01
2.763584899902343750e+01
2.751888275146484375e+01
2.774156761169433594e+01
2.790844154357910156e+01
2.788278007507324219e+01
2.783192062377929688e+01
2.780900764465332031e+01
2.814489936828613281e+01
2.862960052490234375e+01
2.869976615905761719e+01
2.865336418151855469e+01
2.868875312805175781e+01
2.866214370727539062e+01
2.854048919677734375e+01
2.841113471984863281e+01
2.843437767028808594e+01
2.852687644958496094e+01
2.854195213317871094e+01
2.851759338378906250e+01
2.842298126220703125e+01
2.841690254211425781e+01
2.840097808837890625e+01
2.826174926757812500e+01
2.816205215454101562e+01
2.830712318420410156e+01
2.852830696105957031e+01
2.871331596374511719e+01
2.878766441345214844e+01
2.871295356750488281e+01
2.874386405944824219e+01
2.873463630676269531e+01
2.854923057556152344e+01
2.862874412536621094e+01
2.870099258422851562e+01
2.876538658142089844e+01
2.895964813232421875e+01
2.897607612609863281e+01
2.905990219116210938e+01
2.920179939270019531e+01
2.934675788879394531e+01
2.899859428405761719e+01
2.848682403564453125e+01
2.829361152648925781e+01
