3.240303802490234375e+01
3.222681808471679688e+01
3.142685890197753906e+01
2.969995689392089844e+01
2.927426719665527344e+01
2.954201698303222656e+01
2.975751304626464844e+01
3.006892585754394531e+01
3.039039993286132812e+01
3.004628944396972656e+01
3.001550483703613281e+01
3.007783699035644531e+01
2.981459999084472656e+01
2.975047683715820312e+01
3.002478599548339844e+01
3.033312225341796875e+01
3.042311668395996094e+01
3.025876045227050781e+01
3.007155990600585938e+01
3.031321525573730469e+01
3.063784790039062500e+01
3.030458450317382812e+01
3.021103858947753906e+01
3.025683975219726562e+01
3.021717834472656250e+01
2.995012855529785156e+01
2.964585494995117188e+01
2.966901779174804688e+01
2.967620277404785156e+01
2.981967163085937500e+01
2.986730003356933594e+01
2.975723457336425781e+01
2.948729896545410156e+01
2.946922874450683594e+01
2.944172668457031250e+01
2.927784919738769531e+01
2.917649459838867188e+01
2.923169898986816406e+01
2.940216445922851562e+01
2.967853927612304688e+01
2.974370956420898438e+01
2.994058990478515625e+01
3.020895195007324219e+01
3.014069557189941406e+01
2.998628997802734375e+01
2.980436325073242188e+01
2.966574668884277344e+01
2.973454666137695312e+01
2.984559059143066406e+01
2.980449676513671875e+01
2.973418617248535156e+01
2.982111549377441406e+01
2.997623252868652344e+01
2.999874877929687500e+01
3.003752136230468750e+01
3.008199310302734375e+01
3.019261550903320312e+01
3.011336517333984375e+01
3.000582313537597656e+01
3.002799224853515625e+01
3.004929733276367188e+01
3.010219764709472656e+01
3.020748901367187500e+01
3.029311752319335938e+01
3.033268547058105469e+01
3.018198585510253906e+01
3.010448455810546875e+01
3.010283851623535156e+01
3.004402351379394531e+01
3.005535316467285156e+01
3.008841896057128906e+01
3.014941024780273438e+01
3.020057868957519531e+01
3.021732521057128906e+01
3.018120002746582031e+01
3.017078018188476562e+01
3.021395301818847656e+01
3.023508262634277344e+01
3.026051712036132812e+01
3.025906372070312500e+01
3.008803367614746094e+01
2.981789207458496094e+01
2.946961593627929688e+01
2.929172325134277344e+01
2.950207138061523438e+01
2.977525138854980469e+01
2.977469253540039062e+01
2.995000267028808594e+01
3.014533424377441406e+01
3.019278144836425781e+01
3.002860450744628906e+01
2.944048500061035156e+01
2.910978889465332031e+01
2.922155189514160156e+01
2.959858703613281250e+01
3.000989723205566406e+01
3.017741966247558594e+01
2.983183670043945312e+01
2.970552825927734375e+01
3.005246734619140625e+01
2.995676422119140625e+01
3.032052040100097656e+01
3.035137367248535156e+01
