2.736154174804687500e+01
2.745586395263671875e+01
2.753548812866210938e+01
2.739025688171386719e+01
2.754843902587890625e+01
2.747147369384765625e+01
2.723556518554687500e+01
2.706370925903320312e+01
2.712918663024902344e+01
2.701583480834960938e+01
2.733177375793457031e+01
2.766639709472656250e+01
2.733777999877929688e+01
2.701420783996582031e+01
2.699505615234375000e+01
2.719767951965332031e+01
2.749740982055664062e+01
2.743745040893554688e+01
2.736046409606933594e+01
2.726099014282226562e+01
2.737911415100097656e+01
2.748353958129882812e+01
2.752633857727050781e+01
2.762734222412109375e+01
2.795495033264160156e+01
2.833147239685058594e+01
2.847358322143554688e+01
2.853652954101562500e+01
2.863580894470214844e+01
2.866915130615234375e+01
2.864831733703613281e+01
2.865618705749511719e+01
2.853485298156738281e+01
2.830059814453125000e+01
2.819975852966308594e+01
2.807157135009765625e+01
2.786901473999023438e+01
2.763512992858886719e+01
2.754352760314941406e+01
2.755872535705566406e+01
2.767963981628417969e+01
2.780614280700683594e+01
2.784811973571777344e+01
2.796586227416992188e+01
2.803856849670410156e+01
2.807880401611328125e+01
2.807312011718750000e+01
2.791192626953125000e+01
2.778887176513671875e+01
2.774415779113769531e+01
2.761339950561523438e+01
2.751319313049316406e+01
2.746283721923828125e+01
2.747133827209472656e+01
2.747927093505859375e+01
2.754837799072265625e+01
2.768969345092773438e+01
2.789371299743652344e+01
2.800314903259277344e+01
2.791389465332031250e+01
2.777907371520996094e+01
2.774845886230468750e+01
2.773980522155761719e+01
2.780442047119140625e+01
2.794279289245605469e+01
2.795653915405273438e+01
2.795897293090820312e+01
2.806328582763671875e+01
2.807190704345703125e+01
2.813221549987792969e+01
2.830820083618164062e+01
2.852366638183593750e+01
2.847349548339843750e+01
2.840329933166503906e+01
2.852660942077636719e+01
2.844003677368164062e+01
2.840201950073242188e+01
2.832297325134277344e+01
2.825000381469726562e+01
2.828816223144531250e+01
2.820253944396972656e+01
2.800150680541992188e+01
2.801451110839843750e+01
2.801709556579589844e+01
2.804463386535644531e+01
2.815566444396972656e+01
2.830595397949218750e+01
2.842468070983886719e+01
2.851877212524414062e+01
2.850005722045898438e+01
2.851080894470214844e+01
2.859958457946777344e+01
2.904436683654785156e+01
2.934480667114257812e+01
2.948168945312500000e+01
2.928627395629882812e+01
2.862504768371582031e+01
2.803641891479492188e+01
2.810200881958007812e+01
2.771248435974121094e+01
