2.877981567382812500e+01
2.899524307250976562e+01
2.902220153808593750e+01
2.876951026916503906e+01
2.883095932006835938e+01
2.888712882995605469e+01
2.913167762756347656e+01
2.946471214294433594e+01
2.953954315185546875e+01
2.904712486267089844e+01
2.885141754150390625e+01
2.902498435974121094e+01
2.896788215637207031e+01
2.884622383117675781e+01
2.876155853271484375e+01
2.885168075561523438e+01
2.899956130981445312e+01
2.928715705871582031e+01
2.945550155639648438e+01
2.976931571960449219e+01
3.026823234558105469e+01
3.050236320495605469e+01
3.037464904785156250e+01
3.017312812805175781e+01
2.999011421203613281e+01
2.976792907714843750e+01
2.950845527648925781e+01
2.963195228576660156e+01
2.987025833129882812e+01
3.013622856140136719e+01
3.025978851318359375e+01
3.027215766906738281e+01
3.026404762268066406e+01
3.023726272583007812e+01
3.008003044128417969e+01
2.995658302307128906e+01
2.998035240173339844e+01
3.004337310791015625e+01
2.994493865966796875e+01
2.987858581542968750e+01
2.993694686889648438e+01
3.017611122131347656e+01
3.018089675903320312e+01
2.999443435668945312e+01
2.987063598632812500e+01
2.993493652343750000e+01
3.012433242797851562e+01
3.032585144042968750e+01
3.052838897705078125e+01
3.056573486328125000e+01
3.056532096862792969e+01
3.058149719238281250e+01
3.068264770507812500e+01
3.094951820373535156e+01
3.114343261718750000e+01
3.128557395935058594e+01
3.118923377990722656e+01
3.112665748596191406e+01
3.114716529846191406e+01
3.095317649841308594e+01
3.060630798339843750e+01
3.036264801025390625e+01
3.024228858947753906e+01
3.025333976745605469e+01
3.038958358764648438e+01
3.056597709655761719e+01
3.069182395935058594e+01
3.077373123168945312e+01
3.071230697631835938e+01
3.050330352783203125e+01
3.046139144897460938e+01
3.052277946472167969e+01
3.077768707275390625e+01
3.090985488891601562e+01
3.085477256774902344e+01
3.078445816040039062e+01
3.056282424926757812e+01
3.053246498107910156e+01
3.076761817932128906e+01
3.110636520385742188e+01
3.110516548156738281e+01
3.109205245971679688e+01
3.097977447509765625e+01
3.068590354919433594e+01
3.021206092834472656e+01
2.985255622863769531e+01
2.966919898986816406e+01
2.973643493652343750e+01
3.007956314086914062e+01
3.021853637695312500e+01
3.044569969177246094e+01
3.047695732116699219e+01
3.053278923034667969e+01
3.044076919555664062e+01
3.031488418579101562e+01
3.019610214233398438e+01
3.012304496765136719e+01
3.014505004882812500e+01
3.029732513427734375e+01
3.060338973999023438e+01
3.062784957885742188e+01
3.051455688476562500e+01
3.028040885925292969e+01
3.015353012084960938e+01
3.002123260498046875e+01
