2.876803207397460938e+01
2.843801116943359375e+01
2.855269050598144531e+01
2.825712776184082031e+01
2.804967880249023438e+01
2.814800071716308594e+01
2.845890235900878906e+01
2.891616439819335938e+01
2.939854812622070312e+01
2.870970916748046875e+01
2.787907028198242188e+01
2.778583145141601562e+01
2.770769309997558594e+01
2.761654663085937500e+01
2.751388359069824219e+01
2.710396575927734375e+01
2.686517333984375000e+01
2.694268608093261719e+01
2.723040390014648438e+01
2.739758872985839844e+01
2.744297409057617188e+01
2.748802757263183594e+01
2.745483207702636719e+01
2.737155723571777344e+01
2.735782814025878906e+01
2.767151069641113281e+01
2.793640708923339844e+01
2.797730064392089844e+01
2.798714637756347656e+01
2.787137794494628906e+01
2.769715881347656250e+01
2.779646682739257812e+01
2.798733520507812500e+01
2.789731979370117188e+01
2.781152153015136719e+01
2.783132171630859375e+01
2.784116744995117188e+01
2.784974861145019531e+01
2.768037796020507812e+01
2.753334426879882812e+01
2.748782348632812500e+01
2.760044670104980469e+01
2.772641754150390625e+01
2.795258712768554688e+01
2.789564323425292969e+01
2.779785156250000000e+01
2.788190841674804688e+01
2.798142433166503906e+01
2.811904335021972656e+01
2.823567390441894531e+01
2.849419021606445312e+01
2.861792755126953125e+01
2.846016883850097656e+01
2.857072067260742188e+01
2.874596786499023438e+01
2.813486862182617188e+01
2.806130981445312500e+01
2.855141639709472656e+01
2.906833457946777344e+01
2.864822387695312500e+01
2.820502471923828125e+01
2.811262130737304688e+01
2.781952667236328125e+01
2.757785034179687500e+01
2.760437774658203125e+01
2.756178665161132812e+01
2.737120819091796875e+01
2.733511352539062500e+01
2.751724815368652344e+01
2.777502441406250000e+01
2.789575576782226562e+01
2.781619262695312500e+01
2.781916427612304688e+01
2.801351737976074219e+01
2.815252876281738281e+01
2.829785919189453125e+01
2.832571029663085938e+01
2.848060989379882812e+01
2.829784774780273438e+01
2.805292510986328125e+01
2.778274154663085938e+01
2.766844749450683594e+01
2.771535873413085938e+01
2.784449768066406250e+01
2.791509819030761719e+01
2.792037391662597656e+01
2.795595169067382812e+01
2.779340553283691406e+01
2.758836746215820312e+01
2.746778869628906250e+01
2.748155212402343750e+01
2.755126571655273438e+01
2.753101348876953125e+01
2.755479621887207031e+01
2.774721336364746094e+01
2.793569755554199219e+01
2.791668891906738281e+01
2.811081123352050781e+01
2.818377494812011719e+01
2.780658721923828125e+01
2.777312850952148438e+01
2.787896919250488281e+01
2.830435180664062500e+01
2.885266685485839844e+01
2.933639717102050781e+01
2.943654441833496094e+01
