2.786679267883300781e+01
2.789202499389648438e+01
2.805858612060546875e+01
2.791775703430175781e+01
2.789430999755859375e+01
2.804586029052734375e+01
2.810290527343750000e+01
2.814229393005371094e+01
2.811176872253417969e+01
2.813112831115722656e+01
2.824128532409667969e+01
2.837991905212402344e+01
2.868638038635253906e+01
2.903777694702148438e+01
2.921559524536132812e+01
2.925348281860351562e+01
2.914362144470214844e+01
2.880479049682617188e+01
2.848843383789062500e+01
2.828464126586914062e+01
2.803232955932617188e+01
2.816877746582031250e+01
2.824411964416503906e+01
2.823337745666503906e+01
2.817131614685058594e+01
2.814994430541992188e+01
2.823692321777343750e+01
2.827223396301269531e+01
2.807291984558105469e+01
2.784980773925781250e+01
2.800620269775390625e+01
2.756635665893554688e+01
2.702055549621582031e+01
2.672076225280761719e+01
2.668128395080566406e+01
2.684783554077148438e+01
2.716026306152343750e+01
2.775908660888671875e+01
2.812850952148437500e+01
2.779390716552734375e+01
2.767108726501464844e+01
2.775806045532226562e+01
2.780921745300292969e+01
2.792739677429199219e+01
2.783155441284179688e+01
2.782789802551269531e+01
2.768684577941894531e+01
2.775480461120605469e+01
2.805138206481933594e+01
2.841295242309570312e+01
2.869389343261718750e+01
2.878952789306640625e+01
2.863186454772949219e+01
2.843502426147460938e+01
2.841636848449707031e+01
2.849677276611328125e+01
2.865490150451660156e+01
2.874361801147460938e+01
2.890579795837402344e+01
2.914050865173339844e+01
2.929854774475097656e+01
2.943789100646972656e+01
2.956664848327636719e+01
2.958981704711914062e+01
2.954598999023437500e+01
2.941123580932617188e+01
2.920454597473144531e+01
2.900970458984375000e+01
2.893569946289062500e+01
2.882159614562988281e+01
2.881875801086425781e+01
2.901444625854492188e+01
2.909855461120605469e+01
2.904485893249511719e+01
2.902800559997558594e+01
2.933539962768554688e+01
2.971369171142578125e+01
2.987731170654296875e+01
2.986095046997070312e+01
2.983804702758789062e+01
2.986874961853027344e+01
3.006408882141113281e+01
3.005482482910156250e+01
3.012351989746093750e+01
3.029667091369628906e+01
3.023836326599121094e+01
3.007286834716796875e+01
2.986849784851074219e+01
2.957717323303222656e+01
2.923205757141113281e+01
2.901409339904785156e+01
2.883142280578613281e+01
2.878734970092773438e+01
2.890568733215332031e+01
2.874485397338867188e+01
2.876959991455078125e+01
2.879842567443847656e+01
2.920556259155273438e+01
2.940063476562500000e+01
2.917476844787597656e+01
2.912046813964843750e+01
2.933448410034179688e+01
2.920388603210449219e+01
2.910013580322265625e+01
2.894288825988769531e+01
2.902310562133789062e+01
2.947683715820312500e+01
2.827093124389648438e+01
