3.393113327026367188e+01
3.416254425048828125e+01
3.401080322265625000e+01
3.384897232055664062e+01
3.333133316040039062e+01
3.334723663330078125e+01
3.315482330322265625e+01
3.388453674316406250e+01
3.497386169433593750e+01
3.584789276123046875e+01
3.455171203613281250e+01
3.372982025146484375e+01
3.337563705444335938e+01
3.332779312133789062e+01
3.372349166870117188e+01
3.365996170043945312e+01
3.362104415893554688e+01
3.381233215332031250e+01
3.416797637939453125e+01
3.514529037475585938e+01
3.631481170654296875e+01
3.571204757690429688e+01
3.446324920654296875e+01
3.493613052368164062e+01
3.567346191406250000e+01
3.600855255126953125e+01
3.591794586181640625e+01
3.646621704101562500e+01
3.622366333007812500e+01
3.601655960083007812e+01
3.581764221191406250e+01
3.531172943115234375e+01
3.553993988037109375e+01
3.597378540039062500e+01
3.633005905151367188e+01
3.547644424438476562e+01
3.501197052001953125e+01
3.512920379638671875e+01
3.536251449584960938e+01
3.552825927734375000e+01
3.517509460449218750e+01
3.483184051513671875e+01
3.465397262573242188e+01
3.462639617919921875e+01
3.468911743164062500e+01
3.484761047363281250e+01
3.509341049194335938e+01
3.535660171508789062e+01
3.578575515747070312e+01
3.598273468017578125e+01
3.614857101440429688e+01
3.631542968750000000e+01
3.586901855468750000e+01
3.561851119995117188e+01
3.551340484619140625e+01
3.536212921142578125e+01
3.505523681640625000e+01
3.538181686401367188e+01
3.520413589477539062e+01
3.507941818237304688e+01
3.497794342041015625e+01
3.504172134399414062e+01
3.433101654052734375e+01
3.399504852294921875e+01
3.420667266845703125e+01
3.439694595336914062e+01
3.446932983398437500e+01
3.446417999267578125e+01
3.432638549804687500e+01
3.447913742065429688e+01
3.533256912231445312e+01
3.640014648437500000e+01
3.674327087402343750e+01
3.678526306152343750e+01
3.654317855834960938e+01
3.621568679809570312e+01
3.635951995849609375e+01
3.665181350708007812e+01
3.677162170410156250e+01
3.597470474243164062e+01
3.446289062500000000e+01
3.449223327636718750e+01
3.513024139404296875e+01
3.542990112304687500e+01
3.585828781127929688e+01
3.567327499389648438e+01
3.536174774169921875e+01
3.626213836669921875e+01
3.679905700683593750e+01
3.671538543701171875e+01
3.661106872558593750e+01
3.637760925292968750e+01
3.611085891723632812e+01
3.635861587524414062e+01
3.620568084716796875e+01
3.608202743530273438e+01
3.650534439086914062e+01
