2.507908439636230469e+01
2.495078277587890625e+01
2.473833274841308594e+01
2.463293647766113281e+01
2.464931297302246094e+01
2.482036781311035156e+01
2.497201156616210938e+01
2.486239624023437500e+01
2.460087966918945312e+01
2.416991996765136719e+01
2.362319755554199219e+01
2.316296005249023438e+01
2.317278289794921875e+01
2.328359031677246094e+01
2.342828369140625000e+01
2.340737533569335938e+01
2.344210052490234375e+01
2.347931289672851562e+01
2.374702262878417969e+01
2.374555015563964844e+01
2.373067283630371094e+01
2.393372917175292969e+01
2.393301963806152344e+01
2.379499053955078125e+01
2.361738395690917969e+01
2.351736450195312500e+01
2.336462783813476562e+01
2.325556373596191406e+01
2.316854667663574219e+01
2.318549346923828125e+01
2.328125953674316406e+01
2.332309913635253906e+01
2.336133384704589844e+01
2.336492538452148438e+01
2.336642456054687500e+01
2.337543678283691406e+01
2.339662361145019531e+01
2.337243843078613281e+01
2.335017013549804688e+01
2.330298995971679688e+01
2.334528923034667969e+01
2.347320365905761719e+01
2.356163406372070312e+01
2.341952705383300781e+01
2.348042106628417969e+01
2.396906280517578125e+01
2.427762222290039062e+01
2.437073898315429688e+01
2.431545829772949219e+01
2.381340789794921875e+01
2.341862487792968750e+01
2.321815299987792969e+01
2.316775512695312500e+01
2.318285942077636719e+01
2.327392005920410156e+01
2.342762756347656250e+01
2.368340873718261719e+01
2.390701103210449219e+01
2.409017753601074219e+01
2.420257377624511719e+01
2.431915855407714844e+01
2.439463615417480469e+01
2.447497749328613281e+01
2.454903411865234375e+01
2.461252593994140625e+01
2.454484748840332031e+01
2.412114143371582031e+01
2.369732856750488281e+01
2.342230415344238281e+01
2.337738037109375000e+01
2.337806129455566406e+01
2.336672210693359375e+01
2.337262725830078125e+01
2.324335289001464844e+01
2.308511352539062500e+01
2.301135063171386719e+01
2.299710655212402344e+01
2.303564071655273438e+01
2.312256431579589844e+01
2.325798797607421875e+01
2.354246139526367188e+01
2.393393135070800781e+01
2.401314735412597656e+01
2.360204696655273438e+01
2.323392295837402344e+01
2.323776817321777344e+01
2.349912834167480469e+01
2.391002273559570312e+01
2.438920974731445312e+01
2.480152511596679688e+01
2.510945510864257812e+01
2.510094451904296875e+01
2.488533210754394531e+01
2.501048278808593750e+01
2.510733413696289062e+01
2.516299057006835938e+01
2.501935958862304688e+01
2.486868858337402344e+01
2.435391807556152344e+01
2.436980628967285156e+01
2.432145881652832031e+01
2.351024246215820312e+01
2.286918449401855469e+01
2.310161399841308594e+01
