3.672257614135742188e+01
3.752212905883789062e+01
3.758327865600585938e+01
3.729812240600585938e+01
3.495478057861328125e+01
3.467409515380859375e+01
3.507905960083007812e+01
3.564048767089843750e+01
3.601202011108398438e+01
3.660269546508789062e+01
3.569832229614257812e+01
3.553477859497070312e+01
3.576099014282226562e+01
3.605950164794921875e+01
3.544581604003906250e+01
3.491280364990234375e+01
3.469678115844726562e+01
3.457884979248046875e+01
3.441445541381835938e+01
3.430893325805664062e+01
3.405445098876953125e+01
3.412158584594726562e+01
3.436644744873046875e+01
3.445153808593750000e+01
3.449336242675781250e+01
3.428886795043945312e+01
3.408953094482421875e+01
3.384430694580078125e+01
3.386977005004882812e+01
3.386429977416992188e+01
3.398346328735351562e+01
3.426930999755859375e+01
3.438211059570312500e+01
3.438518142700195312e+01
3.426077651977539062e+01
3.424323654174804688e+01
3.449326705932617188e+01
3.503580474853515625e+01
3.570734786987304688e+01
3.590952682495117188e+01
3.586949539184570312e+01
3.593814468383789062e+01
3.604663848876953125e+01
3.539722824096679688e+01
3.535959625244140625e+01
3.579607009887695312e+01
3.585723114013671875e+01
3.528802871704101562e+01
3.466238403320312500e+01
3.429123687744140625e+01
3.419768142700195312e+01
3.431487274169921875e+01
3.457252120971679688e+01
3.502898406982421875e+01
3.555237579345703125e+01
3.516954040527343750e+01
3.509438705444335938e+01
3.538856887817382812e+01
3.553302001953125000e+01
3.591975402832031250e+01
3.633648681640625000e+01
3.628153610229492188e+01
3.614340591430664062e+01
3.625971221923828125e+01
3.518640136718750000e+01
3.513625717163085938e+01
3.548715972900390625e+01
3.544022369384765625e+01
3.556158065795898438e+01
3.574846267700195312e+01
3.587699508666992188e+01
3.569055175781250000e+01
3.576859664916992188e+01
3.594715499877929688e+01
3.573122024536132812e+01
3.550912475585937500e+01
3.507325744628906250e+01
3.498751449584960938e+01
3.487072372436523438e+01
3.456054306030273438e+01
3.443080902099609375e+01
3.406683731079101562e+01
3.409217071533203125e+01
3.424611282348632812e+01
3.427085494995117188e+01
3.437125015258789062e+01
3.475078582763671875e+01
3.510685729980468750e+01
3.606786346435546875e+01
3.667261886596679688e+01
3.697521591186523438e+01
3.689670944213867188e+01
3.650037384033203125e+01
3.680415725708007812e+01
3.707381439208984375e+01
3.706447982788085938e+01
3.651715850830078125e+01
3.594882965087890625e+01
3.539984893798828125e+01
3.527128219604492188e+01
3.472153472900390625e+01
3.407117080688476562e+01
3.391834640502929688e+01
