2.322812461853027344e+01
2.380748558044433594e+01
2.409042739868164062e+01
2.352582931518554688e+01
2.313593482971191406e+01
2.291313171386718750e+01
2.292659378051757812e+01
2.322593879699707031e+01
2.369054412841796875e+01
2.388691902160644531e+01
2.341110229492187500e+01
2.307528686523437500e+01
2.303370666503906250e+01
2.292217636108398438e+01
2.276638793945312500e+01
2.258706665039062500e+01
2.239140701293945312e+01
2.253829574584960938e+01
2.280747795104980469e+01
2.289643287658691406e+01
2.285302543640136719e+01
2.265605735778808594e+01
2.246287536621093750e+01
2.276436614990234375e+01
2.294223976135253906e+01
2.308386230468750000e+01
2.338468933105468750e+01
2.281406021118164062e+01
2.265247917175292969e+01
2.264711761474609375e+01
2.260204887390136719e+01
2.267793464660644531e+01
2.269320106506347656e+01
2.275068855285644531e+01
2.305623054504394531e+01
2.319482803344726562e+01
2.303445434570312500e+01
2.291348838806152344e+01
2.295408058166503906e+01
2.302540779113769531e+01
2.320170593261718750e+01
2.316101455688476562e+01
2.298923492431640625e+01
2.287015151977539062e+01
2.288877677917480469e+01
2.288204765319824219e+01
2.295169639587402344e+01
2.313862609863281250e+01
2.321842575073242188e+01
2.325180244445800781e+01
2.316940116882324219e+01
2.319529914855957031e+01
2.337455558776855469e+01
2.365117645263671875e+01
2.382785606384277344e+01
2.380279922485351562e+01
2.381644058227539062e+01
2.390766716003417969e+01
2.389994239807128906e+01
2.378969001770019531e+01
2.364491844177246094e+01
2.334613418579101562e+01
2.310520362854003906e+01
2.293362998962402344e+01
2.293468284606933594e+01
2.303337860107421875e+01
2.318340492248535156e+01
2.330836296081542969e+01
2.345471763610839844e+01
2.350083732604980469e+01
2.358339309692382812e+01
2.378360939025878906e+01
2.399506187438964844e+01
2.394696807861328125e+01
2.374169349670410156e+01
2.340173721313476562e+01
2.319967460632324219e+01
2.324295043945312500e+01
2.334094047546386719e+01
2.352939414978027344e+01
2.348377418518066406e+01
2.341474151611328125e+01
2.343687248229980469e+01
2.328336143493652344e+01
2.330836677551269531e+01
2.327104759216308594e+01
2.300128936767578125e+01
2.302252006530761719e+01
2.287233734130859375e+01
2.269375228881835938e+01
2.265727615356445312e+01
2.263185882568359375e+01
2.259696388244628906e+01
2.271238899230957031e+01
2.295817565917968750e+01
2.298410415649414062e+01
2.312788200378417969e+01
2.322449111938476562e+01
2.351508140563964844e+01
2.385247611999511719e+01
2.398529434204101562e+01
2.366609382629394531e+01
2.301205253601074219e+01
2.197855186462402344e+01
2.157637786865234375e+01
2.157328033447265625e+01
