3.661243820190429688e+01
3.756809616088867188e+01
3.818284988403320312e+01
3.838811111450195312e+01
3.846768569946289062e+01
3.850284194946289062e+01
3.841186523437500000e+01
3.836843490600585938e+01
3.825736999511718750e+01
3.824648284912109375e+01
3.824161148071289062e+01
3.844827270507812500e+01
3.867114639282226562e+01
3.875258636474609375e+01
3.878048706054687500e+01
3.861842727661132812e+01
3.850858306884765625e+01
3.843871688842773438e+01
3.791338348388671875e+01
3.785995483398437500e+01
3.789258575439453125e+01
3.797275543212890625e+01
3.796126174926757812e+01
3.800682830810546875e+01
3.809162521362304688e+01
3.785939407348632812e+01
3.778690338134765625e+01
3.778981399536132812e+01
3.780991744995117188e+01
3.750271224975585938e+01
3.732242965698242188e+01
3.732815551757812500e+01
3.743633651733398438e+01
3.758042144775390625e+01
3.792686843872070312e+01
3.822953033447265625e+01
3.810850524902343750e+01
3.799788284301757812e+01
3.794855499267578125e+01
3.791110229492187500e+01
3.784643554687500000e+01
3.781946563720703125e+01
3.786825180053710938e+01
3.790695190429687500e+01
3.788308715820312500e+01
3.787047958374023438e+01
3.769681549072265625e+01
3.748900985717773438e+01
3.741857910156250000e+01
3.746092987060546875e+01
3.745383834838867188e+01
3.748525238037109375e+01
3.759717941284179688e+01
3.776170349121093750e+01
3.764836883544921875e+01
3.745342636108398438e+01
3.732593917846679688e+01
3.732342529296875000e+01
3.725368499755859375e+01
3.718865203857421875e+01
3.716479492187500000e+01
3.718650817871093750e+01
3.714575958251953125e+01
3.661836242675781250e+01
3.652854156494140625e+01
3.672513961791992188e+01
3.683860397338867188e+01
3.694976043701171875e+01
3.685438919067382812e+01
3.706330490112304688e+01
3.721158599853515625e+01
3.707493972778320312e+01
3.686972045898437500e+01
3.698625183105468750e+01
3.706494903564453125e+01
3.720835113525390625e+01
3.753797912597656250e+01
3.735555267333984375e+01
3.684386444091796875e+01
3.679515838623046875e+01
3.692959976196289062e+01
3.697486114501953125e+01
3.705420684814453125e+01
3.701246643066406250e+01
3.695634841918945312e+01
3.691475296020507812e+01
3.702775573730468750e+01
3.718899917602539062e+01
3.706043624877929688e+01
3.729676437377929688e+01
3.742173767089843750e+01
3.763852691650390625e+01
3.772476577758789062e+01
3.743453979492187500e+01
3.707014465332031250e+01
3.726501083374023438e+01
3.751951599121093750e+01
3.763614273071289062e+01
3.770553207397460938e+01
3.790111541748046875e+01
