2.775069808959960938e+01
2.749621772766113281e+01
2.744019508361816406e+01
2.752837371826171875e+01
2.802307701110839844e+01
2.779866600036621094e+01
2.789768218994140625e+01
2.789938354492187500e+01
2.788678359985351562e+01
2.778933143615722656e+01
2.763022232055664062e+01
2.791879081726074219e+01
2.771613121032714844e+01
2.769465255737304688e+01
2.742386817932128906e+01
2.719660568237304688e+01
2.703690910339355469e+01
2.691833877563476562e+01
2.715401649475097656e+01
2.727164459228515625e+01
2.754750442504882812e+01
2.778537559509277344e+01
2.801665306091308594e+01
2.824839019775390625e+01
2.819666481018066406e+01
2.815986633300781250e+01
2.796497726440429688e+01
2.775505828857421875e+01
2.759943580627441406e+01
2.727298355102539062e+01
2.707970809936523438e+01
2.687706184387207031e+01
2.678337287902832031e+01
2.676281738281250000e+01
2.674254798889160156e+01
2.683180427551269531e+01
2.694318962097167969e+01
2.701226806640625000e+01
2.699659919738769531e+01
2.698427581787109375e+01
2.699299812316894531e+01
2.693568611145019531e+01
2.684111595153808594e+01
2.674801445007324219e+01
2.673078346252441406e+01
2.671413803100585938e+01
2.668900680541992188e+01
2.664204025268554688e+01
2.662865257263183594e+01
2.666130828857421875e+01
2.671443748474121094e+01
2.677722358703613281e+01
2.684635734558105469e+01
2.691250419616699219e+01
2.703743171691894531e+01
2.699670600891113281e+01
2.700944137573242188e+01
2.703133964538574219e+01
2.704356384277343750e+01
2.703825569152832031e+01
2.699925804138183594e+01
2.699329948425292969e+01
2.698876380920410156e+01
2.698287773132324219e+01
2.685157012939453125e+01
2.668110275268554688e+01
2.652508735656738281e+01
2.643591499328613281e+01
2.638672828674316406e+01
2.639303779602050781e+01
2.637337684631347656e+01
2.634529495239257812e+01
2.625510787963867188e+01
2.626680564880371094e+01
2.627079772949218750e+01
2.631493186950683594e+01
2.641037368774414062e+01
2.652468299865722656e+01
2.661115646362304688e+01
2.662361145019531250e+01
2.670584106445312500e+01
2.667352676391601562e+01
2.664924240112304688e+01
2.647747611999511719e+01
2.640258216857910156e+01
2.645169830322265625e+01
2.667493629455566406e+01
2.682431793212890625e+01
2.658229064941406250e+01
2.647508430480957031e+01
2.613149642944335938e+01
2.605652046203613281e+01
2.623460769653320312e+01
2.642855644226074219e+01
2.668913269042968750e+01
2.645134162902832031e+01
2.645225715637207031e+01
2.654061508178710938e+01
2.658537483215332031e+01
2.654974937438964844e+01
2.609828376770019531e+01
