3.250645065307617188e+01
3.282947158813476562e+01
3.340805435180664062e+01
3.367223358154296875e+01
3.322546386718750000e+01
3.262893676757812500e+01
3.249286651611328125e+01
3.281456375122070312e+01
3.307123184204101562e+01
3.327209854125976562e+01
3.319104766845703125e+01
3.317669296264648438e+01
3.314654922485351562e+01
3.320829010009765625e+01
3.320252227783203125e+01
3.328274917602539062e+01
3.344451904296875000e+01
3.340137100219726562e+01
3.316779708862304688e+01
3.295272064208984375e+01
3.290362930297851562e+01
3.289234161376953125e+01
3.291386795043945312e+01
3.284189605712890625e+01
3.283678054809570312e+01
3.293333435058593750e+01
3.293935775756835938e+01
3.299930572509765625e+01
3.308319473266601562e+01
3.327033996582031250e+01
3.327287292480468750e+01
3.321238327026367188e+01
3.317245483398437500e+01
3.333217239379882812e+01
3.335910797119140625e+01
3.336271286010742188e+01
3.334828948974609375e+01
3.327989578247070312e+01
3.316753387451171875e+01
3.318315505981445312e+01
3.318391036987304688e+01
3.323032760620117188e+01
3.329652404785156250e+01
3.330530166625976562e+01
3.337549209594726562e+01
3.324353408813476562e+01
3.310302734375000000e+01
3.313877105712890625e+01
3.314881896972656250e+01
3.311148452758789062e+01
3.303413009643554688e+01
3.354106521606445312e+01
3.371111297607421875e+01
3.383594131469726562e+01
3.377925109863281250e+01
3.380712509155273438e+01
3.369855117797851562e+01
3.353764724731445312e+01
3.348786163330078125e+01
3.344915008544921875e+01
3.329492950439453125e+01
3.318404769897460938e+01
3.312911987304687500e+01
3.317226409912109375e+01
3.315531921386718750e+01
3.326760482788085938e+01
3.342330169677734375e+01
3.340224075317382812e+01
3.326921844482421875e+01
3.312311935424804688e+01
3.311735534667968750e+01
3.318413543701171875e+01
3.324578475952148438e+01
3.311452865600585938e+01
3.307449340820312500e+01
3.311357879638671875e+01
3.317441940307617188e+01
3.325229263305664062e+01
3.322215652465820312e+01
3.322259902954101562e+01
3.321714782714843750e+01
3.315341567993164062e+01
3.316446304321289062e+01
3.325154113769531250e+01
3.339720535278320312e+01
3.346615219116210938e+01
3.365996932983398438e+01
3.350039291381835938e+01
3.335272598266601562e+01
3.353928756713867188e+01
3.375958251953125000e+01
3.370385742187500000e+01
3.367700576782226562e+01
3.381440353393554688e+01
3.384397888183593750e+01
3.399966812133789062e+01
3.405206298828125000e+01
3.378938674926757812e+01
3.352823638916015625e+01
3.347092437744140625e+01
3.392373275756835938e+01
3.366963195800781250e+01
3.330113601684570312e+01
3.326335525512695312e+01
3.312933731079101562e+01
3.296062850952148438e+01
