2.850724029541015625e+01
3.002640533447265625e+01
2.825090408325195312e+01
2.772980880737304688e+01
2.757102394104003906e+01
2.774958610534667969e+01
2.808088302612304688e+01
2.820679473876953125e+01
2.820057678222656250e+01
2.830758857727050781e+01
2.828046417236328125e+01
2.802059364318847656e+01
2.777293205261230469e+01
2.772187042236328125e+01
2.775235939025878906e+01
2.795575332641601562e+01
2.825340652465820312e+01
2.852407073974609375e+01
2.861811065673828125e+01
2.851453971862792969e+01
2.840261840820312500e+01
2.829870796203613281e+01
2.819787597656250000e+01
2.806327819824218750e+01
2.803291702270507812e+01
2.839279556274414062e+01
2.868717956542968750e+01
2.884014892578125000e+01
2.877234649658203125e+01
2.864147949218750000e+01
2.831462097167968750e+01
2.807265281677246094e+01
2.792007446289062500e+01
2.794417381286621094e+01
2.820964431762695312e+01
2.876579093933105469e+01
2.922504425048828125e+01
3.069117546081542969e+01
3.089803886413574219e+01
3.095883178710937500e+01
3.086662292480468750e+01
3.085280799865722656e+01
3.075374984741210938e+01
3.093054771423339844e+01
3.078364372253417969e+01
2.944174003601074219e+01
2.905902862548828125e+01
2.900154685974121094e+01
2.916384124755859375e+01
2.931621170043945312e+01
2.906524276733398438e+01
2.883331680297851562e+01
2.863147926330566406e+01
2.878590202331542969e+01
2.960063552856445312e+01
2.901451873779296875e+01
2.856981277465820312e+01
2.821141624450683594e+01
2.783337593078613281e+01
2.772249984741210938e+01
2.775538635253906250e+01
2.793996429443359375e+01
2.829276657104492188e+01
2.871505165100097656e+01
2.912630271911621094e+01
3.011611366271972656e+01
2.987676811218261719e+01
2.890939140319824219e+01
2.843315887451171875e+01
2.840084838867187500e+01
2.840777778625488281e+01
2.844642639160156250e+01
2.839569664001464844e+01
2.827985763549804688e+01
2.803279876708984375e+01
2.800152397155761719e+01
2.809397125244140625e+01
2.824330329895019531e+01
2.848147583007812500e+01
2.873131561279296875e+01
2.879977989196777344e+01
2.870845413208007812e+01
2.879035949707031250e+01
2.897013473510742188e+01
2.919014930725097656e+01
2.911926269531250000e+01
2.874981307983398438e+01
2.872534751892089844e+01
2.880876922607421875e+01
2.905573654174804688e+01
2.923958396911621094e+01
2.898579216003417969e+01
2.883140945434570312e+01
2.899962997436523438e+01
2.947237968444824219e+01
2.973303413391113281e+01
2.937984657287597656e+01
2.943777656555175781e+01
2.913970375061035156e+01
2.956064987182617188e+01
2.784502601623535156e+01
2.770002365112304688e+01
2.865312004089355469e+01
2.990018081665039062e+01
3.059198188781738281e+01
2.735928535461425781e+01
2.707711791992187500e+01
