3.024092674255371094e+01
3.030082321166992188e+01
3.055046272277832031e+01
3.077628135681152344e+01
3.046990203857421875e+01
3.051275253295898438e+01
3.041095924377441406e+01
3.017649078369140625e+01
3.019486618041992188e+01
3.048771095275878906e+01
3.080348777770996094e+01
3.103129386901855469e+01
3.123231315612792969e+01
3.148252105712890625e+01
3.091125488281250000e+01
3.043908500671386719e+01
3.068963241577148438e+01
3.102038002014160156e+01
3.080908393859863281e+01
3.015156364440917969e+01
2.996423912048339844e+01
3.020390129089355469e+01
3.042707443237304688e+01
3.056437683105468750e+01
3.065005874633789062e+01
3.079662322998046875e+01
3.010061264038085938e+01
2.959048271179199219e+01
2.947540855407714844e+01
2.932527160644531250e+01
2.920108413696289062e+01
2.920616340637207031e+01
2.921079254150390625e+01
2.918028450012207031e+01
2.925204658508300781e+01
2.924653625488281250e+01
2.920256042480468750e+01
2.939723968505859375e+01
2.945211410522460938e+01
2.942831611633300781e+01
2.950525665283203125e+01
2.970473098754882812e+01
2.992508316040039062e+01
3.005665206909179688e+01
3.011548233032226562e+01
2.998135375976562500e+01
2.984653663635253906e+01
2.974849510192871094e+01
2.998083877563476562e+01
3.042827606201171875e+01
3.194332122802734375e+01
3.208611679077148438e+01
3.194053840637207031e+01
3.141331291198730469e+01
3.086881828308105469e+01
3.013623428344726562e+01
2.987268066406250000e+01
2.982646179199218750e+01
2.990477752685546875e+01
2.978309822082519531e+01
2.970261764526367188e+01
2.955566596984863281e+01
2.942521476745605469e+01
2.946725082397460938e+01
2.946325683593750000e+01
2.948268318176269531e+01
2.964226341247558594e+01
2.972503089904785156e+01
2.979240226745605469e+01
2.991868400573730469e+01
2.998522758483886719e+01
3.007657623291015625e+01
2.998500251770019531e+01
2.989881896972656250e+01
2.977033042907714844e+01
2.972576522827148438e+01
2.985622024536132812e+01
2.986918640136718750e+01
2.973410797119140625e+01
2.946256065368652344e+01
2.945956420898437500e+01
2.964200019836425781e+01
2.972854042053222656e+01
2.964601135253906250e+01
2.921919059753417969e+01
2.896199035644531250e+01
2.908452796936035156e+01
2.948743629455566406e+01
2.988688087463378906e+01
3.029905700683593750e+01
3.064846992492675781e+01
3.087869644165039062e+01
3.075165557861328125e+01
3.112894630432128906e+01
3.107499694824218750e+01
3.089582061767578125e+01
3.066586685180664062e+01
3.061484527587890625e+01
3.069829940795898438e+01
3.073952102661132812e+01
3.107962608337402344e+01
3.088147544860839844e+01
2.995084762573242188e+01
3.015015411376953125e+01
3.004839706420898438e+01
