2.723574066162109375e+01
2.751902770996093750e+01
2.807643699645996094e+01
2.829607963562011719e+01
2.810722732543945312e+01
2.805269241333007812e+01
2.779970169067382812e+01
2.768613815307617188e+01
2.770682907104492188e+01
2.711471557617187500e+01
2.682939720153808594e+01
2.671095657348632812e+01
2.661688041687011719e+01
2.656053924560546875e+01
2.663187408447265625e+01
2.671078681945800781e+01
2.676548576354980469e+01
2.661181068420410156e+01
2.661107063293457031e+01
2.677166557312011719e+01
2.678900146484375000e+01
2.680743980407714844e+01
2.684224891662597656e+01
2.690033721923828125e+01
2.697536277770996094e+01
2.691236877441406250e+01
2.673493194580078125e+01
2.657027053833007812e+01
2.646126937866210938e+01
2.637794494628906250e+01
2.639560317993164062e+01
2.636745071411132812e+01
2.642439079284667969e+01
2.645055007934570312e+01
2.648149871826171875e+01
2.652147102355957031e+01
2.648717689514160156e+01
2.648080825805664062e+01
2.654697036743164062e+01
2.678171730041503906e+01
2.702219581604003906e+01
2.713677787780761719e+01
2.722046089172363281e+01
2.727764892578125000e+01
2.734750175476074219e+01
2.739255332946777344e+01
2.751304817199707031e+01
2.759720420837402344e+01
2.771774673461914062e+01
2.799328422546386719e+01
2.814462661743164062e+01
2.813343429565429688e+01
2.805499076843261719e+01
2.817786216735839844e+01
2.817093276977539062e+01
2.799322700500488281e+01
2.774238014221191406e+01
2.757762908935546875e+01
2.728311538696289062e+01
2.716924667358398438e+01
2.710529899597167969e+01
2.707566452026367188e+01
2.695644760131835938e+01
2.691042137145996094e+01
2.693547439575195312e+01
2.696507453918457031e+01
2.696881294250488281e+01
2.694565010070800781e+01
2.689155769348144531e+01
2.680986785888671875e+01
2.673611068725585938e+01
2.671960639953613281e+01
2.668016052246093750e+01
2.677877998352050781e+01
2.684985923767089844e+01
2.685347175598144531e+01
2.686455154418945312e+01
2.688298797607421875e+01
2.706197166442871094e+01
2.729683876037597656e+01
2.743681907653808594e+01
2.751283073425292969e+01
2.760641098022460938e+01
2.773513031005859375e+01
2.780790519714355469e+01
2.785752487182617188e+01
2.782186126708984375e+01
2.771921348571777344e+01
2.769613838195800781e+01
2.766629600524902344e+01
2.763120460510253906e+01
2.753502273559570312e+01
2.752157783508300781e+01
2.752495002746582031e+01
2.750498962402343750e+01
2.756260871887207031e+01
2.738818168640136719e+01
2.733007431030273438e+01
2.731593704223632812e+01
2.705028533935546875e+01
2.701020622253417969e+01
2.695985603332519531e+01
2.659326362609863281e+01
2.635401535034179688e+01
2.611943435668945312e+01
2.582176208496093750e+01
