3.067939567565917969e+01
3.040307235717773438e+01
3.021476745605468750e+01
2.987501525878906250e+01
2.993862724304199219e+01
3.020927047729492188e+01
3.068811988830566406e+01
3.085123825073242188e+01
3.100424194335937500e+01
3.113035202026367188e+01
3.106766891479492188e+01
3.085804748535156250e+01
3.042945289611816406e+01
3.015094947814941406e+01
3.014702987670898438e+01
3.051053810119628906e+01
3.100845527648925781e+01
3.097888183593750000e+01
3.090792655944824219e+01
3.073080825805664062e+01
3.068564224243164062e+01
3.060009765625000000e+01
3.032101058959960938e+01
2.994726181030273438e+01
3.016559982299804688e+01
3.013436889648437500e+01
3.004430389404296875e+01
3.007078552246093750e+01
3.017432975769042969e+01
2.993489456176757812e+01
2.961857604980468750e+01
2.933415985107421875e+01
2.915415573120117188e+01
2.877698898315429688e+01
2.846755027770996094e+01
2.840135383605957031e+01
2.844171905517578125e+01
2.845298385620117188e+01
2.847780799865722656e+01
2.843951034545898438e+01
2.836420249938964844e+01
2.847670936584472656e+01
2.874925804138183594e+01
2.900279617309570312e+01
2.928711891174316406e+01
2.907593727111816406e+01
2.909483146667480469e+01
2.952315902709960938e+01
2.995968246459960938e+01
2.985936546325683594e+01
2.984319496154785156e+01
2.946929359436035156e+01
2.948281097412109375e+01
2.835480690002441406e+01
2.862453842163085938e+01
2.878671646118164062e+01
2.896672058105468750e+01
2.913269996643066406e+01
2.915794181823730469e+01
2.892066192626953125e+01
2.873297309875488281e+01
2.856160545349121094e+01
2.846487045288085938e+01
2.845176887512207031e+01
2.843918418884277344e+01
2.861062240600585938e+01
2.861037445068359375e+01
2.856248092651367188e+01
2.854953956604003906e+01
2.848468208312988281e+01
2.839419364929199219e+01
2.843029785156250000e+01
2.849461746215820312e+01
2.844568634033203125e+01
2.843972587585449219e+01
2.853196144104003906e+01
2.919396972656250000e+01
2.986142539978027344e+01
3.015106391906738281e+01
3.021951103210449219e+01
3.012660789489746094e+01
2.985921096801757812e+01
2.953406715393066406e+01
2.927401351928710938e+01
2.939517593383789062e+01
2.947410392761230469e+01
2.989643096923828125e+01
3.044901847839355469e+01
3.015550804138183594e+01
2.972890472412109375e+01
2.983329010009765625e+01
2.992694664001464844e+01
2.991485786437988281e+01
2.985936164855957031e+01
2.993436813354492188e+01
2.988400650024414062e+01
2.995255470275878906e+01
2.973557281494140625e+01
2.928003501892089844e+01
2.891841697692871094e+01
2.860838508605957031e+01
2.844923019409179688e+01
2.829515647888183594e+01
2.865655136108398438e+01
