3.355459976196289062e+01
3.476163864135742188e+01
3.643556976318359375e+01
3.423676681518554688e+01
3.466995239257812500e+01
3.607143020629882812e+01
3.594905090332031250e+01
3.651885986328125000e+01
3.601556777954101562e+01
3.586599349975585938e+01
3.629563522338867188e+01
3.573119735717773438e+01
3.579971694946289062e+01
3.672418594360351562e+01
3.586291503906250000e+01
3.409671020507812500e+01
3.404470443725585938e+01
3.460544204711914062e+01
3.507011032104492188e+01
3.496560668945312500e+01
3.479004669189453125e+01
3.475746917724609375e+01
3.479719924926757812e+01
3.426128387451171875e+01
3.388571548461914062e+01
3.400178909301757812e+01
3.406357192993164062e+01
3.404794692993164062e+01
3.430758285522460938e+01
3.423086166381835938e+01
3.410642623901367188e+01
3.431298446655273438e+01
3.446665573120117188e+01
3.441539001464843750e+01
3.470941925048828125e+01
3.587043380737304688e+01
3.615699768066406250e+01
3.648661041259765625e+01
3.641903686523437500e+01
3.621886062622070312e+01
3.576713562011718750e+01
3.492156982421875000e+01
3.412878036499023438e+01
3.384563446044921875e+01
3.398360443115234375e+01
3.456355667114257812e+01
3.552909851074218750e+01
3.579330444335937500e+01
3.677869415283203125e+01
3.695172119140625000e+01
3.673606491088867188e+01
3.644074249267578125e+01
3.677499389648437500e+01
3.764781951904296875e+01
3.734683609008789062e+01
3.681521606445312500e+01
3.634061813354492188e+01
3.644346237182617188e+01
3.547266387939453125e+01
3.453601074218750000e+01
3.406906890869140625e+01
3.433361816406250000e+01
3.495758819580078125e+01
3.569594192504882812e+01
3.536700057983398438e+01
3.496187973022460938e+01
3.480852508544921875e+01
3.437873077392578125e+01
3.368169784545898438e+01
3.311563491821289062e+01
3.280524063110351562e+01
3.260153961181640625e+01
3.262491226196289062e+01
3.267204666137695312e+01
3.274335861206054688e+01
3.271569442749023438e+01
3.279690170288085938e+01
3.293936157226562500e+01
3.340275573730468750e+01
3.378146743774414062e+01
3.390037918090820312e+01
3.404997253417968750e+01
3.425439453125000000e+01
3.439454650878906250e+01
3.397939300537109375e+01
3.397278594970703125e+01
3.398674392700195312e+01
3.424583435058593750e+01
3.489692306518554688e+01
3.486614608764648438e+01
3.495853424072265625e+01
3.462957763671875000e+01
3.497429656982421875e+01
3.441574096679687500e+01
3.369148254394531250e+01
3.329732894897460938e+01
3.327132415771484375e+01
3.333430862426757812e+01
3.337182617187500000e+01
3.329336547851562500e+01
3.381220245361328125e+01
