3.256288146972656250e+01
3.272304153442382812e+01
3.254015731811523438e+01
3.243743896484375000e+01
3.241114044189453125e+01
3.275682067871093750e+01
3.312734985351562500e+01
3.328659057617187500e+01
3.364366912841796875e+01
3.368605422973632812e+01
3.357842636108398438e+01
3.360943984985351562e+01
3.364879989624023438e+01
3.377418899536132812e+01
3.385533523559570312e+01
3.383975982666015625e+01
3.405251693725585938e+01
3.451144409179687500e+01
3.481973266601562500e+01
3.485013198852539062e+01
3.486961364746093750e+01
3.483919525146484375e+01
3.479245376586914062e+01
3.475073242187500000e+01
3.432798004150390625e+01
3.398435974121093750e+01
3.380386352539062500e+01
3.392892456054687500e+01
3.419929504394531250e+01
3.428410720825195312e+01
3.430856704711914062e+01
3.428446960449218750e+01
3.418237304687500000e+01
3.400875091552734375e+01
3.389616775512695312e+01
3.374254989624023438e+01
3.376621246337890625e+01
3.376327133178710938e+01
3.382751464843750000e+01
3.399825668334960938e+01
3.406619644165039062e+01
3.410890960693359375e+01
3.414728546142578125e+01
3.420882415771484375e+01
3.405235671997070312e+01
3.403275299072265625e+01
3.401741409301757812e+01
3.423095703125000000e+01
3.467317199707031250e+01
3.509114074707031250e+01
3.437362289428710938e+01
3.390060043334960938e+01
3.442877960205078125e+01
3.448638534545898438e+01
3.441841888427734375e+01
3.440794372558593750e+01
3.480008316040039062e+01
3.480670547485351562e+01
3.506143951416015625e+01
3.531304931640625000e+01
3.550998687744140625e+01
3.546258926391601562e+01
3.545671081542968750e+01
3.537785720825195312e+01
3.521951293945312500e+01
3.513660430908203125e+01
3.497274017333984375e+01
3.468022537231445312e+01
3.475348281860351562e+01
3.476711654663085938e+01
3.478807449340820312e+01
3.479536819458007812e+01
3.451163482666015625e+01
3.436006927490234375e+01
3.406151962280273438e+01
3.393691635131835938e+01
3.414632415771484375e+01
3.441287231445312500e+01
3.415309906005859375e+01
3.394555282592773438e+01
3.405395126342773438e+01
3.421314620971679688e+01
3.435399246215820312e+01
3.441941452026367188e+01
3.428227615356445312e+01
3.423928451538085938e+01
3.418842697143554688e+01
3.409741210937500000e+01
3.402938079833984375e+01
3.425226974487304688e+01
3.448052215576171875e+01
3.421100234985351562e+01
3.400548553466796875e+01
3.391278076171875000e+01
3.400230026245117188e+01
3.398818588256835938e+01
3.393303680419921875e+01
3.411897277832031250e+01
3.422253417968750000e+01
3.416511535644531250e+01
3.394065475463867188e+01
3.408452224731445312e+01
3.408047866821289062e+01
3.423187637329101562e+01
3.428092956542968750e+01
3.398169708251953125e+01
3.405183029174804688e+01
3.382807922363281250e+01
