3.569488525390625000e+01
3.619379425048828125e+01
3.598225021362304688e+01
3.576979827880859375e+01
3.611950683593750000e+01
3.686571121215820312e+01
3.678364944458007812e+01
3.588539123535156250e+01
3.461141967773437500e+01
3.417189788818359375e+01
3.426826477050781250e+01
3.422650909423828125e+01
3.400197601318359375e+01
3.445378494262695312e+01
3.521774673461914062e+01
3.539199066162109375e+01
3.499520874023437500e+01
3.474168395996093750e+01
3.447249984741210938e+01
3.405851364135742188e+01
3.389974975585937500e+01
3.424761962890625000e+01
3.463936996459960938e+01
3.540370941162109375e+01
3.589682769775390625e+01
3.571557235717773438e+01
3.547784042358398438e+01
3.516100311279296875e+01
3.510665130615234375e+01
3.518690872192382812e+01
3.507433700561523438e+01
3.475766754150390625e+01
3.457715225219726562e+01
3.453331756591796875e+01
3.475031661987304688e+01
3.505286407470703125e+01
3.471052169799804688e+01
3.444071197509765625e+01
3.430149459838867188e+01
3.417862319946289062e+01
3.406334304809570312e+01
3.405988311767578125e+01
3.418478775024414062e+01
3.401731872558593750e+01
3.390507888793945312e+01
3.437409591674804688e+01
3.502939605712890625e+01
3.493162536621093750e+01
3.536260604858398438e+01
3.560364151000976562e+01
3.625093078613281250e+01
3.603753662109375000e+01
3.452235031127929688e+01
3.380329132080078125e+01
3.348615646362304688e+01
3.286946487426757812e+01
3.323902893066406250e+01
3.402384948730468750e+01
3.403189086914062500e+01
3.405133819580078125e+01
3.407772064208984375e+01
3.439231491088867188e+01
3.450890350341796875e+01
3.465606689453125000e+01
3.481355667114257812e+01
3.488070678710937500e+01
3.485536956787109375e+01
3.476552963256835938e+01
3.481152725219726562e+01
3.526517105102539062e+01
3.553689193725585938e+01
3.538598632812500000e+01
3.523313903808593750e+01
3.516446304321289062e+01
3.514503860473632812e+01
3.497253417968750000e+01
3.480837631225585938e+01
3.461156845092773438e+01
3.437223052978515625e+01
3.439284133911132812e+01
3.464251327514648438e+01
3.475779342651367188e+01
3.467530441284179688e+01
3.538190460205078125e+01
3.551639938354492188e+01
3.509378433227539062e+01
3.539353942871093750e+01
3.491930770874023438e+01
3.527223205566406250e+01
3.494750595092773438e+01
3.469849014282226562e+01
3.447940063476562500e+01
3.481653594970703125e+01
3.485235977172851562e+01
3.501900863647460938e+01
3.495648574829101562e+01
3.569061279296875000e+01
3.576596832275390625e+01
3.609304809570312500e+01
3.649322509765625000e+01
3.597122573852539062e+01
3.560173034667968750e+01
