2.804769706726074219e+01
2.877942657470703125e+01
2.894673728942871094e+01
2.901834869384765625e+01
2.881756401062011719e+01
2.860515594482421875e+01
2.829511451721191406e+01
2.793177986145019531e+01
2.793961906433105469e+01
2.805440711975097656e+01
2.789217185974121094e+01
2.775687217712402344e+01
2.759126281738281250e+01
2.781802940368652344e+01
2.801051712036132812e+01
2.796713829040527344e+01
2.794846725463867188e+01
2.785976219177246094e+01
2.765256118774414062e+01
2.742091751098632812e+01
2.731642341613769531e+01
2.747974395751953125e+01
2.746097755432128906e+01
2.738427162170410156e+01
2.744700050354003906e+01
2.762182426452636719e+01
2.794766426086425781e+01
2.847455596923828125e+01
2.891605758666992188e+01
2.909463500976562500e+01
2.908769989013671875e+01
2.877707672119140625e+01
2.843096160888671875e+01
2.816844367980957031e+01
2.792517471313476562e+01
2.771589279174804688e+01
2.736459732055664062e+01
2.722450637817382812e+01
2.703597450256347656e+01
2.697032165527343750e+01
2.702929687500000000e+01
2.713700294494628906e+01
2.727009201049804688e+01
2.717100143432617188e+01
2.709924125671386719e+01
2.695465278625488281e+01
2.682203674316406250e+01
2.665595626831054688e+01
2.651132011413574219e+01
2.641291999816894531e+01
2.643939399719238281e+01
2.652055931091308594e+01
2.663396072387695312e+01
2.655547332763671875e+01
2.647997474670410156e+01
2.649114608764648438e+01
2.641993713378906250e+01
2.637331962585449219e+01
2.639407157897949219e+01
2.635839080810546875e+01
2.634656906127929688e+01
2.634695625305175781e+01
2.637899971008300781e+01
2.649635887145996094e+01
2.660077285766601562e+01
2.670968627929687500e+01
2.673553848266601562e+01
2.666317939758300781e+01
2.650953674316406250e+01
2.624259185791015625e+01
2.598721885681152344e+01
2.582297515869140625e+01
2.583679008483886719e+01
2.580242729187011719e+01
2.578767776489257812e+01
2.581957817077636719e+01
2.601622581481933594e+01
2.638402748107910156e+01
2.660679817199707031e+01
2.672471427917480469e+01
2.667238807678222656e+01
2.666911315917968750e+01
2.678553199768066406e+01
2.682026290893554688e+01
2.677033042907714844e+01
2.680330085754394531e+01
2.695184516906738281e+01
2.671550750732421875e+01
2.646803665161132812e+01
2.619990158081054688e+01
2.619465637207031250e+01
2.617104339599609375e+01
2.582261657714843750e+01
2.528303718566894531e+01
2.517860984802246094e+01
2.539988136291503906e+01
2.584916114807128906e+01
2.591871833801269531e+01
2.605800056457519531e+01
2.605030250549316406e+01
