2.426260566711425781e+01
2.437991142272949219e+01
2.455215072631835938e+01
2.464698600769042969e+01
2.467601966857910156e+01
2.461868667602539062e+01
2.459607124328613281e+01
2.466535568237304688e+01
2.453873634338378906e+01
2.443270111083984375e+01
2.433527565002441406e+01
2.438835906982421875e+01
2.453287696838378906e+01
2.471874809265136719e+01
2.479308128356933594e+01
2.486488533020019531e+01
2.503519058227539062e+01
2.500023078918457031e+01
2.510256576538085938e+01
2.507774925231933594e+01
2.493226432800292969e+01
2.472669601440429688e+01
2.465404510498046875e+01
2.480675697326660156e+01
2.491398811340332031e+01
2.506669616699218750e+01
2.503652572631835938e+01
2.506091308593750000e+01
2.510436439514160156e+01
2.512204551696777344e+01
2.507834815979003906e+01
2.498948287963867188e+01
2.493621826171875000e+01
2.491822242736816406e+01
2.491434669494628906e+01
2.494831085205078125e+01
2.498275566101074219e+01
2.500331878662109375e+01
2.501762199401855469e+01
2.506860542297363281e+01
2.507130241394042969e+01
2.504110145568847656e+01
2.499925994873046875e+01
2.501753234863281250e+01
2.514820480346679688e+01
2.524484443664550781e+01
2.526438522338867188e+01
2.524766731262207031e+01
2.516241073608398438e+01
2.499754524230957031e+01
2.490090942382812500e+01
2.486182022094726562e+01
2.484575653076171875e+01
2.483972930908203125e+01
2.480643272399902344e+01
2.481949615478515625e+01
2.478474426269531250e+01
2.484933853149414062e+01
2.487151908874511719e+01
2.489271354675292969e+01
2.476017379760742188e+01
2.470131683349609375e+01
2.472950935363769531e+01
2.473010826110839844e+01
2.478797531127929688e+01
2.474275398254394531e+01
2.474440956115722656e+01
2.484252166748046875e+01
2.498219108581542969e+01
2.507151985168457031e+01
2.506367683410644531e+01
2.495837593078613281e+01
2.490351486206054688e+01
2.486598968505859375e+01
2.478836441040039062e+01
2.468245887756347656e+01
2.450724792480468750e+01
2.439469909667968750e+01
2.433536148071289062e+01
2.430656433105468750e+01
2.421277999877929688e+01
2.413889694213867188e+01
2.415937614440917969e+01
2.417767715454101562e+01
2.428055191040039062e+01
2.434636688232421875e+01
2.444089889526367188e+01
2.454604148864746094e+01
2.463630867004394531e+01
2.467164421081542969e+01
2.465337753295898438e+01
2.464008712768554688e+01
2.458004951477050781e+01
2.459040260314941406e+01
2.455252456665039062e+01
2.437558937072753906e+01
2.432591438293457031e+01
2.425164794921875000e+01
2.438823318481445312e+01
2.459400558471679688e+01
2.468256759643554688e+01
