3.497346878051757812e+01
3.397126388549804688e+01
3.466753005981445312e+01
3.445681381225585938e+01
3.519745635986328125e+01
3.475730895996093750e+01
3.383009338378906250e+01
3.470065689086914062e+01
3.547228622436523438e+01
3.579197311401367188e+01
3.620903778076171875e+01
3.642179870605468750e+01
3.637801742553710938e+01
3.625608062744140625e+01
3.628398513793945312e+01
3.604173660278320312e+01
3.551456832885742188e+01
3.631275558471679688e+01
3.651783370971679688e+01
3.659075546264648438e+01
3.662814712524414062e+01
3.637451171875000000e+01
3.651267242431640625e+01
3.657016754150390625e+01
3.659996795654296875e+01
3.677783584594726562e+01
3.705068588256835938e+01
3.712548065185546875e+01
3.701209259033203125e+01
3.644588088989257812e+01
3.571881484985351562e+01
3.558094024658203125e+01
3.616214752197265625e+01
3.683086013793945312e+01
3.691671752929687500e+01
3.690310668945312500e+01
3.689513015747070312e+01
3.693856048583984375e+01
3.684196853637695312e+01
3.669750976562500000e+01
3.639215469360351562e+01
3.634761047363281250e+01
3.635990905761718750e+01
3.677058410644531250e+01
3.657740020751953125e+01
3.639019012451171875e+01
3.646546554565429688e+01
3.653962326049804688e+01
3.579880905151367188e+01
3.623255920410156250e+01
3.582757949829101562e+01
3.583299636840820312e+01
3.596893692016601562e+01
3.553853607177734375e+01
3.446524429321289062e+01
3.387656021118164062e+01
3.342602157592773438e+01
3.402964401245117188e+01
3.474616622924804688e+01
3.622298812866210938e+01
3.659124374389648438e+01
3.690193557739257812e+01
3.685697174072265625e+01
3.672754287719726562e+01
3.647837448120117188e+01
3.643354797363281250e+01
3.628970336914062500e+01
3.652141571044921875e+01
3.670401382446289062e+01
3.704080963134765625e+01
3.720603942871093750e+01
3.709881591796875000e+01
3.715967178344726562e+01
3.720403671264648438e+01
3.706015396118164062e+01
3.703244018554687500e+01
3.715685653686523438e+01
3.723941421508789062e+01
3.690675735473632812e+01
3.648011398315429688e+01
3.648757553100585938e+01
3.601059722900390625e+01
3.613825607299804688e+01
3.643853759765625000e+01
3.670326614379882812e+01
3.617668533325195312e+01
3.647714614868164062e+01
3.655672073364257812e+01
3.655565261840820312e+01
3.707695388793945312e+01
3.693106842041015625e+01
3.677026748657226562e+01
3.635365676879882812e+01
3.627434921264648438e+01
3.596403884887695312e+01
3.648182296752929688e+01
3.586638641357421875e+01
3.531285476684570312e+01
3.685070800781250000e+01
3.749877548217773438e+01
3.744482040405273438e+01
3.665140151977539062e+01
3.688749313354492188e+01
3.755861663818359375e+01
