3.414006805419921875e+01
3.415696716308593750e+01
3.444795989990234375e+01
3.440348815917968750e+01
3.439073181152343750e+01
3.454860305786132812e+01
3.478964233398437500e+01
3.484143447875976562e+01
3.484080886840820312e+01
3.452539062500000000e+01
3.436987304687500000e+01
3.426657104492187500e+01
3.424603271484375000e+01
3.388920974731445312e+01
3.374375152587890625e+01
3.391958999633789062e+01
3.430424499511718750e+01
3.455304718017578125e+01
3.449781799316406250e+01
3.436930084228515625e+01
3.407753753662109375e+01
3.379709625244140625e+01
3.371221923828125000e+01
3.388246917724609375e+01
3.421710205078125000e+01
3.412950515747070312e+01
3.393579864501953125e+01
3.378728103637695312e+01
3.370169067382812500e+01
3.355880737304687500e+01
3.348299789428710938e+01
3.359316635131835938e+01
3.360682296752929688e+01
3.369209671020507812e+01
3.378358459472656250e+01
3.377641296386718750e+01
3.379811096191406250e+01
3.378975677490234375e+01
3.365125656127929688e+01
3.362361907958984375e+01
3.389227294921875000e+01
3.424445724487304688e+01
3.435050582885742188e+01
3.423004913330078125e+01
3.405941009521484375e+01
3.397074890136718750e+01
3.405424880981445312e+01
3.400908279418945312e+01
3.394208526611328125e+01
3.382468795776367188e+01
3.386231994628906250e+01
3.382518768310546875e+01
3.374093627929687500e+01
3.386447906494140625e+01
3.374000549316406250e+01
3.373077011108398438e+01
3.407482910156250000e+01
3.450535202026367188e+01
3.452980804443359375e+01
3.446155548095703125e+01
3.435405731201171875e+01
3.409909439086914062e+01
3.395847702026367188e+01
3.396114349365234375e+01
3.386845397949218750e+01
3.364183044433593750e+01
3.354644775390625000e+01
3.361579132080078125e+01
3.367457962036132812e+01
3.367129516601562500e+01
3.374995040893554688e+01
3.373341751098632812e+01
3.369752883911132812e+01
3.371667861938476562e+01
3.387489700317382812e+01
3.396743774414062500e+01
3.388151168823242188e+01
3.398826980590820312e+01
3.426059722900390625e+01
3.460272979736328125e+01
3.463521575927734375e+01
3.452253723144531250e+01
3.445210266113281250e+01
3.447855758666992188e+01
3.448222732543945312e+01
3.442749023437500000e+01
3.439300537109375000e+01
3.433583831787109375e+01
3.444977951049804688e+01
3.457038497924804688e+01
3.488909149169921875e+01
3.494412994384765625e+01
3.489878845214843750e+01
3.488901901245117188e+01
3.490024948120117188e+01
3.494329833984375000e+01
3.463925170898437500e+01
3.407941818237304688e+01
3.368560028076171875e+01
3.366262054443359375e+01
3.373121643066406250e+01
3.372334671020507812e+01
3.360540008544921875e+01
3.340669250488281250e+01
3.316439056396484375e+01
3.308536529541015625e+01
3.286055374145507812e+01
3.286274337768554688e+01
