3.490208053588867188e+01
3.488659286499023438e+01
3.487266540527343750e+01
3.477952575683593750e+01
3.493346023559570312e+01
3.495761108398437500e+01
3.498764419555664062e+01
3.506003952026367188e+01
3.492831802368164062e+01
3.453372573852539062e+01
3.423311614990234375e+01
3.435945892333984375e+01
3.479925537109375000e+01
3.515440750122070312e+01
3.540332031250000000e+01
3.533434677124023438e+01
3.531535339355468750e+01
3.506640243530273438e+01
3.493383026123046875e+01
3.502034378051757812e+01
3.513297271728515625e+01
3.509689712524414062e+01
3.498084259033203125e+01
3.501103591918945312e+01
3.508320617675781250e+01
3.495865631103515625e+01
3.490628814697265625e+01
3.490414810180664062e+01
3.487335205078125000e+01
3.476877975463867188e+01
3.462212371826171875e+01
3.459439849853515625e+01
3.468423461914062500e+01
3.469612121582031250e+01
3.462301254272460938e+01
3.462221145629882812e+01
3.471328353881835938e+01
3.478548431396484375e+01
3.485073089599609375e+01
3.480924224853515625e+01
3.478844833374023438e+01
3.472708511352539062e+01
3.478326797485351562e+01
3.482726287841796875e+01
3.484084701538085938e+01
3.503370285034179688e+01
3.517993164062500000e+01
3.522715377807617188e+01
3.521440124511718750e+01
3.507094192504882812e+01
3.497420120239257812e+01
3.495878219604492188e+01
3.495650100708007812e+01
3.493848800659179688e+01
3.487841415405273438e+01
3.491778564453125000e+01
3.493236160278320312e+01
3.491184234619140625e+01
3.488016128540039062e+01
3.484384918212890625e+01
3.472425842285156250e+01
3.469161224365234375e+01
3.478836059570312500e+01
3.497475814819335938e+01
3.507403182983398438e+01
3.495292282104492188e+01
3.469850540161132812e+01
3.459405899047851562e+01
3.467463302612304688e+01
3.493074417114257812e+01
3.504034805297851562e+01
3.512940979003906250e+01
3.519595336914062500e+01
3.504074478149414062e+01
3.485858154296875000e+01
3.490956878662109375e+01
3.497801208496093750e+01
3.476680755615234375e+01
3.459724426269531250e+01
3.466073989868164062e+01
3.485300064086914062e+01
3.516772842407226562e+01
3.539214706420898438e+01
3.566981887817382812e+01
3.565317916870117188e+01
3.575143814086914062e+01
3.588779449462890625e+01
3.548919677734375000e+01
3.500931930541992188e+01
3.515846633911132812e+01
3.537908172607421875e+01
3.550161743164062500e+01
3.509964752197265625e+01
3.482524108886718750e+01
