3.176390838623046875e+01
3.157910919189453125e+01
3.140143585205078125e+01
3.129096603393554688e+01
3.132126617431640625e+01
3.122425842285156250e+01
3.125175476074218750e+01
3.138479232788085938e+01
3.128542709350585938e+01
3.121276283264160156e+01
3.116622734069824219e+01
3.134528732299804688e+01
3.135951805114746094e+01
3.116342163085937500e+01
3.100529670715332031e+01
3.081469917297363281e+01
3.077604293823242188e+01
3.077500343322753906e+01
3.085541915893554688e+01
3.091873168945312500e+01
3.090238952636718750e+01
3.098194694519042969e+01
3.115950393676757812e+01
3.137272262573242188e+01
3.160732841491699219e+01
3.188418197631835938e+01
3.237438964843750000e+01
3.227509307861328125e+01
3.230425643920898438e+01
3.213663482666015625e+01
3.181801033020019531e+01
3.173700523376464844e+01
3.221321868896484375e+01
3.269639587402343750e+01
3.227405929565429688e+01
3.149819946289062500e+01
3.130705261230468750e+01
3.142535972595214844e+01
3.174295425415039062e+01
3.197342681884765625e+01
3.218083953857421875e+01
3.246130752563476562e+01
3.230804443359375000e+01
3.229677200317382812e+01
3.215690612792968750e+01
3.163290977478027344e+01
3.162590980529785156e+01
3.163177299499511719e+01
3.142153358459472656e+01
3.135381889343261719e+01
3.129342651367187500e+01
3.128818130493164062e+01
3.143301582336425781e+01
3.148790740966796875e+01
3.145355796813964844e+01
3.143514823913574219e+01
3.177939224243164062e+01
3.170120048522949219e+01
3.159886932373046875e+01
3.128997993469238281e+01
3.122679901123046875e+01
3.133327484130859375e+01
3.145471191406250000e+01
3.192973327636718750e+01
3.197095680236816406e+01
3.160245513916015625e+01
3.137545204162597656e+01
3.122163772583007812e+01
3.132995033264160156e+01
3.146369934082031250e+01
3.150804710388183594e+01
3.148510742187500000e+01
3.140853309631347656e+01
3.130797576904296875e+01
3.134521102905273438e+01
3.116725540161132812e+01
3.116343879699707031e+01
3.119456100463867188e+01
3.139508438110351562e+01
3.145725440979003906e+01
3.178808975219726562e+01
3.243032836914062500e+01
3.251756286621093750e+01
3.249208831787109375e+01
3.269400787353515625e+01
3.287833404541015625e+01
3.293864059448242188e+01
3.285445785522460938e+01
3.280826950073242188e+01
3.275947570800781250e+01
3.291311645507812500e+01
3.230755615234375000e+01
