3.403573226928710938e+01
3.512999725341796875e+01
3.562445831298828125e+01
3.496247863769531250e+01
3.523068237304687500e+01
3.472985076904296875e+01
3.572374725341796875e+01
3.650095748901367188e+01
3.663698196411132812e+01
3.593838882446289062e+01
3.549470138549804688e+01
3.566131973266601562e+01
3.635865783691406250e+01
3.559166717529296875e+01
3.496289062500000000e+01
3.453021240234375000e+01
3.404965972900390625e+01
3.372630691528320312e+01
3.366635131835937500e+01
3.390129852294921875e+01
3.397206497192382812e+01
3.394133377075195312e+01
3.428223419189453125e+01
3.512039947509765625e+01
3.585468292236328125e+01
3.609627151489257812e+01
3.572379302978515625e+01
3.508449172973632812e+01
3.502029800415039062e+01
3.568743515014648438e+01
3.545476150512695312e+01
3.538643646240234375e+01
3.536768722534179688e+01
3.542446517944335938e+01
3.566519927978515625e+01
3.544054794311523438e+01
3.499195861816406250e+01
3.458848953247070312e+01
3.454824447631835938e+01
3.446969604492187500e+01
3.473589706420898438e+01
3.506920623779296875e+01
3.485876846313476562e+01
3.551103973388671875e+01
3.604157638549804688e+01
3.594152069091796875e+01
3.567745971679687500e+01
3.553381729125976562e+01
3.661157226562500000e+01
3.682294845581054688e+01
3.692234420776367188e+01
3.713943481445312500e+01
3.700275039672851562e+01
3.686949157714843750e+01
3.675832366943359375e+01
3.680564880371093750e+01
3.647942733764648438e+01
3.615807723999023438e+01
3.643237304687500000e+01
3.621376419067382812e+01
3.615828704833984375e+01
3.593387985229492188e+01
3.563540267944335938e+01
3.556304168701171875e+01
3.547471618652343750e+01
3.534663391113281250e+01
3.541979217529296875e+01
3.569929122924804688e+01
3.559329605102539062e+01
3.536704254150390625e+01
3.593328475952148438e+01
3.666260910034179688e+01
3.684777069091796875e+01
3.653342437744140625e+01
3.589423370361328125e+01
3.613904953002929688e+01
3.638983535766601562e+01
3.656459808349609375e+01
3.667529296875000000e+01
3.705823898315429688e+01
3.691910934448242188e+01
3.662028884887695312e+01
3.591002655029296875e+01
3.522359848022460938e+01
3.472370910644531250e+01
3.497377014160156250e+01
3.470491790771484375e+01
3.476297378540039062e+01
3.466116333007812500e+01
3.447051239013671875e+01
3.449420928955078125e+01
3.441357040405273438e+01
3.446744155883789062e+01
3.507482910156250000e+01
3.525606536865234375e+01
3.454156112670898438e+01
3.462961959838867188e+01
3.508873367309570312e+01
3.592902374267578125e+01
3.614311599731445312e+01
3.575528335571289062e+01
3.540618515014648438e+01
3.484028244018554688e+01
3.460692596435546875e+01
