3.277473449707031250e+01
3.270211029052734375e+01
3.275250244140625000e+01
3.274641418457031250e+01
3.242325210571289062e+01
3.221362304687500000e+01
3.214209747314453125e+01
3.217350769042968750e+01
3.251750183105468750e+01
3.274389648437500000e+01
3.257565689086914062e+01
3.233618927001953125e+01
3.240234756469726562e+01
3.288525009155273438e+01
3.308908843994140625e+01
3.308198547363281250e+01
3.308358764648437500e+01
3.306127929687500000e+01
3.299167251586914062e+01
3.264379882812500000e+01
3.228654861450195312e+01
3.233238983154296875e+01
3.258457565307617188e+01
3.287206268310546875e+01
3.293448257446289062e+01
3.325410461425781250e+01
3.348466873168945312e+01
3.368333053588867188e+01
3.377360916137695312e+01
3.379061889648437500e+01
3.381387710571289062e+01
3.377605438232421875e+01
3.381522369384765625e+01
3.389904022216796875e+01
3.405271148681640625e+01
3.432217788696289062e+01
3.436529541015625000e+01
3.439729309082031250e+01
3.445431900024414062e+01
3.472840499877929688e+01
3.523686981201171875e+01
3.527311325073242188e+01
3.503020477294921875e+01
3.512860107421875000e+01
3.489786529541015625e+01
3.461819076538085938e+01
3.445836639404296875e+01
3.437062454223632812e+01
3.415615844726562500e+01
3.380791854858398438e+01
3.352897644042968750e+01
3.326232528686523438e+01
3.314833068847656250e+01
3.348519134521484375e+01
3.363760375976562500e+01
3.365026473999023438e+01
3.351495361328125000e+01
3.343923187255859375e+01
3.341190338134765625e+01
3.336090850830078125e+01
3.332123184204101562e+01
3.342033386230468750e+01
3.348721694946289062e+01
3.349506378173828125e+01
3.354763793945312500e+01
3.350540161132812500e+01
3.323760223388671875e+01
3.316531372070312500e+01
3.311899948120117188e+01
3.299710464477539062e+01
3.263279724121093750e+01
3.302719879150390625e+01
3.360937118530273438e+01
3.356184005737304688e+01
3.340305709838867188e+01
3.378012466430664062e+01
3.424779510498046875e+01
3.426461029052734375e+01
3.377613449096679688e+01
3.355067443847656250e+01
3.355598831176757812e+01
3.342157363891601562e+01
3.340074539184570312e+01
3.339988327026367188e+01
3.365178298950195312e+01
3.365566635131835938e+01
3.323968505859375000e+01
3.256374359130859375e+01
3.339536666870117188e+01
3.359231185913085938e+01
3.301364517211914062e+01
3.247642517089843750e+01
3.208081817626953125e+01
