3.026693725585937500e+01
3.023011589050292969e+01
3.041074562072753906e+01
3.028493690490722656e+01
3.013079261779785156e+01
2.999353027343750000e+01
3.006162261962890625e+01
3.005260276794433594e+01
3.023858451843261719e+01
3.069299888610839844e+01
3.106035041809082031e+01
3.128190231323242188e+01
3.154367828369140625e+01
3.183569526672363281e+01
3.169330024719238281e+01
3.145141792297363281e+01
3.107330513000488281e+01
3.088801765441894531e+01
3.100990295410156250e+01
3.128973007202148438e+01
3.156230354309082031e+01
3.181031799316406250e+01
3.165813636779785156e+01
3.130978393554687500e+01
3.119203567504882812e+01
3.105485534667968750e+01
3.085261154174804688e+01
3.070851898193359375e+01
3.071840858459472656e+01
3.083238792419433594e+01
3.080202484130859375e+01
3.073070526123046875e+01
3.079070472717285156e+01
3.093291473388671875e+01
3.110051345825195312e+01
3.125715637207031250e+01
3.134529685974121094e+01
3.135566902160644531e+01
3.129388046264648438e+01
3.132390022277832031e+01
3.143723869323730469e+01
3.134768676757812500e+01
3.120998382568359375e+01
3.130541801452636719e+01
3.146191024780273438e+01
3.157262039184570312e+01
3.146570396423339844e+01
3.148515510559082031e+01
3.153543281555175781e+01
3.149709701538085938e+01
3.159317588806152344e+01
3.156628417968750000e+01
3.147227287292480469e+01
3.151689720153808594e+01
3.157700347900390625e+01
3.145879364013671875e+01
3.123330688476562500e+01
3.098172760009765625e+01
3.064037322998046875e+01
3.024848175048828125e+01
3.004500198364257812e+01
2.997927284240722656e+01
2.990707206726074219e+01
2.993268013000488281e+01
2.992263221740722656e+01
2.991753578186035156e+01
2.976762008666992188e+01
2.974449729919433594e+01
2.966984176635742188e+01
2.955054855346679688e+01
2.945270538330078125e+01
2.945552825927734375e+01
2.971757698059082031e+01
2.998509979248046875e+01
3.002071380615234375e+01
2.987145042419433594e+01
2.974445152282714844e+01
2.987662315368652344e+01
2.991408729553222656e+01
2.992674255371093750e+01
3.005852317810058594e+01
3.006518363952636719e+01
3.012040710449218750e+01
3.012327384948730469e+01
2.995423507690429688e+01
2.994282722473144531e+01
3.014974212646484375e+01
3.019044494628906250e+01
2.993179512023925781e+01
2.996590995788574219e+01
2.985152626037597656e+01
2.971870994567871094e+01
2.960656738281250000e+01
2.959529495239257812e+01
2.948145294189453125e+01
2.926348686218261719e+01
2.922464561462402344e+01
2.949136924743652344e+01
2.951073646545410156e+01
2.930718803405761719e+01
2.905071830749511719e+01
2.886279106140136719e+01
2.865171623229980469e+01
2.853443717956542969e+01
2.865323638916015625e+01
2.879056930541992188e+01
2.876923561096191406e+01
2.876278305053710938e+01
2.900831985473632812e+01
