3.524039840698242188e+01
3.489969253540039062e+01
3.459919738769531250e+01
3.459547042846679688e+01
3.513982391357421875e+01
3.634774780273437500e+01
3.692190551757812500e+01
3.675442886352539062e+01
3.707248306274414062e+01
3.693456268310546875e+01
3.717955017089843750e+01
3.740489196777343750e+01
3.739005279541015625e+01
3.710108947753906250e+01
3.714747619628906250e+01
3.729247283935546875e+01
3.719353866577148438e+01
3.703374862670898438e+01
3.685422134399414062e+01
3.680252075195312500e+01
3.704404830932617188e+01
3.748813247680664062e+01
3.773189163208007812e+01
3.784782791137695312e+01
3.779098129272460938e+01
3.763307189941406250e+01
3.727910232543945312e+01
3.612877655029296875e+01
3.519715118408203125e+01
3.504439544677734375e+01
3.511860275268554688e+01
3.526447296142578125e+01
3.548840332031250000e+01
3.560308837890625000e+01
3.590290069580078125e+01
3.628980255126953125e+01
3.634559631347656250e+01
3.616130065917968750e+01
3.625477600097656250e+01
3.611850357055664062e+01
3.600467681884765625e+01
3.597509002685546875e+01
3.572987747192382812e+01
3.571630477905273438e+01
3.627841186523437500e+01
3.646236801147460938e+01
3.632758712768554688e+01
3.632785034179687500e+01
3.638846206665039062e+01
3.632057571411132812e+01
3.615450286865234375e+01
3.596026229858398438e+01
3.584963989257812500e+01
3.573974990844726562e+01
3.641674423217773438e+01
3.715191268920898438e+01
3.733890914916992188e+01
3.713383865356445312e+01
3.688686752319335938e+01
3.691804122924804688e+01
3.694153594970703125e+01
3.677542114257812500e+01
3.662120437622070312e+01
3.627484130859375000e+01
3.629713058471679688e+01
3.653875350952148438e+01
3.644054031372070312e+01
3.588166809082031250e+01
3.549441909790039062e+01
3.602882385253906250e+01
3.669229888916015625e+01
3.694348144531250000e+01
3.702672958374023438e+01
3.714064407348632812e+01
3.713478851318359375e+01
3.688076400756835938e+01
3.666364669799804688e+01
3.673984909057617188e+01
3.653584289550781250e+01
3.678854370117187500e+01
3.722460556030273438e+01
3.732309722900390625e+01
3.741371154785156250e+01
3.726250839233398438e+01
3.741601943969726562e+01
3.750445175170898438e+01
3.736618804931640625e+01
3.724941253662109375e+01
3.702304458618164062e+01
3.685610961914062500e+01
3.662012481689453125e+01
3.708468627929687500e+01
3.787015914916992188e+01
3.763943862915039062e+01
3.659476089477539062e+01
3.575859069824218750e+01
3.563574981689453125e+01
3.581005859375000000e+01
3.604564285278320312e+01
3.637674713134765625e+01
3.607857131958007812e+01
3.577493667602539062e+01
3.581674575805664062e+01
3.633480834960937500e+01
3.723804855346679688e+01
