2.262779045104980469e+01
2.246307182312011719e+01
2.222488212585449219e+01
2.210927391052246094e+01
2.212674331665039062e+01
2.198170471191406250e+01
2.198300743103027344e+01
2.179496765136718750e+01
2.174922752380371094e+01
2.184477996826171875e+01
2.192455291748046875e+01
2.208132171630859375e+01
2.217807769775390625e+01
2.220172119140625000e+01
2.227573394775390625e+01
2.212269020080566406e+01
2.203690910339355469e+01
2.195803260803222656e+01
2.194557762145996094e+01
2.196777915954589844e+01
2.187101364135742188e+01
2.173538589477539062e+01
2.174105834960937500e+01
2.177686309814453125e+01
2.197226142883300781e+01
2.211352348327636719e+01
2.217272949218750000e+01
2.230611419677734375e+01
2.245236778259277344e+01
2.265502929687500000e+01
2.272059822082519531e+01
2.271860694885253906e+01
2.270757675170898438e+01
2.259010887145996094e+01
2.256324386596679688e+01
2.256386947631835938e+01
2.255293655395507812e+01
2.255567550659179688e+01
2.248091316223144531e+01
2.240736961364746094e+01
2.239007377624511719e+01
2.236030387878417969e+01
2.245655441284179688e+01
2.246215248107910156e+01
2.238272857666015625e+01
2.227782249450683594e+01
2.218218421936035156e+01
2.214695930480957031e+01
2.211672592163085938e+01
2.217043304443359375e+01
2.234949493408203125e+01
2.240833091735839844e+01
2.247804069519042969e+01
2.243842887878417969e+01
2.245722389221191406e+01
2.257970809936523438e+01
2.276677131652832031e+01
2.289523315429687500e+01
2.298697280883789062e+01
2.304245567321777344e+01
2.310307312011718750e+01
2.309789848327636719e+01
2.307297706604003906e+01
2.305249595642089844e+01
2.291470909118652344e+01
2.283351898193359375e+01
2.270717811584472656e+01
2.272338294982910156e+01
2.283993530273437500e+01
2.281769752502441406e+01
2.275603485107421875e+01
2.258134269714355469e+01
2.249670982360839844e+01
2.255405616760253906e+01
2.247181320190429688e+01
2.253522109985351562e+01
2.253314781188964844e+01
2.249076461791992188e+01
2.266317367553710938e+01
2.270280647277832031e+01
2.266877365112304688e+01
2.269073867797851562e+01
2.270881843566894531e+01
2.277787017822265625e+01
2.274349784851074219e+01
2.269367027282714844e+01
2.264523124694824219e+01
2.251438140869140625e+01
2.248107910156250000e+01
2.244923782348632812e+01
2.247346687316894531e+01
2.257047271728515625e+01
2.262433242797851562e+01
2.272931289672851562e+01
2.269114303588867188e+01
2.264527130126953125e+01
2.265934944152832031e+01
