2.457138824462890625e+01
2.451981163024902344e+01
2.446730995178222656e+01
2.445843124389648438e+01
2.465186119079589844e+01
2.472294616699218750e+01
2.475388526916503906e+01
2.468982315063476562e+01
2.472754859924316406e+01
2.478129959106445312e+01
2.481711578369140625e+01
2.473931694030761719e+01
2.484406852722167969e+01
2.502619934082031250e+01
2.506073188781738281e+01
2.507304000854492188e+01
2.512628555297851562e+01
2.496216773986816406e+01
2.493223571777343750e+01
2.481012725830078125e+01
2.480457496643066406e+01
2.490423583984375000e+01
2.498235130310058594e+01
2.492240715026855469e+01
2.485239601135253906e+01
2.472337150573730469e+01
2.452791595458984375e+01
2.441294860839843750e+01
2.452440834045410156e+01
2.474072456359863281e+01
2.488059616088867188e+01
2.488055419921875000e+01
2.482728576660156250e+01
2.481471061706542969e+01
2.487743377685546875e+01
2.492694091796875000e+01
2.499004364013671875e+01
2.500841903686523438e+01
2.500527381896972656e+01
2.501195526123046875e+01
2.502842140197753906e+01
2.503291893005371094e+01
2.503414916992187500e+01
2.498490142822265625e+01
2.494704055786132812e+01
2.489643287658691406e+01
2.482669258117675781e+01
2.484341239929199219e+01
2.486151123046875000e+01
2.488456916809082031e+01
2.487342071533203125e+01
2.483148384094238281e+01
2.480987167358398438e+01
2.468787002563476562e+01
2.471673011779785156e+01
2.479046821594238281e+01
2.478861427307128906e+01
2.472949409484863281e+01
2.464704132080078125e+01
2.463795471191406250e+01
2.458775520324707031e+01
2.461462020874023438e+01
2.470480155944824219e+01
2.467125511169433594e+01
2.462269592285156250e+01
2.447271537780761719e+01
2.446333312988281250e+01
2.455256271362304688e+01
2.456670379638671875e+01
2.464531898498535156e+01
2.456257247924804688e+01
2.452282142639160156e+01
2.437334823608398438e+01
2.424304771423339844e+01
2.426398849487304688e+01
2.423833847045898438e+01
2.432922363281250000e+01
2.430463981628417969e+01
2.424810600280761719e+01
2.418661880493164062e+01
2.408819961547851562e+01
2.415140533447265625e+01
2.397199630737304688e+01
2.407152366638183594e+01
2.411071395874023438e+01
2.409095191955566406e+01
2.419437599182128906e+01
2.394820213317871094e+01
2.405777168273925781e+01
2.392651367187500000e+01
2.388358116149902344e+01
