3.327310943603515625e+01
3.341003036499023438e+01
3.356712722778320312e+01
3.366613769531250000e+01
3.378794097900390625e+01
3.394617080688476562e+01
3.392141723632812500e+01
3.342503738403320312e+01
3.236557769775390625e+01
3.171840667724609375e+01
3.174927330017089844e+01
3.185657691955566406e+01
3.295774841308593750e+01
3.411436843872070312e+01
3.430992507934570312e+01
3.346553802490234375e+01
3.347439193725585938e+01
3.396242141723632812e+01
3.408049392700195312e+01
3.394730377197265625e+01
3.386253356933593750e+01
3.388635253906250000e+01
3.395226287841796875e+01
3.407249069213867188e+01
3.432173538208007812e+01
3.465066528320312500e+01
3.475698471069335938e+01
3.475064468383789062e+01
3.487936019897460938e+01
3.473297500610351562e+01
3.477270126342773438e+01
3.483544158935546875e+01
3.487011337280273438e+01
3.489306259155273438e+01
3.518719482421875000e+01
3.547100448608398438e+01
3.555290603637695312e+01
3.520062255859375000e+01
3.492430496215820312e+01
3.473453521728515625e+01
3.468912506103515625e+01
3.475594329833984375e+01
3.507593917846679688e+01
3.567020034790039062e+01
3.547046279907226562e+01
3.486780929565429688e+01
3.442059326171875000e+01
3.423485946655273438e+01
3.423677825927734375e+01
3.425482177734375000e+01
3.439419174194335938e+01
3.436365509033203125e+01
3.403982925415039062e+01
3.381530761718750000e+01
3.369875335693359375e+01
3.375892639160156250e+01
3.386899566650390625e+01
3.413077163696289062e+01
3.432606506347656250e+01
3.447854614257812500e+01
3.466580200195312500e+01
3.475191116333007812e+01
3.444711303710937500e+01
3.425521469116210938e+01
3.423007965087890625e+01
3.418635940551757812e+01
3.416247940063476562e+01
3.417554855346679688e+01
3.412531661987304688e+01
3.446704483032226562e+01
3.448143768310546875e+01
3.418168258666992188e+01
3.416126632690429688e+01
3.423995971679687500e+01
3.437341308593750000e+01
3.432966232299804688e+01
3.431898117065429688e+01
3.418943405151367188e+01
3.420609283447265625e+01
3.450425338745117188e+01
3.461746978759765625e+01
3.444510269165039062e+01
3.431661987304687500e+01
3.440597915649414062e+01
3.423819732666015625e+01
3.446322631835937500e+01
3.414021301269531250e+01
3.347095489501953125e+01
3.319094085693359375e+01
3.334000778198242188e+01
3.346882247924804688e+01
3.379483795166015625e+01
