2.756313133239746094e+01
2.718696212768554688e+01
2.712794113159179688e+01
2.710768508911132812e+01
2.728577613830566406e+01
2.760941314697265625e+01
2.750072669982910156e+01
2.747210693359375000e+01
2.745739746093750000e+01
2.753424644470214844e+01
2.780224990844726562e+01
2.775928878784179688e+01
2.771990776062011719e+01
2.760668182373046875e+01
2.725984573364257812e+01
2.717572021484375000e+01
2.735432243347167969e+01
2.741092109680175781e+01
2.742630767822265625e+01
2.730373001098632812e+01
2.712878417968750000e+01
2.705057907104492188e+01
2.688330078125000000e+01
2.679969024658203125e+01
2.681712341308593750e+01
2.692522811889648438e+01
2.694216346740722656e+01
2.703522872924804688e+01
2.696784973144531250e+01
2.691399383544921875e+01
2.675257110595703125e+01
2.673544692993164062e+01
2.696926307678222656e+01
2.701041030883789062e+01
2.702783012390136719e+01
2.700464248657226562e+01
2.673350906372070312e+01
2.654801177978515625e+01
2.685063934326171875e+01
2.715440750122070312e+01
2.730309295654296875e+01
2.726045799255371094e+01
2.719041442871093750e+01
2.695734214782714844e+01
2.689623641967773438e+01
2.695793151855468750e+01
2.698533630371093750e+01
2.694678115844726562e+01
2.699695205688476562e+01
2.713461303710937500e+01
2.725995826721191406e+01
2.735716819763183594e+01
2.735723495483398438e+01
2.740182685852050781e+01
2.744190597534179688e+01
2.748358726501464844e+01
2.769347000122070312e+01
2.755136108398437500e+01
2.731998252868652344e+01
2.709905624389648438e+01
2.711308670043945312e+01
2.708136558532714844e+01
2.695764160156250000e+01
2.696776771545410156e+01
2.698667907714843750e+01
2.687772750854492188e+01
2.693527984619140625e+01
2.686079025268554688e+01
2.674818611145019531e+01
2.670799255371093750e+01
2.655607414245605469e+01
2.642433357238769531e+01
2.638609886169433594e+01
2.646168518066406250e+01
2.657969856262207031e+01
2.658196640014648438e+01
2.657940483093261719e+01
2.665422058105468750e+01
2.668072891235351562e+01
2.670712280273437500e+01
2.670434570312500000e+01
2.667449951171875000e+01
2.667927360534667969e+01
2.671512603759765625e+01
2.676918411254882812e+01
2.691886138916015625e+01
2.684084701538085938e+01
2.682047653198242188e+01
2.674138259887695312e+01
2.668273353576660156e+01
2.678895568847656250e+01
2.675702667236328125e+01
2.674849510192871094e+01
2.680924224853515625e+01
2.659578323364257812e+01
2.644753646850585938e+01
2.647548866271972656e+01
2.652047729492187500e+01
2.663954925537109375e+01
2.669188690185546875e+01
2.670358467102050781e+01
2.670450973510742188e+01
2.651794815063476562e+01
2.655253219604492188e+01
2.657292175292968750e+01
