3.767370986938476562e+01
3.782011413574218750e+01
3.792858123779296875e+01
3.794685745239257812e+01
3.801274108886718750e+01
3.798050308227539062e+01
3.783326721191406250e+01
3.784760665893554688e+01
3.800830841064453125e+01
3.811560058593750000e+01
3.838114929199218750e+01
3.794437408447265625e+01
3.762622451782226562e+01
3.762096023559570312e+01
3.767385482788085938e+01
3.775865936279296875e+01
3.782349395751953125e+01
3.785956192016601562e+01
3.793542861938476562e+01
3.803609848022460938e+01
3.812305831909179688e+01
3.801919555664062500e+01
3.798489761352539062e+01
3.799996948242187500e+01
3.803280258178710938e+01
3.807934951782226562e+01
3.805150604248046875e+01
3.791218185424804688e+01
3.786521911621093750e+01
3.787872695922851562e+01
3.782383728027343750e+01
3.784927368164062500e+01
3.792467880249023438e+01
3.797920989990234375e+01
3.802889633178710938e+01
3.806131744384765625e+01
3.810081863403320312e+01
3.804598617553710938e+01
3.810129547119140625e+01
3.827956390380859375e+01
3.834285736083984375e+01
3.833508300781250000e+01
3.822379302978515625e+01
3.814344406127929688e+01
3.815801620483398438e+01
3.814354705810546875e+01
3.811229705810546875e+01
3.807268142700195312e+01
3.805032348632812500e+01
3.804892730712890625e+01
3.810324859619140625e+01
3.816172409057617188e+01
3.807030105590820312e+01
3.786893463134765625e+01
3.770689392089843750e+01
3.766584014892578125e+01
3.772400665283203125e+01
3.793070983886718750e+01
3.806838226318359375e+01
3.791744232177734375e+01
3.773072433471679688e+01
3.753353881835937500e+01
3.747803115844726562e+01
3.750544357299804688e+01
3.758801269531250000e+01
3.761680603027343750e+01
3.765546798706054688e+01
3.772332763671875000e+01
3.772939682006835938e+01
3.785450744628906250e+01
3.790475082397460938e+01
3.784851837158203125e+01
3.766729736328125000e+01
3.760132980346679688e+01
3.749876403808593750e+01
3.745326614379882812e+01
3.756425857543945312e+01
3.774226379394531250e+01
3.772774124145507812e+01
3.778796768188476562e+01
3.784669113159179688e+01
3.811872863769531250e+01
3.830238342285156250e+01
3.819950485229492188e+01
3.832081604003906250e+01
3.830536651611328125e+01
3.831021881103515625e+01
3.774769592285156250e+01
3.791516113281250000e+01
3.822487258911132812e+01
3.833258438110351562e+01
3.823344039916992188e+01
3.809408187866210938e+01
3.817097854614257812e+01
3.812041473388671875e+01
3.800159072875976562e+01
3.785552978515625000e+01
