2.519899368286132812e+01
2.511141395568847656e+01
2.511334228515625000e+01
2.491946029663085938e+01
2.488385009765625000e+01
2.485587882995605469e+01
2.487857246398925781e+01
2.483955764770507812e+01
2.480838203430175781e+01
2.482923507690429688e+01
2.458566474914550781e+01
2.457501602172851562e+01
2.453057289123535156e+01
2.446953964233398438e+01
2.463648986816406250e+01
2.453131484985351562e+01
2.443184089660644531e+01
2.433319091796875000e+01
2.422735404968261719e+01
2.427468490600585938e+01
2.428879737854003906e+01
2.428134727478027344e+01
2.417150115966796875e+01
2.398676109313964844e+01
2.394037055969238281e+01
2.382288742065429688e+01
2.368767356872558594e+01
2.325732612609863281e+01
2.283092498779296875e+01
2.277550506591796875e+01
2.307530212402343750e+01
2.316957855224609375e+01
2.304781150817871094e+01
2.332637023925781250e+01
2.342043495178222656e+01
2.345227241516113281e+01
2.357908821105957031e+01
2.379601478576660156e+01
2.371102905273437500e+01
2.364210510253906250e+01
2.366344070434570312e+01
2.366959381103515625e+01
2.366843223571777344e+01
2.358959579467773438e+01
2.363361358642578125e+01
2.381705665588378906e+01
2.394815444946289062e+01
2.403734588623046875e+01
2.412845611572265625e+01
2.422113227844238281e+01
2.429008102416992188e+01
2.436756134033203125e+01
2.445277404785156250e+01
2.441977310180664062e+01
2.446040725708007812e+01
2.456606101989746094e+01
2.460778808593750000e+01
2.472957992553710938e+01
2.487409019470214844e+01
2.488753128051757812e+01
2.495194816589355469e+01
2.499423980712890625e+01
2.497224044799804688e+01
2.498082733154296875e+01
2.477985191345214844e+01
2.470573425292968750e+01
2.469711303710937500e+01
2.477306938171386719e+01
2.483307647705078125e+01
2.490058898925781250e+01
2.499580764770507812e+01
2.500577735900878906e+01
2.506836509704589844e+01
2.496827697753906250e+01
2.487064933776855469e+01
2.452613067626953125e+01
2.426899909973144531e+01
2.427202224731445312e+01
2.438394927978515625e+01
2.460327339172363281e+01
2.477598571777343750e+01
2.471717834472656250e+01
2.474867820739746094e+01
2.444322013854980469e+01
2.428139686584472656e+01
2.402928161621093750e+01
2.397045898437500000e+01
2.434091377258300781e+01
2.375263214111328125e+01
2.423823356628417969e+01
