2.669686126708984375e+01
2.649196624755859375e+01
2.644321632385253906e+01
2.638230323791503906e+01
2.637293434143066406e+01
2.642243957519531250e+01
2.664229583740234375e+01
2.703475570678710938e+01
2.730471420288085938e+01
2.743720626831054688e+01
2.740445709228515625e+01
2.736500930786132812e+01
2.726280975341796875e+01
2.713547706604003906e+01
2.708335685729980469e+01
2.707890129089355469e+01
2.708976173400878906e+01
2.718994140625000000e+01
2.726236724853515625e+01
2.742759704589843750e+01
2.766609191894531250e+01
2.767488670349121094e+01
2.755090522766113281e+01
2.729872512817382812e+01
2.698296928405761719e+01
2.678106117248535156e+01
2.704625129699707031e+01
2.705010795593261719e+01
2.673331069946289062e+01
2.640643310546875000e+01
2.619941711425781250e+01
2.618050193786621094e+01
2.618822479248046875e+01
2.616532897949218750e+01
2.612244415283203125e+01
2.605093955993652344e+01
2.606241989135742188e+01
2.611263656616210938e+01
2.619735336303710938e+01
2.637537765502929688e+01
2.660945129394531250e+01
2.662779998779296875e+01
2.642414474487304688e+01
2.625294876098632812e+01
2.613306236267089844e+01
2.607975006103515625e+01
2.594217109680175781e+01
2.570783233642578125e+01
2.548182868957519531e+01
2.525108146667480469e+01
2.509014320373535156e+01
2.496695137023925781e+01
2.488037872314453125e+01
2.496663093566894531e+01
2.504265975952148438e+01
2.510107612609863281e+01
2.513865470886230469e+01
2.523636817932128906e+01
2.522625541687011719e+01
2.517998123168945312e+01
2.524889755249023438e+01
2.539197349548339844e+01
2.554872703552246094e+01
2.562368583679199219e+01
2.583657646179199219e+01
2.606330871582031250e+01
2.632998275756835938e+01
2.666750907897949219e+01
2.670912933349609375e+01
2.655291366577148438e+01
2.642937850952148438e+01
2.633907508850097656e+01
2.643646621704101562e+01
2.658568763732910156e+01
2.668917655944824219e+01
2.653894042968750000e+01
2.631901550292968750e+01
2.609769630432128906e+01
2.586824417114257812e+01
2.558699798583984375e+01
2.550280570983886719e+01
2.561806106567382812e+01
2.576855659484863281e+01
2.604278755187988281e+01
2.645247650146484375e+01
2.654525566101074219e+01
2.649737358093261719e+01
