3.576487350463867188e+01
3.602783203125000000e+01
3.601846694946289062e+01
3.548661041259765625e+01
3.527629852294921875e+01
3.518782806396484375e+01
3.528727722167968750e+01
3.540756225585937500e+01
3.506328201293945312e+01
3.471501922607421875e+01
3.444479370117187500e+01
3.457350158691406250e+01
3.435873794555664062e+01
3.430774307250976562e+01
3.450691604614257812e+01
3.471281814575195312e+01
3.515150070190429688e+01
3.630493164062500000e+01
3.688705444335937500e+01
3.654001617431640625e+01
3.651508712768554688e+01
3.682920074462890625e+01
3.702406311035156250e+01
3.687042617797851562e+01
3.657812500000000000e+01
3.607956695556640625e+01
3.576928710937500000e+01
3.576152801513671875e+01
3.554346084594726562e+01
3.534418869018554688e+01
3.535967254638671875e+01
3.583503723144531250e+01
3.623661804199218750e+01
3.608925628662109375e+01
3.614685821533203125e+01
3.636098098754882812e+01
3.643027496337890625e+01
3.659878540039062500e+01
3.653231430053710938e+01
3.631933212280273438e+01
3.654228973388671875e+01
3.652964019775390625e+01
3.638755416870117188e+01
3.568320465087890625e+01
3.539011383056640625e+01
3.519417953491210938e+01
3.456026077270507812e+01
3.465076446533203125e+01
3.488646316528320312e+01
3.549173355102539062e+01
3.576541137695312500e+01
3.637058639526367188e+01
3.606246185302734375e+01
3.547115707397460938e+01
3.585786056518554688e+01
3.587026977539062500e+01
3.610849380493164062e+01
3.698573303222656250e+01
3.694668960571289062e+01
3.683959960937500000e+01
3.677829742431640625e+01
3.656380462646484375e+01
3.654277801513671875e+01
3.661024093627929688e+01
3.653124618530273438e+01
3.632608795166015625e+01
3.542109680175781250e+01
3.497893905639648438e+01
3.485447692871093750e+01
3.456187438964843750e+01
3.447139358520507812e+01
3.441696166992187500e+01
3.430182647705078125e+01
3.418789291381835938e+01
3.423145675659179688e+01
3.421030807495117188e+01
3.408144378662109375e+01
3.432233810424804688e+01
3.582734298706054688e+01
3.632804489135742188e+01
3.610586166381835938e+01
3.547422790527343750e+01
3.511485290527343750e+01
3.553007125854492188e+01
3.512150573730468750e+01
3.490208435058593750e+01
3.464926910400390625e+01
3.498563003540039062e+01
3.535791015625000000e+01
3.569570922851562500e+01
