3.255252456665039062e+01
3.238829421997070312e+01
3.263154602050781250e+01
3.298294067382812500e+01
3.246188735961914062e+01
3.189285850524902344e+01
3.163984298706054688e+01
3.167459678649902344e+01
3.185579872131347656e+01
3.208527374267578125e+01
3.242523193359375000e+01
3.313656616210937500e+01
3.344768142700195312e+01
3.365927124023437500e+01
3.367036819458007812e+01
3.361868667602539062e+01
3.356154632568359375e+01
3.323514175415039062e+01
3.331146240234375000e+01
3.294216156005859375e+01
3.187573051452636719e+01
3.121570014953613281e+01
3.114973068237304688e+01
3.148713302612304688e+01
3.209676361083984375e+01
3.261826324462890625e+01
3.300741958618164062e+01
3.292414093017578125e+01
3.297988510131835938e+01
3.303591537475585938e+01
3.304954528808593750e+01
3.306556701660156250e+01
3.320851135253906250e+01
3.330614089965820312e+01
3.311185455322265625e+01
3.279674530029296875e+01
3.250343322753906250e+01
3.239723205566406250e+01
3.217122268676757812e+01
3.179593658447265625e+01
3.142982673645019531e+01
3.130417060852050781e+01
3.110422325134277344e+01
3.097558403015136719e+01
3.100462532043457031e+01
3.107864189147949219e+01
3.120194625854492188e+01
3.133215141296386719e+01
3.126976203918457031e+01
3.140475845336914062e+01
3.149104499816894531e+01
3.157568550109863281e+01
3.155071640014648438e+01
3.156268882751464844e+01
3.156913757324218750e+01
3.123643302917480469e+01
3.113333129882812500e+01
3.114297294616699219e+01
3.093464088439941406e+01
3.092580223083496094e+01
3.094533729553222656e+01
3.091495513916015625e+01
3.089803886413574219e+01
3.105670738220214844e+01
3.136383247375488281e+01
3.158685874938964844e+01
3.201264953613281250e+01
3.259703826904296875e+01
3.301368713378906250e+01
3.303770446777343750e+01
3.302223587036132812e+01
3.303223419189453125e+01
3.308628082275390625e+01
3.306338119506835938e+01
3.304043197631835938e+01
3.307605743408203125e+01
3.312781143188476562e+01
3.310841751098632812e+01
3.296002960205078125e+01
3.294657135009765625e+01
3.306440353393554688e+01
3.306928634643554688e+01
3.303380584716796875e+01
3.274402999877929688e+01
3.237678909301757812e+01
3.221900939941406250e+01
3.248387908935546875e+01
3.268988418579101562e+01
3.287728118896484375e+01
3.308364105224609375e+01
3.296771240234375000e+01
3.288881301879882812e+01
3.293941879272460938e+01
3.289181518554687500e+01
3.280986022949218750e+01
3.282331466674804688e+01
3.289509963989257812e+01
3.287509918212890625e+01
3.251711273193359375e+01
3.202975845336914062e+01
3.185240745544433594e+01
3.198332595825195312e+01
3.191476440429687500e+01
3.217773056030273438e+01
3.272129440307617188e+01
3.294290542602539062e+01
3.313419342041015625e+01
