3.198346900939941406e+01
3.178902244567871094e+01
3.188028144836425781e+01
3.176606941223144531e+01
3.175674057006835938e+01
3.194983482360839844e+01
3.194930839538574219e+01
3.186957359313964844e+01
3.179900550842285156e+01
3.174883460998535156e+01
3.185771751403808594e+01
3.162657928466796875e+01
3.146375465393066406e+01
3.145023155212402344e+01
3.136588478088378906e+01
3.139682197570800781e+01
3.155671882629394531e+01
3.155511283874511719e+01
3.151771545410156250e+01
3.140431022644042969e+01
3.132425117492675781e+01
3.128177261352539062e+01
3.128650283813476562e+01
3.136309432983398438e+01
3.142360496520996094e+01
3.140135955810546875e+01
3.150216293334960938e+01
3.164952659606933594e+01
3.154871177673339844e+01
3.147344207763671875e+01
3.148701095581054688e+01
3.163073921203613281e+01
3.166896820068359375e+01
3.176189994812011719e+01
3.191011619567871094e+01
3.195283126831054688e+01
3.185874938964843750e+01
3.180773162841796875e+01
3.178210449218750000e+01
3.174237823486328125e+01
3.172939300537109375e+01
3.179896354675292969e+01
3.180299186706542969e+01
3.180135536193847656e+01
3.177592658996582031e+01
3.168866920471191406e+01
3.160885429382324219e+01
3.163696098327636719e+01
3.165764045715332031e+01
3.172961997985839844e+01
3.189123725891113281e+01
3.203742599487304688e+01
3.212525177001953125e+01
3.222265243530273438e+01
3.226245117187500000e+01
3.224773788452148438e+01
3.218666076660156250e+01
3.221562194824218750e+01
3.225361251831054688e+01
3.237984085083007812e+01
3.246735382080078125e+01
3.252412796020507812e+01
3.259232330322265625e+01
3.263517761230468750e+01
3.261007308959960938e+01
3.259288024902343750e+01
3.274881362915039062e+01
3.277720642089843750e+01
3.269072723388671875e+01
3.246610260009765625e+01
3.248414230346679688e+01
3.252214431762695312e+01
3.238825225830078125e+01
3.208760070800781250e+01
3.180934715270996094e+01
3.151343154907226562e+01
3.125057220458984375e+01
3.108361625671386719e+01
3.104633140563964844e+01
3.109215164184570312e+01
3.109626007080078125e+01
3.084728622436523438e+01
3.096127700805664062e+01
3.144598197937011719e+01
3.167545700073242188e+01
3.180806159973144531e+01
3.226493072509765625e+01
3.276098632812500000e+01
3.277639007568359375e+01
