3.055253219604492188e+01
3.121349525451660156e+01
3.120984077453613281e+01
3.108557128906250000e+01
3.116034889221191406e+01
3.148867225646972656e+01
3.192407226562500000e+01
3.250065612792968750e+01
3.310697555541992188e+01
3.356691741943359375e+01
3.382213592529296875e+01
3.364579391479492188e+01
3.350641250610351562e+01
3.318465805053710938e+01
3.318459701538085938e+01
3.292426300048828125e+01
3.258004379272460938e+01
3.254847335815429688e+01
3.269496154785156250e+01
3.287375640869140625e+01
3.281997680664062500e+01
3.318324661254882812e+01
3.330521774291992188e+01
3.318476867675781250e+01
3.315579605102539062e+01
3.317083358764648438e+01
3.299272155761718750e+01
3.298770904541015625e+01
3.304204177856445312e+01
3.302048492431640625e+01
3.320364761352539062e+01
3.347788619995117188e+01
3.366223526000976562e+01
3.379253768920898438e+01
3.427069091796875000e+01
3.530970764160156250e+01
3.577434539794921875e+01
3.605208969116210938e+01
3.559157562255859375e+01
3.463621139526367188e+01
3.405026245117187500e+01
3.391352462768554688e+01
3.395656204223632812e+01
3.391273498535156250e+01
3.376696777343750000e+01
3.361683654785156250e+01
3.365062332153320312e+01
3.398309707641601562e+01
3.420878219604492188e+01
3.418696212768554688e+01
3.428233718872070312e+01
3.442659759521484375e+01
3.452939605712890625e+01
3.455202102661132812e+01
3.440189361572265625e+01
3.401661300659179688e+01
3.354912567138671875e+01
3.345096206665039062e+01
3.363450622558593750e+01
3.365787887573242188e+01
3.360575866699218750e+01
3.380724716186523438e+01
3.399966430664062500e+01
3.389909744262695312e+01
3.367518615722656250e+01
3.350957489013671875e+01
3.372124481201171875e+01
3.385625457763671875e+01
3.384503555297851562e+01
3.385788726806640625e+01
3.393973159790039062e+01
3.411257934570312500e+01
3.452447509765625000e+01
3.486202239990234375e+01
3.471945953369140625e+01
3.444329071044921875e+01
3.415663528442382812e+01
3.397805404663085938e+01
3.388956451416015625e+01
3.386714553833007812e+01
3.373636627197265625e+01
3.367064285278320312e+01
3.367844009399414062e+01
3.376812362670898438e+01
3.394729232788085938e+01
3.400663375854492188e+01
3.377384185791015625e+01
3.353135299682617188e+01
3.335346984863281250e+01
3.312273025512695312e+01
3.306118774414062500e+01
3.307931137084960938e+01
3.347006607055664062e+01
3.401298904418945312e+01
3.469576644897460938e+01
3.477847290039062500e+01
3.477616119384765625e+01
3.426464462280273438e+01
3.405055236816406250e+01
3.367189788818359375e+01
3.323355484008789062e+01
3.293959426879882812e+01
3.245679473876953125e+01
3.222153472900390625e+01
3.209083938598632812e+01
3.151677894592285156e+01
3.092636680603027344e+01
