3.423511505126953125e+01
3.429634475708007812e+01
3.469935226440429688e+01
3.525798797607421875e+01
3.579026794433593750e+01
3.689036560058593750e+01
3.716889190673828125e+01
3.634619522094726562e+01
3.521622848510742188e+01
3.480401229858398438e+01
3.462852096557617188e+01
3.503331375122070312e+01
3.653141784667968750e+01
3.735074234008789062e+01
3.709177017211914062e+01
3.661341094970703125e+01
3.625406265258789062e+01
3.620383071899414062e+01
3.584855651855468750e+01
3.566141128540039062e+01
3.577466201782226562e+01
3.629017639160156250e+01
3.590166091918945312e+01
3.573814773559570312e+01
3.562765121459960938e+01
3.475251007080078125e+01
3.487310028076171875e+01
3.527604675292968750e+01
3.528482818603515625e+01
3.538771820068359375e+01
3.604809951782226562e+01
3.624965286254882812e+01
3.619846725463867188e+01
3.630355072021484375e+01
3.683380126953125000e+01
3.692927169799804688e+01
3.702835845947265625e+01
3.730664825439453125e+01
3.762115097045898438e+01
3.772973632812500000e+01
3.767961502075195312e+01
3.772711944580078125e+01
3.790459823608398438e+01
3.781317901611328125e+01
3.767179107666015625e+01
3.755555725097656250e+01
3.702039337158203125e+01
3.677278518676757812e+01
3.705367279052734375e+01
3.749208068847656250e+01
3.791320037841796875e+01
3.719960403442382812e+01
3.602184677124023438e+01
3.473404312133789062e+01
3.479067230224609375e+01
3.496190261840820312e+01
3.670419692993164062e+01
3.696150970458984375e+01
3.593622207641601562e+01
3.581634902954101562e+01
3.560570907592773438e+01
3.520617294311523438e+01
3.468680953979492188e+01
3.453006362915039062e+01
3.491134643554687500e+01
3.635304260253906250e+01
3.594282150268554688e+01
3.477006149291992188e+01
3.468340301513671875e+01
3.486845779418945312e+01
3.664328002929687500e+01
3.696468353271484375e+01
3.686075592041015625e+01
3.668359756469726562e+01
3.590061187744140625e+01
3.545560073852539062e+01
3.511989974975585938e+01
3.476139450073242188e+01
3.415042114257812500e+01
3.399717712402343750e+01
3.380154800415039062e+01
3.435133743286132812e+01
3.517860412597656250e+01
3.622123336791992188e+01
3.659962463378906250e+01
3.654324722290039062e+01
3.563362503051757812e+01
3.462402343750000000e+01
3.430029678344726562e+01
3.450769805908203125e+01
3.489469528198242188e+01
3.491571807861328125e+01
3.497754669189453125e+01
3.494827270507812500e+01
3.479686355590820312e+01
3.468902587890625000e+01
3.470793151855468750e+01
3.428389739990234375e+01
3.420690155029296875e+01
3.491404342651367188e+01
3.511919403076171875e+01
3.475664520263671875e+01
3.449196624755859375e+01
3.472814178466796875e+01
3.507494735717773438e+01
3.437052536010742188e+01
3.411749649047851562e+01
3.415158081054687500e+01
3.477851486206054688e+01
