3.682226943969726562e+01
3.690166854858398438e+01
3.684074020385742188e+01
3.624454116821289062e+01
3.620859146118164062e+01
3.646423721313476562e+01
3.669038009643554688e+01
3.701263427734375000e+01
3.703676986694335938e+01
3.544258880615234375e+01
3.530182647705078125e+01
3.673313522338867188e+01
3.692107772827148438e+01
3.673190689086914062e+01
3.594547271728515625e+01
3.591056442260742188e+01
3.592052841186523438e+01
3.645724868774414062e+01
3.698523712158203125e+01
3.725646591186523438e+01
3.761351776123046875e+01
3.772938156127929688e+01
3.767842102050781250e+01
3.799050521850585938e+01
3.811049652099609375e+01
3.780267333984375000e+01
3.738604354858398438e+01
3.712457656860351562e+01
3.707427215576171875e+01
3.706288146972656250e+01
3.695503997802734375e+01
3.718529129028320312e+01
3.734508895874023438e+01
3.722902297973632812e+01
3.674002075195312500e+01
3.646631240844726562e+01
3.608914947509765625e+01
3.587157821655273438e+01
3.562612915039062500e+01
3.534986877441406250e+01
3.510695266723632812e+01
3.496886444091796875e+01
3.520895767211914062e+01
3.518882369995117188e+01
3.519546127319335938e+01
3.494496917724609375e+01
3.454930496215820312e+01
3.436997222900390625e+01
3.475800704956054688e+01
3.552209091186523438e+01
3.626943969726562500e+01
3.636768722534179688e+01
3.659000778198242188e+01
3.701912689208984375e+01
3.675682830810546875e+01
3.607056045532226562e+01
3.580704498291015625e+01
3.515950393676757812e+01
3.485398483276367188e+01
3.467206954956054688e+01
3.479647445678710938e+01
3.473499679565429688e+01
3.480818557739257812e+01
3.505337142944335938e+01
3.489242553710937500e+01
3.452707290649414062e+01
3.419202041625976562e+01
3.421033477783203125e+01
3.442089462280273438e+01
3.438403320312500000e+01
3.477465057373046875e+01
3.537800216674804688e+01
3.533728027343750000e+01
3.511666107177734375e+01
3.522882843017578125e+01
3.547532272338867188e+01
3.574420166015625000e+01
3.615802764892578125e+01
3.610942840576171875e+01
3.614377212524414062e+01
3.627666091918945312e+01
3.623165512084960938e+01
3.595619201660156250e+01
3.558055496215820312e+01
3.542646789550781250e+01
3.605725097656250000e+01
3.665327453613281250e+01
3.663027954101562500e+01
3.659885025024414062e+01
3.729016876220703125e+01
3.769385910034179688e+01
3.774468612670898438e+01
3.755358123779296875e+01
3.742164611816406250e+01
3.736177444458007812e+01
3.703087615966796875e+01
3.778832626342773438e+01
3.814907836914062500e+01
3.821281051635742188e+01
3.814870452880859375e+01
3.785838699340820312e+01
3.774047470092773438e+01
3.789377593994140625e+01
