2.516607666015625000e+01
2.488394355773925781e+01
2.510337257385253906e+01
2.570849227905273438e+01
2.614256095886230469e+01
2.603151702880859375e+01
2.580374145507812500e+01
2.570006561279296875e+01
2.635294151306152344e+01
2.632064437866210938e+01
2.593754005432128906e+01
2.555418395996093750e+01
2.543513298034667969e+01
2.579516029357910156e+01
2.597905731201171875e+01
2.621044349670410156e+01
2.648536300659179688e+01
2.649695396423339844e+01
2.638858222961425781e+01
2.638712310791015625e+01
2.669211387634277344e+01
2.683681297302246094e+01
2.689641380310058594e+01
2.672552680969238281e+01
2.647829627990722656e+01
2.601717948913574219e+01
2.570317268371582031e+01
2.557629966735839844e+01
2.552732276916503906e+01
2.555798530578613281e+01
2.563584899902343750e+01
2.584099388122558594e+01
2.601090812683105469e+01
2.607542228698730469e+01
2.602753639221191406e+01
2.618228149414062500e+01
2.624295425415039062e+01
2.626114845275878906e+01
2.616555786132812500e+01
2.621362876892089844e+01
2.628019332885742188e+01
2.638402938842773438e+01
2.641875267028808594e+01
2.648008155822753906e+01
2.638204574584960938e+01
2.627832794189453125e+01
2.618848609924316406e+01
2.618890190124511719e+01
2.624156188964843750e+01
2.616638946533203125e+01
2.614718818664550781e+01
2.559182167053222656e+01
2.525203895568847656e+01
2.540482139587402344e+01
2.587842559814453125e+01
2.614714813232421875e+01
2.617978477478027344e+01
2.620985031127929688e+01
2.610115432739257812e+01
2.599496650695800781e+01
2.583050346374511719e+01
2.579421234130859375e+01
2.586090660095214844e+01
2.591795539855957031e+01
2.590597534179687500e+01
2.590613174438476562e+01
2.613427925109863281e+01
2.628956031799316406e+01
2.631927299499511719e+01
2.624451637268066406e+01
2.638483428955078125e+01
2.649893188476562500e+01
2.664204216003417969e+01
2.671426773071289062e+01
2.675878715515136719e+01
2.680553245544433594e+01
2.683746147155761719e+01
2.684500312805175781e+01
2.689396858215332031e+01
2.686754226684570312e+01
2.674198722839355469e+01
2.648288154602050781e+01
2.626016235351562500e+01
2.613622093200683594e+01
2.599886512756347656e+01
2.607964515686035156e+01
2.612222480773925781e+01
2.627077293395996094e+01
2.615463447570800781e+01
2.608865356445312500e+01
2.610266494750976562e+01
2.602872467041015625e+01
2.606296730041503906e+01
2.590194892883300781e+01
2.578446578979492188e+01
2.575406265258789062e+01
2.570994949340820312e+01
2.577949333190917969e+01
2.584272575378417969e+01
2.603862190246582031e+01
2.579565429687500000e+01
2.566809272766113281e+01
2.543026542663574219e+01
2.537226676940917969e+01
2.537295532226562500e+01
2.509535408020019531e+01
2.503556442260742188e+01
2.507081604003906250e+01
2.537635421752929688e+01
