2.936202430725097656e+01
2.900804328918457031e+01
2.890534210205078125e+01
2.893213653564453125e+01
2.895568466186523438e+01
2.885417175292968750e+01
2.868908309936523438e+01
2.881905937194824219e+01
2.909630584716796875e+01
2.924271583557128906e+01
2.934413146972656250e+01
2.983592414855957031e+01
3.018378067016601562e+01
3.077473068237304688e+01
3.120836830139160156e+01
3.150676918029785156e+01
3.162083053588867188e+01
3.140508079528808594e+01
3.128331756591796875e+01
3.147911453247070312e+01
3.147994232177734375e+01
3.147871398925781250e+01
3.158032226562500000e+01
3.152804183959960938e+01
3.141924476623535156e+01
3.133236694335937500e+01
3.127167510986328125e+01
3.140329742431640625e+01
3.155529022216796875e+01
3.153161811828613281e+01
3.151358222961425781e+01
3.150848960876464844e+01
3.155057525634765625e+01
3.162952041625976562e+01
3.165692520141601562e+01
3.161026573181152344e+01
3.155494689941406250e+01
3.153526496887207031e+01
3.160655784606933594e+01
3.170251083374023438e+01
3.151654434204101562e+01
3.131371307373046875e+01
3.150473403930664062e+01
3.157060241699218750e+01
3.173256874084472656e+01
3.168026924133300781e+01
3.135334205627441406e+01
3.131036758422851562e+01
3.124965095520019531e+01
3.132743835449218750e+01
3.138201141357421875e+01
3.131480026245117188e+01
3.126021003723144531e+01
3.124079513549804688e+01
3.140089607238769531e+01
3.146984100341796875e+01
3.124576187133789062e+01
3.109627151489257812e+01
3.118155288696289062e+01
3.124344062805175781e+01
3.122788429260253906e+01
3.100007820129394531e+01
3.088306045532226562e+01
3.094357490539550781e+01
3.121441459655761719e+01
3.128527641296386719e+01
3.127825927734375000e+01
3.168093490600585938e+01
3.196470069885253906e+01
3.172827148437500000e+01
3.140882110595703125e+01
3.110639190673828125e+01
3.083001899719238281e+01
3.083649826049804688e+01
3.161380386352539062e+01
3.231711959838867188e+01
3.268655014038085938e+01
3.245295715332031250e+01
3.228456878662109375e+01
3.214573287963867188e+01
3.177767562866210938e+01
3.161173439025878906e+01
3.182910156250000000e+01
3.175581550598144531e+01
3.169961929321289062e+01
3.169848632812500000e+01
3.150541305541992188e+01
3.156252288818359375e+01
3.154510307312011719e+01
3.130437660217285156e+01
3.124558830261230469e+01
3.085930061340332031e+01
3.034648132324218750e+01
3.037489891052246094e+01
3.062277984619140625e+01
2.994739532470703125e+01
3.190424537658691406e+01
3.276895523071289062e+01
3.290008544921875000e+01
3.296630859375000000e+01
3.181262969970703125e+01
3.038432502746582031e+01
