3.389166641235351562e+01
3.399013137817382812e+01
3.357909774780273438e+01
3.320991516113281250e+01
3.295787811279296875e+01
3.287089538574218750e+01
3.281287002563476562e+01
3.277062606811523438e+01
3.284411621093750000e+01
3.347318267822265625e+01
3.392307281494140625e+01
3.408747100830078125e+01
3.431897354125976562e+01
3.476546478271484375e+01
3.503356170654296875e+01
3.502302551269531250e+01
3.450106430053710938e+01
3.407549667358398438e+01
3.379098510742187500e+01
3.385888290405273438e+01
3.430702209472656250e+01
3.441682815551757812e+01
3.416921997070312500e+01
3.418194961547851562e+01
3.417105102539062500e+01
3.395482635498046875e+01
3.381569671630859375e+01
3.373727798461914062e+01
3.370594024658203125e+01
3.354895782470703125e+01
3.345328903198242188e+01
3.333673477172851562e+01
3.332845687866210938e+01
3.332465744018554688e+01
3.333011627197265625e+01
3.342457962036132812e+01
3.361080932617187500e+01
3.381763458251953125e+01
3.371815872192382812e+01
3.424150085449218750e+01
3.428169250488281250e+01
3.439387893676757812e+01
3.462985992431640625e+01
3.459531402587890625e+01
3.428274536132812500e+01
3.410383987426757812e+01
3.429176712036132812e+01
3.424148941040039062e+01
3.429296112060546875e+01
3.426240539550781250e+01
3.415171813964843750e+01
3.399707794189453125e+01
3.367382049560546875e+01
3.291248321533203125e+01
3.271715545654296875e+01
3.267355728149414062e+01
3.275315475463867188e+01
3.295943069458007812e+01
3.370492172241210938e+01
3.408272552490234375e+01
3.434375762939453125e+01
3.462574005126953125e+01
3.460987091064453125e+01
3.431605911254882812e+01
3.411783218383789062e+01
3.386618041992187500e+01
3.351501464843750000e+01
3.282884597778320312e+01
3.279593658447265625e+01
3.303041458129882812e+01
3.344076538085937500e+01
3.395958709716796875e+01
3.422109603881835938e+01
3.419988250732421875e+01
3.393594741821289062e+01
3.340019607543945312e+01
3.325163650512695312e+01
3.332747268676757812e+01
3.336372756958007812e+01
3.335673904418945312e+01
3.366047668457031250e+01
3.414123916625976562e+01
3.467784881591796875e+01
3.548006439208984375e+01
3.570048141479492188e+01
3.478842163085937500e+01
3.418996047973632812e+01
3.383635330200195312e+01
3.366187667846679688e+01
3.372296142578125000e+01
3.393986129760742188e+01
3.389390945434570312e+01
3.350717544555664062e+01
3.344614410400390625e+01
