2.944328308105468750e+01
2.982213592529296875e+01
3.114277076721191406e+01
3.142459487915039062e+01
3.121268653869628906e+01
3.119163703918457031e+01
3.181037902832031250e+01
3.236611175537109375e+01
3.231714630126953125e+01
3.228203201293945312e+01
3.130012512207031250e+01
3.088932418823242188e+01
3.125549507141113281e+01
3.253669738769531250e+01
3.268827819824218750e+01
3.285861968994140625e+01
3.288550567626953125e+01
3.162409973144531250e+01
2.918573379516601562e+01
2.917675209045410156e+01
3.150559806823730469e+01
3.215398406982421875e+01
3.170542716979980469e+01
2.983319091796875000e+01
3.061299896240234375e+01
3.232079315185546875e+01
3.269682693481445312e+01
3.243049240112304688e+01
3.226005172729492188e+01
3.236665725708007812e+01
3.262757110595703125e+01
3.298452377319335938e+01
3.345211791992187500e+01
3.393087387084960938e+01
3.390650177001953125e+01
3.436063003540039062e+01
3.483174896240234375e+01
3.480618286132812500e+01
3.335340118408203125e+01
3.242545318603515625e+01
3.186948204040527344e+01
3.198884773254394531e+01
3.281335067749023438e+01
3.321910095214843750e+01
3.259586334228515625e+01
3.193323326110839844e+01
3.058529472351074219e+01
2.982706260681152344e+01
3.047226905822753906e+01
3.251216506958007812e+01
3.327351760864257812e+01
3.390873718261718750e+01
3.446159744262695312e+01
3.449040222167968750e+01
3.363671112060546875e+01
3.320842361450195312e+01
3.315940856933593750e+01
3.280931472778320312e+01
3.253818511962890625e+01
3.255012512207031250e+01
3.267144775390625000e+01
3.277931213378906250e+01
3.306251907348632812e+01
3.328409576416015625e+01
3.322609710693359375e+01
3.324694442749023438e+01
3.354296112060546875e+01
3.371298217773437500e+01
3.366189575195312500e+01
3.337679672241210938e+01
3.331529235839843750e+01
3.360051345825195312e+01
3.373228454589843750e+01
3.375772476196289062e+01
3.347343063354492188e+01
3.333953475952148438e+01
3.323747634887695312e+01
3.307015991210937500e+01
3.284965133666992188e+01
3.272904205322265625e+01
3.278938674926757812e+01
3.312465286254882812e+01
3.313616943359375000e+01
3.329505538940429688e+01
3.337290573120117188e+01
3.324159240722656250e+01
3.320933914184570312e+01
3.305635452270507812e+01
3.302656173706054688e+01
3.298675155639648438e+01
3.256618881225585938e+01
3.214450836181640625e+01
3.204156875610351562e+01
3.209949874877929688e+01
3.205234146118164062e+01
3.211299133300781250e+01
3.214151382446289062e+01
3.249763488769531250e+01
3.280596923828125000e+01
3.291235733032226562e+01
3.318047714233398438e+01
3.328274536132812500e+01
