2.501771926879882812e+01
2.534773445129394531e+01
2.584399986267089844e+01
2.601950836181640625e+01
2.599672126770019531e+01
2.603453826904296875e+01
2.633642959594726562e+01
2.653885459899902344e+01
2.688438606262207031e+01
2.716907691955566406e+01
2.739512252807617188e+01
2.761873245239257812e+01
2.775074577331542969e+01
2.780107498168945312e+01
2.774178123474121094e+01
2.771582984924316406e+01
2.766414642333984375e+01
2.747346496582031250e+01
2.742497634887695312e+01
2.745480155944824219e+01
2.731277275085449219e+01
2.716700363159179688e+01
2.698869514465332031e+01
2.683206939697265625e+01
2.676346397399902344e+01
2.679364967346191406e+01
2.681673049926757812e+01
2.691741752624511719e+01
2.695521545410156250e+01
2.700093269348144531e+01
2.698050498962402344e+01
2.695488357543945312e+01
2.691633224487304688e+01
2.688644027709960938e+01
2.683298492431640625e+01
2.678610610961914062e+01
2.691883850097656250e+01
2.705893516540527344e+01
2.706981086730957031e+01
2.709822845458984375e+01
2.703191375732421875e+01
2.721622657775878906e+01
2.747541427612304688e+01
2.755619812011718750e+01
2.758734893798828125e+01
2.754975891113281250e+01
2.750121498107910156e+01
2.749542617797851562e+01
2.727358627319335938e+01
2.718204689025878906e+01
2.705360221862792969e+01
2.702957344055175781e+01
2.715159988403320312e+01
2.704905891418457031e+01
2.687829399108886719e+01
2.679733085632324219e+01
2.690560150146484375e+01
2.706758308410644531e+01
2.704474449157714844e+01
2.684795379638671875e+01
2.689064216613769531e+01
2.704117774963378906e+01
2.717550849914550781e+01
2.720767021179199219e+01
2.702625083923339844e+01
2.698506927490234375e+01
2.697450065612792969e+01
2.707456779479980469e+01
2.715009880065917969e+01
2.712652015686035156e+01
2.695365524291992188e+01
2.679105758666992188e+01
2.662541007995605469e+01
2.650834465026855469e+01
2.652972984313964844e+01
2.654713439941406250e+01
2.658877372741699219e+01
2.664830398559570312e+01
2.653217124938964844e+01
2.643189239501953125e+01
2.631808471679687500e+01
2.618985748291015625e+01
2.606153106689453125e+01
2.598152923583984375e+01
2.596363067626953125e+01
2.607537269592285156e+01
2.628179931640625000e+01
2.646888160705566406e+01
2.664660072326660156e+01
2.687940025329589844e+01
2.717395210266113281e+01
2.735275459289550781e+01
2.745512199401855469e+01
2.739496231079101562e+01
2.737670516967773438e+01
2.721307182312011719e+01
2.698395156860351562e+01
2.680593299865722656e+01
2.652887725830078125e+01
2.641551589965820312e+01
2.642405128479003906e+01
2.626570129394531250e+01
2.632160377502441406e+01
2.642897605895996094e+01
2.653395843505859375e+01
