3.434593200683593750e+01
3.491080093383789062e+01
3.529708099365234375e+01
3.618372726440429688e+01
3.579166412353515625e+01
3.467646408081054688e+01
3.405197525024414062e+01
3.416200637817382812e+01
3.407156753540039062e+01
3.368668746948242188e+01
3.329589080810546875e+01
3.329240417480468750e+01
3.339772796630859375e+01
3.359912109375000000e+01
3.369546508789062500e+01
3.344084548950195312e+01
3.336587524414062500e+01
3.333546447753906250e+01
3.354021072387695312e+01
3.361434173583984375e+01
3.319150924682617188e+01
3.311869812011718750e+01
3.341471481323242188e+01
3.406635665893554688e+01
3.424994277954101562e+01
3.420110321044921875e+01
3.396014785766601562e+01
3.373693847656250000e+01
3.354907608032226562e+01
3.333200454711914062e+01
3.309316253662109375e+01
3.281275177001953125e+01
3.281316757202148438e+01
3.307731246948242188e+01
3.342411041259765625e+01
3.356443023681640625e+01
3.374088668823242188e+01
3.374761962890625000e+01
3.380071258544921875e+01
3.370541000366210938e+01
3.369347763061523438e+01
3.361946487426757812e+01
3.358545684814453125e+01
3.356855010986328125e+01
3.350382614135742188e+01
3.334237289428710938e+01
3.324365234375000000e+01
3.354073715209960938e+01
3.370409774780273438e+01
3.395154953002929688e+01
3.378276062011718750e+01
3.371792221069335938e+01
3.369979858398437500e+01
3.316488647460937500e+01
3.276619338989257812e+01
3.229874801635742188e+01
3.239204025268554688e+01
3.288006210327148438e+01
3.335958480834960938e+01
3.364193344116210938e+01
3.355314636230468750e+01
3.407181930541992188e+01
3.426356506347656250e+01
3.401996231079101562e+01
3.357792663574218750e+01
3.345166397094726562e+01
3.326670455932617188e+01
3.362369918823242188e+01
3.421301651000976562e+01
3.461843490600585938e+01
3.465543365478515625e+01
3.447473144531250000e+01
3.453877639770507812e+01
3.464301681518554688e+01
3.452042388916015625e+01
3.446667861938476562e+01
3.425418090820312500e+01
3.378295516967773438e+01
3.372647857666015625e+01
3.375160980224609375e+01
3.369795608520507812e+01
3.303953170776367188e+01
3.247606658935546875e+01
3.277300262451171875e+01
3.291268920898437500e+01
3.297890853881835938e+01
3.308482360839843750e+01
3.322852706909179688e+01
3.328447723388671875e+01
3.361440277099609375e+01
3.371814727783203125e+01
3.343248367309570312e+01
3.362397003173828125e+01
3.375251770019531250e+01
3.425422668457031250e+01
3.483274841308593750e+01
3.479436111450195312e+01
3.413106536865234375e+01
3.337696838378906250e+01
3.288363265991210938e+01
3.336503601074218750e+01
3.389239501953125000e+01
3.416244506835937500e+01
3.402677917480468750e+01
3.406763458251953125e+01
3.434922790527343750e+01
3.476449203491210938e+01
3.496229553222656250e+01
3.539953994750976562e+01
3.520400238037109375e+01
3.538126373291015625e+01
