3.588948440551757812e+01
3.665906524658203125e+01
3.669007873535156250e+01
3.630612182617187500e+01
3.617587280273437500e+01
3.632191085815429688e+01
3.647054290771484375e+01
3.674081420898437500e+01
3.671945571899414062e+01
3.690684127807617188e+01
3.710919189453125000e+01
3.725514984130859375e+01
3.754566192626953125e+01
3.758804702758789062e+01
3.759071731567382812e+01
3.740540695190429688e+01
3.720881652832031250e+01
3.726985549926757812e+01
3.738790512084960938e+01
3.728913497924804688e+01
3.706903457641601562e+01
3.697925567626953125e+01
3.703143310546875000e+01
3.705382156372070312e+01
3.712989425659179688e+01
3.710950469970703125e+01
3.722875976562500000e+01
3.734350967407226562e+01
3.735788345336914062e+01
3.738438034057617188e+01
3.738275527954101562e+01
3.728069686889648438e+01
3.701745986938476562e+01
3.686057281494140625e+01
3.693274307250976562e+01
3.704271697998046875e+01
3.713535308837890625e+01
3.715181350708007812e+01
3.698015594482421875e+01
3.689332199096679688e+01
3.677316665649414062e+01
3.668175506591796875e+01
3.659459304809570312e+01
3.660433197021484375e+01
3.674766921997070312e+01
3.695312881469726562e+01
3.716357421875000000e+01
3.718884277343750000e+01
3.707248306274414062e+01
3.687142181396484375e+01
3.677766799926757812e+01
3.670605087280273438e+01
3.664126968383789062e+01
3.671116256713867188e+01
3.682198333740234375e+01
3.691184234619140625e+01
3.694585418701171875e+01
3.693271255493164062e+01
3.708341598510742188e+01
3.708943939208984375e+01
3.685796356201171875e+01
3.608888626098632812e+01
3.571202468872070312e+01
3.613323974609375000e+01
3.646701049804687500e+01
3.643843078613281250e+01
3.627888870239257812e+01
3.622600936889648438e+01
3.643886947631835938e+01
3.665733337402343750e+01
3.662090301513671875e+01
3.585316467285156250e+01
3.513784790039062500e+01
3.465077590942382812e+01
3.419115447998046875e+01
3.365636825561523438e+01
3.316215896606445312e+01
3.311396789550781250e+01
3.378665161132812500e+01
3.505851745605468750e+01
3.562005233764648438e+01
3.570104598999023438e+01
3.463285827636718750e+01
3.400819396972656250e+01
3.389662933349609375e+01
3.357188796997070312e+01
3.356235122680664062e+01
3.411402511596679688e+01
3.424430847167968750e+01
3.401882934570312500e+01
3.394609832763671875e+01
3.403788757324218750e+01
3.386311721801757812e+01
3.392831802368164062e+01
3.395100021362304688e+01
3.434545135498046875e+01
3.392451858520507812e+01
3.341001892089843750e+01
3.329938888549804688e+01
3.340423202514648438e+01
3.375617980957031250e+01
