3.355401229858398438e+01
3.344865036010742188e+01
3.350807952880859375e+01
3.329930877685546875e+01
3.288705062866210938e+01
3.267058563232421875e+01
3.240477371215820312e+01
3.259812164306640625e+01
3.291813659667968750e+01
3.326892471313476562e+01
3.340027618408203125e+01
3.344576644897460938e+01
3.333518218994140625e+01
3.325956344604492188e+01
3.319979476928710938e+01
3.311291885375976562e+01
3.323086547851562500e+01
3.335769271850585938e+01
3.343128204345703125e+01
3.306322097778320312e+01
3.291553115844726562e+01
3.300016784667968750e+01
3.337937927246093750e+01
3.376602554321289062e+01
3.414601135253906250e+01
3.475346755981445312e+01
3.517207336425781250e+01
3.535944747924804688e+01
3.606045150756835938e+01
3.611456298828125000e+01
3.599017333984375000e+01
3.542106246948242188e+01
3.360428237915039062e+01
3.302079391479492188e+01
3.345143127441406250e+01
3.387422943115234375e+01
3.389880371093750000e+01
3.353296279907226562e+01
3.346615600585937500e+01
3.366402053833007812e+01
3.366314697265625000e+01
3.310675048828125000e+01
3.263267898559570312e+01
3.262803268432617188e+01
3.258796691894531250e+01
3.287345886230468750e+01
3.343435287475585938e+01
3.352124786376953125e+01
3.308462524414062500e+01
3.293947601318359375e+01
3.319111633300781250e+01
3.401828384399414062e+01
3.485721588134765625e+01
3.560388565063476562e+01
3.579096603393554688e+01
3.552573013305664062e+01
3.481357192993164062e+01
3.398959732055664062e+01
3.326924896240234375e+01
3.307059478759765625e+01
3.250669097900390625e+01
3.170069122314453125e+01
3.181195831298828125e+01
3.213556289672851562e+01
3.261518859863281250e+01
3.323552703857421875e+01
3.334431076049804688e+01
3.304979324340820312e+01
3.269834518432617188e+01
3.212661361694335938e+01
3.002203941345214844e+01
2.971525001525878906e+01
2.997156333923339844e+01
3.053669929504394531e+01
3.192992973327636719e+01
3.289717102050781250e+01
3.339696884155273438e+01
3.335133743286132812e+01
3.255307006835937500e+01
3.177097511291503906e+01
3.180746269226074219e+01
3.131134986877441406e+01
3.082419967651367188e+01
3.103932380676269531e+01
3.304328536987304688e+01
3.393109130859375000e+01
3.390082931518554688e+01
3.400113677978515625e+01
3.403980636596679688e+01
3.413693618774414062e+01
3.433245468139648438e+01
3.411821746826171875e+01
3.362303543090820312e+01
3.315674209594726562e+01
3.323213195800781250e+01
3.329272079467773438e+01
3.326426315307617188e+01
3.369709396362304688e+01
3.499683380126953125e+01
3.534294128417968750e+01
3.542839431762695312e+01
3.563616943359375000e+01
3.457497787475585938e+01
