3.643198776245117188e+01
3.520597839355468750e+01
3.489802932739257812e+01
3.720759963989257812e+01
3.773945617675781250e+01
3.711632919311523438e+01
3.485353088378906250e+01
3.447378158569335938e+01
3.437601089477539062e+01
3.484588241577148438e+01
3.591181182861328125e+01
3.659879302978515625e+01
3.675402069091796875e+01
3.496646881103515625e+01
3.422957229614257812e+01
3.400938034057617188e+01
3.397929763793945312e+01
3.430918121337890625e+01
3.457032012939453125e+01
3.502915573120117188e+01
3.560441970825195312e+01
3.638726806640625000e+01
3.705645370483398438e+01
3.704342269897460938e+01
3.642441940307617188e+01
3.549190902709960938e+01
3.662845993041992188e+01
3.690361022949218750e+01
3.659932708740234375e+01
3.586722946166992188e+01
3.481800079345703125e+01
3.455822372436523438e+01
3.527885437011718750e+01
3.579105758666992188e+01
3.575408935546875000e+01
3.533239364624023438e+01
3.466164779663085938e+01
3.491682815551757812e+01
3.575831604003906250e+01
3.490179824829101562e+01
3.451718139648437500e+01
3.469681930541992188e+01
3.584564208984375000e+01
3.626297760009765625e+01
3.627405929565429688e+01
3.591602325439453125e+01
3.510299301147460938e+01
3.433456802368164062e+01
3.445108413696289062e+01
3.419655990600585938e+01
3.398457336425781250e+01
3.406353378295898438e+01
3.423123168945312500e+01
3.451602172851562500e+01
3.451627731323242188e+01
3.508114242553710938e+01
3.562203598022460938e+01
3.520340347290039062e+01
3.441043472290039062e+01
3.406308364868164062e+01
3.400056076049804688e+01
3.447061538696289062e+01
3.530783843994140625e+01
3.591612243652343750e+01
3.572553253173828125e+01
3.581113815307617188e+01
3.574489212036132812e+01
3.583875656127929688e+01
3.581764602661132812e+01
3.606655120849609375e+01
3.509005737304687500e+01
3.476063919067382812e+01
3.526418304443359375e+01
3.557221221923828125e+01
3.594721603393554688e+01
3.588032531738281250e+01
3.508635330200195312e+01
3.472464370727539062e+01
3.468670654296875000e+01
3.532648468017578125e+01
3.624441909790039062e+01
3.610095214843750000e+01
3.537461471557617188e+01
3.456883239746093750e+01
3.407794952392578125e+01
3.392605972290039062e+01
3.392979431152343750e+01
3.424445343017578125e+01
3.429743194580078125e+01
3.456423187255859375e+01
3.482202529907226562e+01
3.465649795532226562e+01
3.586179351806640625e+01
3.542753601074218750e+01
3.449319458007812500e+01
3.432119369506835938e+01
3.552979278564453125e+01
3.416252517700195312e+01
3.392780303955078125e+01
