3.642506408691406250e+01
3.628891372680664062e+01
3.595927810668945312e+01
3.531534576416015625e+01
3.498999023437500000e+01
3.563284301757812500e+01
3.643165588378906250e+01
3.663328170776367188e+01
3.679013824462890625e+01
3.709593963623046875e+01
3.710054016113281250e+01
3.747969818115234375e+01
3.775802612304687500e+01
3.775715637207031250e+01
3.732178878784179688e+01
3.704054260253906250e+01
3.711397171020507812e+01
3.687058258056640625e+01
3.676951217651367188e+01
3.671464920043945312e+01
3.632182312011718750e+01
3.491548156738281250e+01
3.464160537719726562e+01
3.445553970336914062e+01
3.442586135864257812e+01
3.441769409179687500e+01
3.435512924194335938e+01
3.467267990112304688e+01
3.463542938232421875e+01
3.431569671630859375e+01
3.413069152832031250e+01
3.400488281250000000e+01
3.404559707641601562e+01
3.427084732055664062e+01
3.448278427124023438e+01
3.441603851318359375e+01
3.474667739868164062e+01
3.620038986206054688e+01
3.677544403076171875e+01
3.690484619140625000e+01
3.691480255126953125e+01
3.680939483642578125e+01
3.691168594360351562e+01
3.702079391479492188e+01
3.702991867065429688e+01
3.698406600952148438e+01
3.701516342163085938e+01
3.699818420410156250e+01
3.639329528808593750e+01
3.496116256713867188e+01
3.470729064941406250e+01
3.445317840576171875e+01
3.430176925659179688e+01
3.447405242919921875e+01
3.505284881591796875e+01
3.530690765380859375e+01
3.486875534057617188e+01
3.500373458862304688e+01
3.537376785278320312e+01
3.563806915283203125e+01
3.556118392944335938e+01
3.562684249877929688e+01
3.533509826660156250e+01
3.481359100341796875e+01
3.460204696655273438e+01
3.454549026489257812e+01
3.463420486450195312e+01
3.481640625000000000e+01
3.483813858032226562e+01
3.464340972900390625e+01
3.477635955810546875e+01
3.485312271118164062e+01
3.478387069702148438e+01
3.571422958374023438e+01
3.660218811035156250e+01
3.733258056640625000e+01
3.751069259643554688e+01
3.758446121215820312e+01
3.766007995605468750e+01
3.762582015991210938e+01
3.745497131347656250e+01
3.689146804809570312e+01
3.627758026123046875e+01
3.518045043945312500e+01
3.478434371948242188e+01
3.552559280395507812e+01
3.568731307983398438e+01
3.572660446166992188e+01
3.616662216186523438e+01
3.574006271362304688e+01
3.501082611083984375e+01
3.431277084350585938e+01
3.407865905761718750e+01
3.424461364746093750e+01
3.411776733398437500e+01
3.395328903198242188e+01
3.400804138183593750e+01
3.439852523803710938e+01
3.430762481689453125e+01
3.432805633544921875e+01
3.446779632568359375e+01
3.454366683959960938e+01
