2.729644775390625000e+01
2.712103271484375000e+01
2.695383644104003906e+01
2.699231719970703125e+01
2.651165580749511719e+01
2.636226463317871094e+01
2.664339256286621094e+01
2.695287704467773438e+01
2.668418502807617188e+01
2.679025840759277344e+01
2.673146438598632812e+01
2.625868415832519531e+01
2.590711402893066406e+01
2.611608505249023438e+01
2.634459877014160156e+01
2.645461654663085938e+01
2.634182929992675781e+01
2.644680213928222656e+01
2.659636688232421875e+01
2.687207221984863281e+01
2.687379646301269531e+01
2.667016029357910156e+01
2.652416038513183594e+01
2.618843078613281250e+01
2.546187019348144531e+01
2.502089881896972656e+01
2.496615028381347656e+01
2.493003654479980469e+01
2.498875236511230469e+01
2.503120422363281250e+01
2.501703834533691406e+01
2.486464691162109375e+01
2.477252197265625000e+01
2.485791206359863281e+01
2.501979446411132812e+01
2.529845619201660156e+01
2.561696243286132812e+01
2.565456008911132812e+01
2.544891929626464844e+01
2.562353324890136719e+01
2.595058631896972656e+01
2.624389839172363281e+01
2.648038291931152344e+01
2.655381202697753906e+01
2.653296470642089844e+01
2.642729377746582031e+01
2.621477317810058594e+01
2.582721900939941406e+01
2.554039382934570312e+01
2.574604797363281250e+01
2.619244194030761719e+01
2.659315681457519531e+01
2.668839073181152344e+01
2.668896484375000000e+01
2.693337440490722656e+01
2.730113792419433594e+01
2.748635101318359375e+01
2.735001945495605469e+01
2.704476737976074219e+01
2.682694816589355469e+01
2.668885612487792969e+01
2.662365341186523438e+01
2.667931365966796875e+01
2.696265411376953125e+01
2.703378105163574219e+01
2.681227111816406250e+01
2.661882781982421875e+01
2.664490318298339844e+01
2.673268127441406250e+01
2.695424652099609375e+01
2.711972618103027344e+01
2.714376258850097656e+01
2.704559516906738281e+01
2.691264915466308594e+01
2.666434860229492188e+01
2.662420463562011719e+01
2.675602531433105469e+01
2.685807609558105469e+01
2.699620628356933594e+01
2.703592491149902344e+01
2.733004951477050781e+01
2.777260017395019531e+01
2.810773277282714844e+01
2.788425827026367188e+01
2.781661796569824219e+01
2.800656890869140625e+01
2.825843811035156250e+01
2.843017768859863281e+01
2.810156822204589844e+01
2.777274513244628906e+01
2.751659011840820312e+01
2.738115501403808594e+01
2.751777267456054688e+01
2.771358299255371094e+01
2.789113616943359375e+01
2.778571891784667969e+01
2.786198425292968750e+01
2.758353042602539062e+01
2.724697303771972656e+01
2.759862518310546875e+01
2.817783546447753906e+01
