2.805840492248535156e+01
2.786071205139160156e+01
2.782218360900878906e+01
2.768895149230957031e+01
2.751210594177246094e+01
2.784385299682617188e+01
2.794202804565429688e+01
2.802234840393066406e+01
2.797521781921386719e+01
2.762290954589843750e+01
2.731568336486816406e+01
2.721497726440429688e+01
2.731048774719238281e+01
2.741538619995117188e+01
2.764951324462890625e+01
2.802843475341796875e+01
2.833525276184082031e+01
2.860963249206542969e+01
2.892899703979492188e+01
2.879265213012695312e+01
2.874328231811523438e+01
2.869584465026855469e+01
2.847278022766113281e+01
2.863965988159179688e+01
2.892837524414062500e+01
2.919422912597656250e+01
2.935411262512207031e+01
2.933761787414550781e+01
2.944031715393066406e+01
2.909959030151367188e+01
2.887504005432128906e+01
2.875100135803222656e+01
2.871434402465820312e+01
2.864540290832519531e+01
2.851563453674316406e+01
2.845192718505859375e+01
2.843952941894531250e+01
2.845161628723144531e+01
2.846895027160644531e+01
2.830889892578125000e+01
2.819836997985839844e+01
2.818461608886718750e+01
2.816037178039550781e+01
2.807890701293945312e+01
2.769366836547851562e+01
2.746546173095703125e+01
2.744641494750976562e+01
2.767177200317382812e+01
2.777692604064941406e+01
2.772154998779296875e+01
2.777783203125000000e+01
2.800474739074707031e+01
2.817537879943847656e+01
2.825799369812011719e+01
2.830736732482910156e+01
2.833835983276367188e+01
2.841329765319824219e+01
2.844878578186035156e+01
2.859056472778320312e+01
2.863312911987304688e+01
2.860083770751953125e+01
2.864099121093750000e+01
2.860359764099121094e+01
2.862332916259765625e+01
2.893821907043457031e+01
2.919871902465820312e+01
2.952189826965332031e+01
2.999978637695312500e+01
3.040015411376953125e+01
3.060747337341308594e+01
3.053063964843750000e+01
3.042794418334960938e+01
3.051284980773925781e+01
3.078482818603515625e+01
3.090956306457519531e+01
3.102549934387207031e+01
3.101249313354492188e+01
3.079332733154296875e+01
3.029524993896484375e+01
3.030162048339843750e+01
3.007073593139648438e+01
3.002167510986328125e+01
2.960100173950195312e+01
2.918115997314453125e+01
2.914331436157226562e+01
2.884729957580566406e+01
2.889113616943359375e+01
2.907942581176757812e+01
2.918045425415039062e+01
2.935666465759277344e+01
2.936226081848144531e+01
2.893987464904785156e+01
2.887574386596679688e+01
2.926220321655273438e+01
2.999806785583496094e+01
3.024802017211914062e+01
3.008640098571777344e+01
3.063281822204589844e+01
