3.057592010498046875e+01
3.049903106689453125e+01
3.014111137390136719e+01
2.998296546936035156e+01
3.055063247680664062e+01
3.078269195556640625e+01
3.089520263671875000e+01
3.097152900695800781e+01
3.097572326660156250e+01
3.104423904418945312e+01
3.106513786315917969e+01
3.090706062316894531e+01
3.084467506408691406e+01
3.083859252929687500e+01
3.077356147766113281e+01
3.072080993652343750e+01
3.057156562805175781e+01
3.042073059082031250e+01
3.028130531311035156e+01
3.022384643554687500e+01
3.003140449523925781e+01
2.967327880859375000e+01
2.943962097167968750e+01
2.949616432189941406e+01
2.997813224792480469e+01
3.019421768188476562e+01
3.042573165893554688e+01
3.075473594665527344e+01
3.087179183959960938e+01
3.080072021484375000e+01
3.080010223388671875e+01
3.073018264770507812e+01
3.055516052246093750e+01
3.027109146118164062e+01
2.996142196655273438e+01
2.988593292236328125e+01
3.006074523925781250e+01
3.019303703308105469e+01
3.042112541198730469e+01
3.063426780700683594e+01
3.057859230041503906e+01
3.049126052856445312e+01
3.048584556579589844e+01
3.036718177795410156e+01
3.016028213500976562e+01
3.019795799255371094e+01
3.049969100952148438e+01
3.089404296875000000e+01
3.148282623291015625e+01
3.110441970825195312e+01
3.064115715026855469e+01
3.051417160034179688e+01
3.034663963317871094e+01
3.007394599914550781e+01
3.017296981811523438e+01
3.013288497924804688e+01
2.995603942871093750e+01
2.993107795715332031e+01
3.008992195129394531e+01
3.039967155456542969e+01
3.067990112304687500e+01
3.077733039855957031e+01
3.087762260437011719e+01
3.082763862609863281e+01
3.047928047180175781e+01
3.016057395935058594e+01
2.986714553833007812e+01
2.961995887756347656e+01
2.965149307250976562e+01
2.964630889892578125e+01
2.960579299926757812e+01
2.982732963562011719e+01
3.003329658508300781e+01
3.027993392944335938e+01
3.051943397521972656e+01
3.055897331237792969e+01
3.067960739135742188e+01
3.087234115600585938e+01
3.103153800964355469e+01
3.101293182373046875e+01
3.089131736755371094e+01
3.076774215698242188e+01
3.061011123657226562e+01
3.050776672363281250e+01
3.043839263916015625e+01
3.032095146179199219e+01
3.041812515258789062e+01
3.058690261840820312e+01
3.077831459045410156e+01
3.083447837829589844e+01
3.081366729736328125e+01
3.090563392639160156e+01
3.103479766845703125e+01
3.104506683349609375e+01
3.090658378601074219e+01
3.072322654724121094e+01
3.080655479431152344e+01
3.095346260070800781e+01
3.116065597534179688e+01
3.137058448791503906e+01
3.155281257629394531e+01
3.153567123413085938e+01
