2.895873069763183594e+01
2.864820480346679688e+01
2.847155952453613281e+01
2.827296447753906250e+01
2.795548439025878906e+01
2.753830146789550781e+01
2.726733589172363281e+01
2.735073852539062500e+01
2.756751060485839844e+01
2.777564239501953125e+01
2.785096740722656250e+01
2.772929382324218750e+01
2.785585021972656250e+01
2.808318328857421875e+01
2.858079719543457031e+01
2.928056716918945312e+01
2.968668556213378906e+01
2.950677871704101562e+01
2.930930519104003906e+01
2.881423568725585938e+01
2.863890647888183594e+01
2.868029403686523438e+01
2.881325721740722656e+01
2.880334091186523438e+01
2.859083938598632812e+01
2.849472808837890625e+01
2.843110275268554688e+01
2.831001663208007812e+01
2.825546455383300781e+01
2.823090553283691406e+01
2.828194427490234375e+01
2.842162132263183594e+01
2.877627944946289062e+01
2.899069023132324219e+01
2.909599685668945312e+01
2.914478874206542969e+01
2.907584381103515625e+01
2.892131233215332031e+01
2.878660583496093750e+01
2.868225479125976562e+01
2.862248039245605469e+01
2.854557991027832031e+01
2.850731849670410156e+01
2.856644821166992188e+01
2.871964645385742188e+01
2.905212211608886719e+01
2.935043907165527344e+01
2.936847305297851562e+01
2.936797142028808594e+01
2.950337409973144531e+01
2.961507034301757812e+01
2.945126724243164062e+01
2.919863128662109375e+01
2.911816215515136719e+01
2.905950736999511719e+01
2.892520713806152344e+01
2.881426239013671875e+01
2.873274993896484375e+01
2.879019355773925781e+01
2.885122871398925781e+01
2.899163818359375000e+01
2.919022369384765625e+01
2.932871627807617188e+01
2.930441856384277344e+01
2.930785751342773438e+01
2.922181510925292969e+01
2.908544158935546875e+01
2.904484748840332031e+01
2.900873184204101562e+01
2.891699790954589844e+01
2.866753578186035156e+01
2.827585983276367188e+01
2.797455596923828125e+01
2.798635482788085938e+01
2.817642211914062500e+01
2.832121467590332031e+01
2.873755073547363281e+01
2.941656875610351562e+01
2.960030746459960938e+01
2.961153221130371094e+01
2.961099624633789062e+01
2.979366302490234375e+01
2.985350036621093750e+01
2.989924430847167969e+01
2.986725807189941406e+01
2.990665817260742188e+01
2.986097526550292969e+01
2.957855796813964844e+01
2.946143913269042969e+01
2.918354034423828125e+01
2.891791152954101562e+01
2.891628265380859375e+01
2.869090843200683594e+01
2.854193496704101562e+01
2.856089591979980469e+01
2.827861022949218750e+01
