3.730719375610351562e+01
3.701076126098632812e+01
3.693942642211914062e+01
3.723527526855468750e+01
3.731417465209960938e+01
3.706801986694335938e+01
3.718679046630859375e+01
3.707482528686523438e+01
3.708137512207031250e+01
3.724288558959960938e+01
3.730948257446289062e+01
3.724177932739257812e+01
3.726284027099609375e+01
3.732699966430664062e+01
3.706851959228515625e+01
3.634476089477539062e+01
3.611077499389648438e+01
3.526385116577148438e+01
3.623002624511718750e+01
3.682559585571289062e+01
3.658303451538085938e+01
3.586808013916015625e+01
3.543555831909179688e+01
3.559517288208007812e+01
3.573641967773437500e+01
3.545981979370117188e+01
3.569944381713867188e+01
3.606186676025390625e+01
3.685186386108398438e+01
3.653510284423828125e+01
3.616756820678710938e+01
3.580272293090820312e+01
3.605246353149414062e+01
3.651141738891601562e+01
3.646851730346679688e+01
3.568920516967773438e+01
3.585308074951171875e+01
3.680810546875000000e+01
3.704495620727539062e+01
3.710996627807617188e+01
3.703141021728515625e+01
3.704219818115234375e+01
3.704581832885742188e+01
3.707031250000000000e+01
3.699593734741210938e+01
3.710637664794921875e+01
3.724006271362304688e+01
3.725749588012695312e+01
3.736941909790039062e+01
3.749511718750000000e+01
3.754615020751953125e+01
3.784627532958984375e+01
3.789264297485351562e+01
3.763955688476562500e+01
3.756058883666992188e+01
3.749187088012695312e+01
3.755287933349609375e+01
3.756986236572265625e+01
3.740456008911132812e+01
3.711552047729492188e+01
3.709592437744140625e+01
3.707746887207031250e+01
3.677995300292968750e+01
3.650213623046875000e+01
3.679427337646484375e+01
3.693109130859375000e+01
3.688758468627929688e+01
3.687602233886718750e+01
3.688465118408203125e+01
3.684377670288085938e+01
3.698257827758789062e+01
3.724510955810546875e+01
3.730419540405273438e+01
3.716071701049804688e+01
3.702881240844726562e+01
3.685127639770507812e+01
3.677040481567382812e+01
3.658987045288085938e+01
3.669960784912109375e+01
3.659734725952148438e+01
3.671025848388671875e+01
3.695854187011718750e+01
3.714326858520507812e+01
3.731616973876953125e+01
3.737560653686523438e+01
3.720377349853515625e+01
3.687301635742187500e+01
3.700587463378906250e+01
3.718733596801757812e+01
3.743997192382812500e+01
3.764959335327148438e+01
3.767144012451171875e+01
3.763013839721679688e+01
3.763154983520507812e+01
3.753416442871093750e+01
3.755494689941406250e+01
