2.963257026672363281e+01
2.954749488830566406e+01
2.952368736267089844e+01
2.961564254760742188e+01
2.957499694824218750e+01
2.963075256347656250e+01
2.965083122253417969e+01
2.975242805480957031e+01
3.025241279602050781e+01
3.059688377380371094e+01
3.064599609375000000e+01
3.012767219543457031e+01
2.966969299316406250e+01
2.926743698120117188e+01
2.921655082702636719e+01
2.930433273315429688e+01
2.896921157836914062e+01
2.865585708618164062e+01
2.832773780822753906e+01
2.831976699829101562e+01
2.871664619445800781e+01
2.891184043884277344e+01
2.904254722595214844e+01
2.906336021423339844e+01
2.936090850830078125e+01
2.946645355224609375e+01
2.938700485229492188e+01
2.932008171081542969e+01
2.921189689636230469e+01
2.927422904968261719e+01
2.938468170166015625e+01
2.947540664672851562e+01
2.960447311401367188e+01
2.980725860595703125e+01
2.983721733093261719e+01
2.963334274291992188e+01
2.951494789123535156e+01
2.960429191589355469e+01
2.948250007629394531e+01
2.937605476379394531e+01
2.955784416198730469e+01
2.977528572082519531e+01
3.027616119384765625e+01
3.066127204895019531e+01
3.098061370849609375e+01
3.131715393066406250e+01
3.108448982238769531e+01
3.081687164306640625e+01
3.052534866333007812e+01
2.998110961914062500e+01
3.035443687438964844e+01
3.046249961853027344e+01
2.984887886047363281e+01
2.931472396850585938e+01
2.892471694946289062e+01
2.885167121887207031e+01
2.905868911743164062e+01
2.934619712829589844e+01
2.961557388305664062e+01
2.970911788940429688e+01
2.951042175292968750e+01
2.926265907287597656e+01
2.886685752868652344e+01
2.881694602966308594e+01
2.905190658569335938e+01
2.967255973815917969e+01
2.981551361083984375e+01
2.982758712768554688e+01
2.967528533935546875e+01
2.942485427856445312e+01
2.954749488830566406e+01
3.009397506713867188e+01
3.039702415466308594e+01
3.057704353332519531e+01
3.076258468627929688e+01
3.108940315246582031e+01
3.045978355407714844e+01
2.977602005004882812e+01
2.987666320800781250e+01
3.007486724853515625e+01
3.027439689636230469e+01
2.971595573425292969e+01
2.934355926513671875e+01
2.910942649841308594e+01
2.885666465759277344e+01
2.847522163391113281e+01
2.864986419677734375e+01
2.888557243347167969e+01
2.891520118713378906e+01
2.900359344482421875e+01
2.916220664978027344e+01
2.915489578247070312e+01
2.933395767211914062e+01
2.933614349365234375e+01
2.950669288635253906e+01
2.942620086669921875e+01
2.964261245727539062e+01
2.946034812927246094e+01
2.883902931213378906e+01
2.881230545043945312e+01
2.890463066101074219e+01
2.886953544616699219e+01
2.935011863708496094e+01
2.940807151794433594e+01
2.927884674072265625e+01
2.906496047973632812e+01
2.920742225646972656e+01
2.864418601989746094e+01
