3.416496658325195312e+01
3.467578125000000000e+01
3.537760162353515625e+01
3.619332122802734375e+01
3.561899566650390625e+01
3.587105941772460938e+01
3.681775665283203125e+01
3.690427017211914062e+01
3.584082794189453125e+01
3.632305526733398438e+01
3.611754608154296875e+01
3.473492431640625000e+01
3.389704132080078125e+01
3.371978759765625000e+01
3.387878799438476562e+01
3.424512100219726562e+01
3.515600967407226562e+01
3.575311660766601562e+01
3.612067413330078125e+01
3.643215942382812500e+01
3.571254348754882812e+01
3.511002349853515625e+01
3.427374649047851562e+01
3.404955291748046875e+01
3.445262527465820312e+01
3.580984497070312500e+01
3.615453338623046875e+01
3.572950744628906250e+01
3.505910110473632812e+01
3.505502700805664062e+01
3.533153533935546875e+01
3.546399688720703125e+01
3.573122787475585938e+01
3.623277282714843750e+01
3.626876068115234375e+01
3.603686523437500000e+01
3.604415893554687500e+01
3.624589538574218750e+01
3.574335479736328125e+01
3.501481246948242188e+01
3.449219894409179688e+01
3.470192337036132812e+01
3.500234603881835938e+01
3.556309127807617188e+01
3.591437530517578125e+01
3.548228073120117188e+01
3.497972106933593750e+01
3.476362991333007812e+01
3.478372573852539062e+01
3.476805877685546875e+01
3.588414764404296875e+01
3.643083953857421875e+01
3.665995407104492188e+01
3.675436782836914062e+01
3.721425247192382812e+01
3.730559158325195312e+01
3.713177490234375000e+01
3.650492858886718750e+01
3.606729507446289062e+01
3.581797027587890625e+01
3.581432723999023438e+01
3.558794021606445312e+01
3.533267593383789062e+01
3.605312347412109375e+01
3.597542190551757812e+01
3.462378692626953125e+01
3.425346374511718750e+01
3.480238723754882812e+01
3.534757614135742188e+01
3.584135818481445312e+01
3.544249343872070312e+01
3.465204620361328125e+01
3.488521957397460938e+01
3.587771224975585938e+01
3.611114120483398438e+01
3.675000000000000000e+01
3.684728622436523438e+01
3.496294784545898438e+01
3.435621643066406250e+01
3.473979949951171875e+01
3.476762390136718750e+01
3.539062500000000000e+01
3.583661651611328125e+01
3.629408645629882812e+01
3.695299530029296875e+01
3.744870376586914062e+01
3.778306579589843750e+01
3.748358154296875000e+01
3.727291870117187500e+01
3.625224685668945312e+01
3.712484741210937500e+01
3.726111221313476562e+01
3.709816741943359375e+01
3.694454193115234375e+01
3.712516403198242188e+01
3.564955139160156250e+01
3.511972427368164062e+01
3.515431594848632812e+01
3.528388595581054688e+01
3.536493682861328125e+01
3.504766845703125000e+01
3.537627410888671875e+01
3.672870635986328125e+01
3.671537780761718750e+01
