2.438711547851562500e+01
2.461592674255371094e+01
2.468777656555175781e+01
2.463114547729492188e+01
2.458058166503906250e+01
2.432708358764648438e+01
2.405206108093261719e+01
2.386708831787109375e+01
2.371041107177734375e+01
2.349329757690429688e+01
2.338540840148925781e+01
2.338019561767578125e+01
2.344238853454589844e+01
2.359929466247558594e+01
2.360994720458984375e+01
2.386528968811035156e+01
2.408557891845703125e+01
2.421450614929199219e+01
2.440804672241210938e+01
2.461603736877441406e+01
2.480794906616210938e+01
2.440334701538085938e+01
2.411228179931640625e+01
2.411119270324707031e+01
2.396019172668457031e+01
2.381003570556640625e+01
2.383243179321289062e+01
2.393184280395507812e+01
2.391332626342773438e+01
2.378795623779296875e+01
2.365469741821289062e+01
2.353302764892578125e+01
2.341477966308593750e+01
2.332460975646972656e+01
2.326731109619140625e+01
2.321217727661132812e+01
2.319068527221679688e+01
2.318356323242187500e+01
2.319066238403320312e+01
2.315303421020507812e+01
2.311220169067382812e+01
2.305264282226562500e+01
2.295000457763671875e+01
2.283347702026367188e+01
2.274615478515625000e+01
2.268869781494140625e+01
2.262791824340820312e+01
2.254188346862792969e+01
2.243335151672363281e+01
2.239953613281250000e+01
2.250570487976074219e+01
2.271039772033691406e+01
2.296055603027343750e+01
2.319159698486328125e+01
2.334554672241210938e+01
2.342273139953613281e+01
2.341672325134277344e+01
2.341829872131347656e+01
2.324684143066406250e+01
2.305756187438964844e+01
2.286042213439941406e+01
2.272471427917480469e+01
2.272416114807128906e+01
2.274898147583007812e+01
2.277667427062988281e+01
2.275832366943359375e+01
2.277389717102050781e+01
2.288753890991210938e+01
2.297861099243164062e+01
2.302113342285156250e+01
2.296447181701660156e+01
2.288477706909179688e+01
2.272955322265625000e+01
2.261050605773925781e+01
2.251619338989257812e+01
2.252844238281250000e+01
2.262949752807617188e+01
2.283670997619628906e+01
2.308686447143554688e+01
2.324486923217773438e+01
2.338743591308593750e+01
2.344818496704101562e+01
2.347103500366210938e+01
2.352025985717773438e+01
2.358806037902832031e+01
2.371440505981445312e+01
2.380075073242187500e+01
2.391646385192871094e+01
2.394903564453125000e+01
2.399166488647460938e+01
2.401217842102050781e+01
2.404320335388183594e+01
2.460789871215820312e+01
2.506975364685058594e+01
2.524590873718261719e+01
2.543036270141601562e+01
2.567855072021484375e+01
