2.765296936035156250e+01
2.702735328674316406e+01
2.757739830017089844e+01
2.843014144897460938e+01
2.860692596435546875e+01
2.839546203613281250e+01
2.775427818298339844e+01
2.722813415527343750e+01
2.695772552490234375e+01
2.674948310852050781e+01
2.662766647338867188e+01
2.720083427429199219e+01
2.785088539123535156e+01
2.794402122497558594e+01
2.761179161071777344e+01
2.716291427612304688e+01
2.684090042114257812e+01
2.649449729919433594e+01
2.553869247436523438e+01
2.521924972534179688e+01
2.499238967895507812e+01
2.499140930175781250e+01
2.528385353088378906e+01
2.539226150512695312e+01
2.541142272949218750e+01
2.547743988037109375e+01
2.559119224548339844e+01
2.574589729309082031e+01
2.601416397094726562e+01
2.616469001770019531e+01
2.619735717773437500e+01
2.623557853698730469e+01
2.633768653869628906e+01
2.670667839050292969e+01
2.681440734863281250e+01
2.684509468078613281e+01
2.678615760803222656e+01
2.637867927551269531e+01
2.646997451782226562e+01
2.679599952697753906e+01
2.699111557006835938e+01
2.689051437377929688e+01
2.686333465576171875e+01
2.690408706665039062e+01
2.709038162231445312e+01
2.713290786743164062e+01
2.723317146301269531e+01
2.734607505798339844e+01
2.737310218811035156e+01
2.738093566894531250e+01
2.737798500061035156e+01
2.723495292663574219e+01
2.697656631469726562e+01
2.678765106201171875e+01
2.663844680786132812e+01
2.657309913635253906e+01
2.659424018859863281e+01
2.652888107299804688e+01
2.649543190002441406e+01
2.654498481750488281e+01
2.673754310607910156e+01
2.706697463989257812e+01
2.722265625000000000e+01
2.733344650268554688e+01
2.733197212219238281e+01
2.721706771850585938e+01
2.683362960815429688e+01
2.656088638305664062e+01
2.653071594238281250e+01
2.654408454895019531e+01
2.657934379577636719e+01
2.669106292724609375e+01
2.664314270019531250e+01
2.667913436889648438e+01
2.672749710083007812e+01
2.669037818908691406e+01
2.675798797607421875e+01
2.685532569885253906e+01
2.698169898986816406e+01
2.718374252319335938e+01
2.752537727355957031e+01
2.762750625610351562e+01
2.770392990112304688e+01
2.762632751464843750e+01
2.760628509521484375e+01
2.764779663085937500e+01
2.784869384765625000e+01
2.733379173278808594e+01
2.699375534057617188e+01
2.696040534973144531e+01
2.739089202880859375e+01
2.789389419555664062e+01
2.818102264404296875e+01
2.792474937438964844e+01
2.754111862182617188e+01
2.720044517517089844e+01
2.695656776428222656e+01
2.683684921264648438e+01
2.695678520202636719e+01
