3.428950881958007812e+01
3.374416732788085938e+01
3.296403121948242188e+01
3.386265182495117188e+01
3.392615127563476562e+01
3.347079849243164062e+01
3.358753585815429688e+01
3.358833694458007812e+01
3.407665634155273438e+01
3.421847534179687500e+01
3.489524459838867188e+01
3.513946151733398438e+01
3.622305297851562500e+01
3.604181671142578125e+01
3.537100601196289062e+01
3.360948944091796875e+01
3.337698745727539062e+01
3.303084182739257812e+01
3.312375640869140625e+01
3.266794586181640625e+01
3.258701705932617188e+01
3.283735656738281250e+01
3.305802536010742188e+01
3.321228790283203125e+01
3.301510238647460938e+01
3.305460739135742188e+01
3.367914199829101562e+01
3.387884140014648438e+01
3.370367050170898438e+01
3.344700241088867188e+01
3.339298248291015625e+01
3.323710632324218750e+01
3.333087539672851562e+01
3.336861801147460938e+01
3.295489501953125000e+01
3.263418579101562500e+01
3.263430786132812500e+01
3.303234481811523438e+01
3.344184875488281250e+01
3.369974136352539062e+01
3.363346481323242188e+01
3.332004165649414062e+01
3.322800445556640625e+01
3.338803100585937500e+01
3.348174667358398438e+01
3.331448745727539062e+01
3.291873550415039062e+01
3.287020492553710938e+01
3.275312042236328125e+01
3.252275466918945312e+01
3.276645278930664062e+01
3.276081848144531250e+01
3.276015472412109375e+01
3.252701187133789062e+01
3.284382247924804688e+01
3.335334777832031250e+01
3.368372726440429688e+01
3.371021652221679688e+01
3.404087448120117188e+01
3.447025680541992188e+01
3.462710952758789062e+01
3.397483062744140625e+01
3.366004562377929688e+01
3.373108291625976562e+01
3.319449615478515625e+01
3.295618057250976562e+01
3.269532394409179688e+01
3.263862991333007812e+01
3.279306030273437500e+01
3.274530029296875000e+01
3.230730056762695312e+01
3.216840362548828125e+01
3.194498634338378906e+01
3.184309005737304688e+01
3.230366897583007812e+01
3.228763961791992188e+01
3.186632919311523438e+01
3.200418472290039062e+01
3.217403030395507812e+01
3.209599685668945312e+01
3.215494918823242188e+01
3.217682647705078125e+01
3.220408248901367188e+01
3.242523574829101562e+01
3.248700332641601562e+01
3.232351684570312500e+01
3.211213302612304688e+01
3.191793632507324219e+01
3.170545578002929688e+01
3.177017974853515625e+01
3.207733154296875000e+01
3.213764190673828125e+01
3.194641876220703125e+01
3.195478439331054688e+01
3.217682266235351562e+01
3.285998916625976562e+01
3.313172149658203125e+01
3.289680480957031250e+01
3.261524200439453125e+01
3.275544738769531250e+01
3.293489074707031250e+01
3.302285003662109375e+01
3.311701965332031250e+01
3.347423171997070312e+01
