3.761861419677734375e+01
3.768905639648437500e+01
3.762683486938476562e+01
3.767595672607421875e+01
3.762039947509765625e+01
3.748616027832031250e+01
3.740065765380859375e+01
3.755699157714843750e+01
3.756918334960937500e+01
3.751974105834960938e+01
3.765399169921875000e+01
3.772322463989257812e+01
3.752536773681640625e+01
3.766536331176757812e+01
3.798595809936523438e+01
3.808456039428710938e+01
3.814982223510742188e+01
3.781859588623046875e+01
3.737347793579101562e+01
3.695072937011718750e+01
3.659803009033203125e+01
3.647964096069335938e+01
3.631902313232421875e+01
3.680111312866210938e+01
3.743991851806640625e+01
3.730471420288085938e+01
3.734376525878906250e+01
3.735372543334960938e+01
3.751015472412109375e+01
3.777402496337890625e+01
3.794757461547851562e+01
3.786768341064453125e+01
3.780143356323242188e+01
3.780973052978515625e+01
3.768236923217773438e+01
3.764923477172851562e+01
3.776102066040039062e+01
3.750995254516601562e+01
3.736207580566406250e+01
3.737649536132812500e+01
3.749912261962890625e+01
3.744683074951171875e+01
3.731786727905273438e+01
3.724955368041992188e+01
3.707545089721679688e+01
3.695860290527343750e+01
3.682486724853515625e+01
3.684933090209960938e+01
3.666320800781250000e+01
3.668095779418945312e+01
3.676465225219726562e+01
3.704362106323242188e+01
3.711970901489257812e+01
3.725411224365234375e+01
3.726982116699218750e+01
3.722263336181640625e+01
3.692164230346679688e+01
3.691852188110351562e+01
3.703735351562500000e+01
3.716372299194335938e+01
3.714207077026367188e+01
3.713405227661132812e+01
3.702306365966796875e+01
3.681575012207031250e+01
3.701816558837890625e+01
3.714051437377929688e+01
3.713898849487304688e+01
3.673251724243164062e+01
3.659445190429687500e+01
3.679331207275390625e+01
3.682304763793945312e+01
3.689201354980468750e+01
3.691490936279296875e+01
3.695212936401367188e+01
3.693499755859375000e+01
3.693482589721679688e+01
3.723772811889648438e+01
3.731198883056640625e+01
3.727064895629882812e+01
3.719793701171875000e+01
3.712556457519531250e+01
3.717003631591796875e+01
3.720600128173828125e+01
3.715302276611328125e+01
3.715176773071289062e+01
3.634474563598632812e+01
3.612363815307617188e+01
3.569987869262695312e+01
3.474420166015625000e+01
3.464475631713867188e+01
3.503521347045898438e+01
3.491885375976562500e+01
3.499190902709960938e+01
3.530340576171875000e+01
3.512719345092773438e+01
3.545105743408203125e+01
3.642421722412109375e+01
3.744020462036132812e+01
3.582940673828125000e+01
3.565836715698242188e+01
3.560385513305664062e+01
3.599065017700195312e+01
3.600944900512695312e+01
3.552146148681640625e+01
3.561053085327148438e+01
3.492672729492187500e+01
