2.706100273132324219e+01
2.706635665893554688e+01
2.684119987487792969e+01
2.697258567810058594e+01
2.790791702270507812e+01
2.810843849182128906e+01
2.862112045288085938e+01
2.845387649536132812e+01
2.861996078491210938e+01
2.919338226318359375e+01
3.009853553771972656e+01
3.059826278686523438e+01
3.076806259155273438e+01
3.059072685241699219e+01
3.016232490539550781e+01
2.997962570190429688e+01
3.051893615722656250e+01
3.090082550048828125e+01
3.096202659606933594e+01
3.093163299560546875e+01
3.085823440551757812e+01
3.063357925415039062e+01
3.051757049560546875e+01
3.055053138732910156e+01
3.063677978515625000e+01
3.075387001037597656e+01
3.093621826171875000e+01
3.092142486572265625e+01
3.077274894714355469e+01
3.072413635253906250e+01
3.090435791015625000e+01
3.100848388671875000e+01
3.084906005859375000e+01
3.070171928405761719e+01
3.057230567932128906e+01
3.049032402038574219e+01
3.045552635192871094e+01
3.044244766235351562e+01
3.039341163635253906e+01
3.037190818786621094e+01
3.037417984008789062e+01
3.030166816711425781e+01
3.018954658508300781e+01
3.008511543273925781e+01
2.996611976623535156e+01
3.005497360229492188e+01
3.016197395324707031e+01
3.015539550781250000e+01
3.023208618164062500e+01
3.060092544555664062e+01
3.066875457763671875e+01
3.073908233642578125e+01
3.072106552124023438e+01
3.068827438354492188e+01
3.067958450317382812e+01
3.074637985229492188e+01
3.071803665161132812e+01
3.067004966735839844e+01
3.062552452087402344e+01
3.062127876281738281e+01
3.058950996398925781e+01
3.053379440307617188e+01
3.049434089660644531e+01
3.053082275390625000e+01
3.066001892089843750e+01
3.071931266784667969e+01
3.071850585937500000e+01
3.066489219665527344e+01
3.062640762329101562e+01
3.062248802185058594e+01
3.056205749511718750e+01
3.043745231628417969e+01
3.032967567443847656e+01
3.027486228942871094e+01
2.999807167053222656e+01
2.946826934814453125e+01
2.895800971984863281e+01
2.884026336669921875e+01
2.873428153991699219e+01
2.850844573974609375e+01
2.836156463623046875e+01
2.840408706665039062e+01
2.852182579040527344e+01
2.853782081604003906e+01
2.840861511230468750e+01
2.839459228515625000e+01
2.843290710449218750e+01
