2.624867248535156250e+01
2.633078384399414062e+01
2.640782356262207031e+01
2.624618148803710938e+01
2.588088798522949219e+01
2.559895706176757812e+01
2.543215560913085938e+01
2.550291252136230469e+01
2.558654212951660156e+01
2.527083015441894531e+01
2.503619384765625000e+01
2.481017494201660156e+01
2.452750968933105469e+01
2.465536117553710938e+01
2.501140213012695312e+01
2.500791168212890625e+01
2.494900703430175781e+01
2.509584999084472656e+01
2.509630203247070312e+01
2.498753547668457031e+01
2.482721900939941406e+01
2.475467300415039062e+01
2.491139984130859375e+01
2.501722908020019531e+01
2.517362022399902344e+01
2.534055709838867188e+01
2.530426788330078125e+01
2.514861488342285156e+01
2.505606460571289062e+01
2.489601135253906250e+01
2.492484855651855469e+01
2.501426124572753906e+01
2.512531471252441406e+01
2.520192146301269531e+01
2.495482254028320312e+01
2.471429443359375000e+01
2.455055046081542969e+01
2.458379364013671875e+01
2.484354019165039062e+01
2.481751251220703125e+01
2.452576065063476562e+01
2.439421653747558594e+01
2.433154296875000000e+01
2.430045127868652344e+01
2.428924942016601562e+01
2.431656646728515625e+01
2.420863342285156250e+01
2.407617950439453125e+01
2.398366165161132812e+01
2.395717239379882812e+01
2.401411247253417969e+01
2.406051254272460938e+01
2.397202682495117188e+01
2.386440277099609375e+01
2.389091873168945312e+01
2.401069641113281250e+01
2.411529350280761719e+01
2.408317947387695312e+01
2.402189826965332031e+01
2.398888587951660156e+01
2.401229667663574219e+01
2.407213973999023438e+01
2.413976287841796875e+01
2.420243263244628906e+01
2.424592590332031250e+01
2.420533370971679688e+01
2.424221801757812500e+01
2.438872528076171875e+01
2.437927055358886719e+01
2.438806343078613281e+01
2.425965881347656250e+01
2.410621070861816406e+01
2.404403686523437500e+01
2.409210968017578125e+01
2.419429779052734375e+01
2.429656791687011719e+01
2.430818367004394531e+01
2.428158187866210938e+01
2.436804962158203125e+01
2.436674118041992188e+01
2.440840148925781250e+01
2.444770431518554688e+01
2.445469284057617188e+01
2.448653984069824219e+01
2.438273048400878906e+01
2.417704200744628906e+01
2.409866905212402344e+01
2.411249160766601562e+01
2.425270843505859375e+01
2.447946548461914062e+01
2.465959358215332031e+01
2.462260818481445312e+01
2.464914131164550781e+01
2.463679885864257812e+01
2.463129806518554688e+01
2.480574989318847656e+01
2.512270355224609375e+01
2.533788108825683594e+01
2.534336662292480469e+01
2.520778465270996094e+01
2.522630691528320312e+01
2.492510795593261719e+01
2.484254455566406250e+01
2.476857757568359375e+01
2.480449295043945312e+01
2.494545173645019531e+01
