2.700852584838867188e+01
2.675618934631347656e+01
2.596969032287597656e+01
2.542767715454101562e+01
2.520643043518066406e+01
2.483854866027832031e+01
2.409072685241699219e+01
2.379578018188476562e+01
2.341881561279296875e+01
2.329734230041503906e+01
2.320888137817382812e+01
2.270308876037597656e+01
2.261757659912109375e+01
2.276069450378417969e+01
2.287563323974609375e+01
2.318858718872070312e+01
2.360906410217285156e+01
2.387915611267089844e+01
2.405613136291503906e+01
2.405485534667968750e+01
2.396410560607910156e+01
2.428468894958496094e+01
2.424608802795410156e+01
2.417372322082519531e+01
2.408794593811035156e+01
2.412830924987792969e+01
2.412949752807617188e+01
2.417048072814941406e+01
2.399623680114746094e+01
2.402757072448730469e+01
2.416298294067382812e+01
2.417941093444824219e+01
2.405079841613769531e+01
2.381035614013671875e+01
2.362443161010742188e+01
2.356663894653320312e+01
2.357026100158691406e+01
2.345763587951660156e+01
2.338568878173828125e+01
2.325486183166503906e+01
2.317948913574218750e+01
2.319735145568847656e+01
2.319711112976074219e+01
2.333722686767578125e+01
2.347517204284667969e+01
2.338788414001464844e+01
2.311132240295410156e+01
2.294402885437011719e+01
2.284616661071777344e+01
2.276206207275390625e+01
2.273365402221679688e+01
2.279526901245117188e+01
2.301812553405761719e+01
2.330501174926757812e+01
2.344394874572753906e+01
2.349624061584472656e+01
2.348888397216796875e+01
2.342014503479003906e+01
2.339397621154785156e+01
2.341218185424804688e+01
2.337410926818847656e+01
2.334368133544921875e+01
2.325117111206054688e+01
2.322376441955566406e+01
2.328511047363281250e+01
2.338901138305664062e+01
2.344695854187011719e+01
2.348055458068847656e+01
2.348704719543457031e+01
2.352302551269531250e+01
2.369167327880859375e+01
2.385685729980468750e+01
2.396085548400878906e+01
2.390426445007324219e+01
2.376006126403808594e+01
2.365348434448242188e+01
2.346841621398925781e+01
2.329494667053222656e+01
2.324103736877441406e+01
2.316941261291503906e+01
2.329063415527343750e+01
2.348790740966796875e+01
2.345404243469238281e+01
2.345337486267089844e+01
2.359595298767089844e+01
2.362500572204589844e+01
2.366736793518066406e+01
2.374303436279296875e+01
2.383324241638183594e+01
2.390006065368652344e+01
2.398000144958496094e+01
2.399951744079589844e+01
2.390332221984863281e+01
2.359363365173339844e+01
2.335888481140136719e+01
2.326743888854980469e+01
2.333031272888183594e+01
2.344955444335937500e+01
2.358240509033203125e+01
2.373662757873535156e+01
2.378611755371093750e+01
2.370224761962890625e+01
2.353394699096679688e+01
2.348217391967773438e+01
2.360982894897460938e+01
2.351905822753906250e+01
2.306032943725585938e+01
2.289299011230468750e+01
