3.231694030761718750e+01
3.263315200805664062e+01
3.270519256591796875e+01
3.255674743652343750e+01
3.228604888916015625e+01
3.151675033569335938e+01
3.131380462646484375e+01
3.116628074645996094e+01
3.160188484191894531e+01
3.228878784179687500e+01
3.248744583129882812e+01
3.250649261474609375e+01
3.264627838134765625e+01
3.253444290161132812e+01
3.253556060791015625e+01
3.241628265380859375e+01
3.236060333251953125e+01
3.273865890502929688e+01
3.291707611083984375e+01
3.281898117065429688e+01
3.203791809082031250e+01
3.177010917663574219e+01
3.135272598266601562e+01
3.148965263366699219e+01
3.157411575317382812e+01
3.151229286193847656e+01
3.134328079223632812e+01
3.148876762390136719e+01
3.202669906616210938e+01
3.236563873291015625e+01
3.238562011718750000e+01
3.247534179687500000e+01
3.263103103637695312e+01
3.241658782958984375e+01
3.228546905517578125e+01
3.202873229980468750e+01
3.217126083374023438e+01
3.234282684326171875e+01
3.267113876342773438e+01
3.302510452270507812e+01
3.324950790405273438e+01
3.331151580810546875e+01
3.303340148925781250e+01
3.268915557861328125e+01
3.201974105834960938e+01
3.165930557250976562e+01
3.170389366149902344e+01
3.196174621582031250e+01
3.215879058837890625e+01
3.202604675292968750e+01
3.173492240905761719e+01
3.159943580627441406e+01
3.162885665893554688e+01
3.172642326354980469e+01
3.149802398681640625e+01
3.145930480957031250e+01
3.125695610046386719e+01
3.119736671447753906e+01
3.113480567932128906e+01
3.076026344299316406e+01
3.047478103637695312e+01
3.075755691528320312e+01
3.104463958740234375e+01
3.132424354553222656e+01
3.151155853271484375e+01
3.188219070434570312e+01
3.241223144531250000e+01
3.268559646606445312e+01
3.252957153320312500e+01
3.250482559204101562e+01
3.255951309204101562e+01
3.285566329956054688e+01
3.304644775390625000e+01
3.293809509277343750e+01
3.298528289794921875e+01
3.257751846313476562e+01
3.211962890625000000e+01
3.206288909912109375e+01
3.220569610595703125e+01
3.179467773437500000e+01
3.139673042297363281e+01
3.132957649230957031e+01
3.220882797241210938e+01
3.294210433959960938e+01
3.287884902954101562e+01
3.263602447509765625e+01
3.217842102050781250e+01
3.207826232910156250e+01
3.219330596923828125e+01
3.213760375976562500e+01
3.179467582702636719e+01
3.177086448669433594e+01
3.203988647460937500e+01
3.235553741455078125e+01
3.234611129760742188e+01
3.243259811401367188e+01
3.237651824951171875e+01
3.217822265625000000e+01
3.201184463500976562e+01
3.238089752197265625e+01
3.264313507080078125e+01
3.279529190063476562e+01
3.285096740722656250e+01
3.300279617309570312e+01
3.343241500854492188e+01
3.329453659057617188e+01
