2.480123901367187500e+01
2.473545837402343750e+01
2.471396636962890625e+01
2.463759613037109375e+01
2.472884368896484375e+01
2.481501388549804688e+01
2.488790893554687500e+01
2.504796218872070312e+01
2.492936897277832031e+01
2.492213249206542969e+01
2.487405776977539062e+01
2.506279563903808594e+01
2.517158699035644531e+01
2.531831741333007812e+01
2.532599830627441406e+01
2.517195510864257812e+01
2.537895584106445312e+01
2.572036361694335938e+01
2.589557075500488281e+01
2.590603828430175781e+01
2.572596740722656250e+01
2.547302818298339844e+01
2.569372749328613281e+01
2.598728370666503906e+01
2.588945770263671875e+01
2.582841682434082031e+01
2.574298667907714844e+01
2.574091911315917969e+01
2.601625442504882812e+01
2.632983398437500000e+01
2.639361572265625000e+01
2.630636405944824219e+01
2.619400787353515625e+01
2.610021972656250000e+01
2.597531509399414062e+01
2.592016983032226562e+01
2.594385147094726562e+01
2.599284172058105469e+01
2.602317047119140625e+01
2.601318359375000000e+01
2.592117881774902344e+01
2.585939216613769531e+01
2.584629631042480469e+01
2.584588050842285156e+01
2.582203102111816406e+01
2.579371452331542969e+01
2.577961730957031250e+01
2.578937149047851562e+01
2.583387184143066406e+01
2.590032768249511719e+01
2.594088172912597656e+01
2.595837783813476562e+01
2.590038490295410156e+01
2.584988021850585938e+01
2.580802917480468750e+01
2.587597656250000000e+01
2.592738342285156250e+01
2.587746238708496094e+01
2.587002754211425781e+01
2.585247993469238281e+01
2.594360923767089844e+01
2.605010032653808594e+01
2.608296585083007812e+01
2.609329605102539062e+01
2.605836868286132812e+01
2.603860855102539062e+01
2.604615211486816406e+01
2.609940910339355469e+01
2.614942169189453125e+01
2.618623352050781250e+01
2.611963272094726562e+01
2.599602699279785156e+01
2.593480873107910156e+01
2.584305953979492188e+01
2.578358268737792969e+01
2.569223785400390625e+01
2.566809463500976562e+01
2.563401412963867188e+01
2.570087432861328125e+01
2.578472900390625000e+01
2.577809715270996094e+01
2.585802268981933594e+01
2.577203369140625000e+01
2.580834197998046875e+01
2.582464599609375000e+01
2.579964065551757812e+01
2.585507965087890625e+01
2.575990295410156250e+01
2.585368347167968750e+01
2.590458679199218750e+01
2.604616165161132812e+01
2.598490333557128906e+01
2.603737068176269531e+01
