2.938280487060546875e+01
2.849536705017089844e+01
2.845710945129394531e+01
2.866252136230468750e+01
2.861753845214843750e+01
2.838750267028808594e+01
2.846115112304687500e+01
2.884910774230957031e+01
2.938170814514160156e+01
2.969536399841308594e+01
2.942537689208984375e+01
2.960704994201660156e+01
2.882398605346679688e+01
2.844414138793945312e+01
2.813385581970214844e+01
2.771629142761230469e+01
2.729210090637207031e+01
2.726827812194824219e+01
2.727419471740722656e+01
2.747090721130371094e+01
2.779418182373046875e+01
2.802447891235351562e+01
2.807881736755371094e+01
2.819276428222656250e+01
2.825480842590332031e+01
2.828079986572265625e+01
2.831751823425292969e+01
2.824999809265136719e+01
2.807382774353027344e+01
2.797314262390136719e+01
2.784098052978515625e+01
2.785352134704589844e+01
2.788542366027832031e+01
2.794806861877441406e+01
2.813821792602539062e+01
2.825839424133300781e+01
2.823881340026855469e+01
2.839612770080566406e+01
2.845700454711914062e+01
2.848723411560058594e+01
2.879005813598632812e+01
2.889029312133789062e+01
2.873421859741210938e+01
2.870268440246582031e+01
2.861490440368652344e+01
2.858156204223632812e+01
2.857638549804687500e+01
2.850640678405761719e+01
2.849744033813476562e+01
2.856044197082519531e+01
2.861982154846191406e+01
2.867168617248535156e+01
2.878238105773925781e+01
2.878285789489746094e+01
2.852359962463378906e+01
2.830279159545898438e+01
2.816382789611816406e+01
2.817155838012695312e+01
2.833397483825683594e+01
2.859978675842285156e+01
2.888738059997558594e+01
2.894948005676269531e+01
2.868704223632812500e+01
2.857297706604003906e+01
2.851146125793457031e+01
2.846574592590332031e+01
2.845952987670898438e+01
2.849687767028808594e+01
2.863815307617187500e+01
2.863738822937011719e+01
2.859328651428222656e+01
2.851418495178222656e+01
2.843002128601074219e+01
2.844896125793457031e+01
2.847744178771972656e+01
2.858683586120605469e+01
2.862654685974121094e+01
2.856637954711914062e+01
2.850181579589843750e+01
2.833034515380859375e+01
2.815236854553222656e+01
2.816313934326171875e+01
2.841604423522949219e+01
2.856167221069335938e+01
2.847188186645507812e+01
2.859788703918457031e+01
2.860579109191894531e+01
2.860566329956054688e+01
2.864690971374511719e+01
2.893643379211425781e+01
2.922313308715820312e+01
2.913731956481933594e+01
2.904491806030273438e+01
2.889252090454101562e+01
2.875514411926269531e+01
2.916524124145507812e+01
2.920684814453125000e+01
2.913022422790527344e+01
2.935338020324707031e+01
2.980338668823242188e+01
2.998775863647460938e+01
2.962518501281738281e+01
2.861677932739257812e+01
2.836573219299316406e+01
