3.581238555908203125e+01
3.505274581909179688e+01
3.589776229858398438e+01
3.618800735473632812e+01
3.648992538452148438e+01
3.599294281005859375e+01
3.577423858642578125e+01
3.544644165039062500e+01
3.574987792968750000e+01
3.585865402221679688e+01
3.539585876464843750e+01
3.485044479370117188e+01
3.493882751464843750e+01
3.511747741699218750e+01
3.505723571777343750e+01
3.502548599243164062e+01
3.547934722900390625e+01
3.631996917724609375e+01
3.686097335815429688e+01
3.662158584594726562e+01
3.602397155761718750e+01
3.548488616943359375e+01
3.531523513793945312e+01
3.534668731689453125e+01
3.535878372192382812e+01
3.449791717529296875e+01
3.394034957885742188e+01
3.402423858642578125e+01
3.386740112304687500e+01
3.374813842773437500e+01
3.361955261230468750e+01
3.367946243286132812e+01
3.428041076660156250e+01
3.495936203002929688e+01
3.478895187377929688e+01
3.459443283081054688e+01
3.467136001586914062e+01
3.504969024658203125e+01
3.593753433227539062e+01
3.631505966186523438e+01
3.657859039306640625e+01
3.616731643676757812e+01
3.601318740844726562e+01
3.509638595581054688e+01
3.461790084838867188e+01
3.497306823730468750e+01
3.568152236938476562e+01
3.608631134033203125e+01
3.525736236572265625e+01
3.474694824218750000e+01
3.502170562744140625e+01
3.516523742675781250e+01
3.478279876708984375e+01
3.458201217651367188e+01
3.459816360473632812e+01
3.481989669799804688e+01
3.489986038208007812e+01
3.448516082763671875e+01
3.424320983886718750e+01
3.427173995971679688e+01
3.467239379882812500e+01
3.473738479614257812e+01
3.472558212280273438e+01
3.496941375732421875e+01
3.460521697998046875e+01
3.416120147705078125e+01
3.426659393310546875e+01
3.431581497192382812e+01
3.455513763427734375e+01
3.516595077514648438e+01
3.574462127685546875e+01
3.552670288085937500e+01
3.458343505859375000e+01
3.414612197875976562e+01
3.412005233764648438e+01
3.405607223510742188e+01
3.411582565307617188e+01
3.445372390747070312e+01
3.483301925659179688e+01
3.459217834472656250e+01
3.456518554687500000e+01
3.491577911376953125e+01
3.509495925903320312e+01
3.514780426025390625e+01
3.538626098632812500e+01
3.589914321899414062e+01
3.573650360107421875e+01
3.587073516845703125e+01
3.615761184692382812e+01
3.634905242919921875e+01
3.643315505981445312e+01
3.658011245727539062e+01
3.612850952148437500e+01
3.619207763671875000e+01
3.655128097534179688e+01
3.648463439941406250e+01
3.632524108886718750e+01
3.612084960937500000e+01
3.595535659790039062e+01
3.601640319824218750e+01
3.625229644775390625e+01
3.751583099365234375e+01
3.775681304931640625e+01
3.705978012084960938e+01
3.565216827392578125e+01
