2.804034042358398438e+01
2.795692443847656250e+01
2.796001243591308594e+01
2.819976615905761719e+01
2.851759338378906250e+01
2.870364952087402344e+01
2.862924957275390625e+01
2.820661544799804688e+01
2.798794746398925781e+01
2.806778717041015625e+01
2.817140197753906250e+01
2.836086463928222656e+01
2.845817947387695312e+01
2.847238349914550781e+01
2.842977714538574219e+01
2.833582115173339844e+01
2.825636291503906250e+01
2.816160774230957031e+01
2.813389396667480469e+01
2.831104278564453125e+01
2.840205192565917969e+01
2.845120048522949219e+01
2.846864509582519531e+01
2.832504272460937500e+01
2.828970146179199219e+01
2.838042449951171875e+01
2.834015083312988281e+01
2.845864868164062500e+01
2.854692649841308594e+01
2.848770332336425781e+01
2.839748191833496094e+01
2.819814872741699219e+01
2.807522392272949219e+01
2.813573837280273438e+01
2.810881805419921875e+01
2.814491844177246094e+01
2.812190818786621094e+01
2.812225723266601562e+01
2.790969467163085938e+01
2.766389656066894531e+01
2.763886260986328125e+01
2.769471931457519531e+01
2.800178527832031250e+01
2.829316520690917969e+01
2.841602706909179688e+01
2.851452064514160156e+01
2.847686195373535156e+01
2.853383827209472656e+01
2.852101707458496094e+01
2.842645263671875000e+01
2.854639816284179688e+01
2.880046463012695312e+01
2.866000556945800781e+01
2.833037757873535156e+01
2.791384124755859375e+01
2.768112182617187500e+01
2.785353088378906250e+01
2.788439559936523438e+01
2.789478683471679688e+01
2.788128471374511719e+01
2.795937156677246094e+01
2.806418228149414062e+01
2.817954063415527344e+01
2.817634010314941406e+01
2.808179855346679688e+01
2.786371612548828125e+01
2.776070976257324219e+01
2.791341400146484375e+01
2.820928001403808594e+01
2.830993461608886719e+01
2.832876968383789062e+01
2.828847312927246094e+01
2.814704132080078125e+01
2.774874305725097656e+01
2.741040802001953125e+01
2.742148780822753906e+01
2.770865058898925781e+01
2.805374908447265625e+01
2.822370910644531250e+01
2.816267585754394531e+01
2.800193405151367188e+01
2.803500747680664062e+01
2.808728218078613281e+01
2.810889625549316406e+01
2.807443809509277344e+01
2.787607955932617188e+01
2.756788253784179688e+01
2.717450904846191406e+01
2.688216209411621094e+01
2.685101699829101562e+01
2.688965415954589844e+01
2.699714088439941406e+01
2.709723854064941406e+01
2.719209480285644531e+01
2.725432395935058594e+01
2.749781227111816406e+01
2.778804206848144531e+01
2.807827568054199219e+01
2.800605201721191406e+01
2.793916893005371094e+01
