3.768235778808593750e+01
3.757572937011718750e+01
3.750858688354492188e+01
3.746724700927734375e+01
3.747729110717773438e+01
3.737995147705078125e+01
3.731025695800781250e+01
3.721052169799804688e+01
3.722555160522460938e+01
3.719310760498046875e+01
3.724474334716796875e+01
3.728709030151367188e+01
3.727664184570312500e+01
3.738468170166015625e+01
3.721331787109375000e+01
3.696441650390625000e+01
3.682135772705078125e+01
3.675147247314453125e+01
3.695139312744140625e+01
3.701540756225585938e+01
3.699483871459960938e+01
3.691779708862304688e+01
3.691011047363281250e+01
3.705080413818359375e+01
3.717121124267578125e+01
3.719838714599609375e+01
3.732181930541992188e+01
3.728638458251953125e+01
3.712395858764648438e+01
3.709597015380859375e+01
3.727765655517578125e+01
3.732021331787109375e+01
3.733401107788085938e+01
3.725536346435546875e+01
3.707329177856445312e+01
3.686683654785156250e+01
3.688267898559570312e+01
3.714719772338867188e+01
3.729264068603515625e+01
3.724042129516601562e+01
3.726496124267578125e+01
3.733496093750000000e+01
3.741523742675781250e+01
3.743734741210937500e+01
3.752609634399414062e+01
3.752445220947265625e+01
3.746324539184570312e+01
3.751808547973632812e+01
3.740285110473632812e+01
3.739715957641601562e+01
3.741748428344726562e+01
3.734658813476562500e+01
3.728701782226562500e+01
3.740469360351562500e+01
3.751795959472656250e+01
3.752143096923828125e+01
3.747649383544921875e+01
3.752072525024414062e+01
3.733549880981445312e+01
3.722457504272460938e+01
3.708822631835937500e+01
3.702579116821289062e+01
3.705924224853515625e+01
3.713089370727539062e+01
3.731805038452148438e+01
3.735370254516601562e+01
3.731380462646484375e+01
3.721081924438476562e+01
3.715087890625000000e+01
3.708075714111328125e+01
3.701390838623046875e+01
3.686218261718750000e+01
3.665469741821289062e+01
3.658109283447265625e+01
3.656313705444335938e+01
3.668756484985351562e+01
3.670976257324218750e+01
3.671070861816406250e+01
3.675814819335937500e+01
3.660676574707031250e+01
3.654919052124023438e+01
3.669070053100585938e+01
3.683355712890625000e+01
3.691674804687500000e+01
3.689433288574218750e+01
3.702299880981445312e+01
3.730860519409179688e+01
3.734499740600585938e+01
3.745642471313476562e+01
3.736201477050781250e+01
3.739342117309570312e+01
3.742586517333984375e+01
3.757081985473632812e+01
3.762089920043945312e+01
3.758068847656250000e+01
3.725134277343750000e+01
3.706689834594726562e+01
3.710635757446289062e+01
3.716495513916015625e+01
3.724703979492187500e+01
3.735018157958984375e+01
3.740405273437500000e+01
3.728466033935546875e+01
3.710965728759765625e+01
3.698620605468750000e+01
3.702407073974609375e+01
