2.635261535644531250e+01
2.606768417358398438e+01
2.622456741333007812e+01
2.660723876953125000e+01
2.620709037780761719e+01
2.612555885314941406e+01
2.630352973937988281e+01
2.617299079895019531e+01
2.618747901916503906e+01
2.628516387939453125e+01
2.608460617065429688e+01
2.584692001342773438e+01
2.572658348083496094e+01
2.574098014831542969e+01
2.593150711059570312e+01
2.606663894653320312e+01
2.610412025451660156e+01
2.622825050354003906e+01
2.622106933593750000e+01
2.621419906616210938e+01
2.613467979431152344e+01
2.599636840820312500e+01
2.593660545349121094e+01
2.597692680358886719e+01
2.602997016906738281e+01
2.608473205566406250e+01
2.603356552124023438e+01
2.597515678405761719e+01
2.593753623962402344e+01
2.587732887268066406e+01
2.585577201843261719e+01
2.585100936889648438e+01
2.585681533813476562e+01
2.593868064880371094e+01
2.594418334960937500e+01
2.582555770874023438e+01
2.584863662719726562e+01
2.595849227905273438e+01
2.605751419067382812e+01
2.614401435852050781e+01
2.612191009521484375e+01
2.613472175598144531e+01
2.603958511352539062e+01
2.585900688171386719e+01
2.567920112609863281e+01
2.556868934631347656e+01
2.565987968444824219e+01
2.595906829833984375e+01
2.622202682495117188e+01
2.651428985595703125e+01
2.661951828002929688e+01
2.631486892700195312e+01
2.622669029235839844e+01
2.639088439941406250e+01
2.608349227905273438e+01
2.597488784790039062e+01
2.592648887634277344e+01
2.588734245300292969e+01
2.594916725158691406e+01
2.603613471984863281e+01
2.614820861816406250e+01
2.619086647033691406e+01
2.609963607788085938e+01
2.598123168945312500e+01
2.588550758361816406e+01
2.585798454284667969e+01
2.582579040527343750e+01
2.586865615844726562e+01
2.583213233947753906e+01
2.582427978515625000e+01
2.586584472656250000e+01
2.592497444152832031e+01
2.601130867004394531e+01
2.603193664550781250e+01
2.596947288513183594e+01
2.601555442810058594e+01
2.599447059631347656e+01
2.606464576721191406e+01
2.627433586120605469e+01
2.640077400207519531e+01
2.646349334716796875e+01
2.636733627319335938e+01
2.612821197509765625e+01
2.616587066650390625e+01
2.629452323913574219e+01
2.632651901245117188e+01
2.625583267211914062e+01
2.616162681579589844e+01
2.614250755310058594e+01
2.628039741516113281e+01
2.644004631042480469e+01
2.643504905700683594e+01
2.633134841918945312e+01
2.628143501281738281e+01
2.632333755493164062e+01
2.649032211303710938e+01
2.645041084289550781e+01
2.648991966247558594e+01
2.647542381286621094e+01
2.640551948547363281e+01
2.617682075500488281e+01
2.585904693603515625e+01
2.607248306274414062e+01
2.638904953002929688e+01
