2.263936042785644531e+01
2.250806808471679688e+01
2.236386680603027344e+01
2.184813690185546875e+01
2.192057991027832031e+01
2.195156478881835938e+01
2.186080741882324219e+01
2.206219291687011719e+01
2.202865409851074219e+01
2.209507369995117188e+01
2.217968559265136719e+01
2.222448539733886719e+01
2.243633270263671875e+01
2.242353630065917969e+01
2.253811454772949219e+01
2.274407005310058594e+01
2.288199234008789062e+01
2.303444290161132812e+01
2.305516624450683594e+01
2.321676254272460938e+01
2.343457412719726562e+01
2.355665969848632812e+01
2.366913223266601562e+01
2.355824661254882812e+01
2.345197296142578125e+01
2.332354545593261719e+01
2.317116737365722656e+01
2.315285491943359375e+01
2.311163520812988281e+01
2.310912132263183594e+01
2.310917282104492188e+01
2.308131599426269531e+01
2.316859817504882812e+01
2.314308357238769531e+01
2.320585060119628906e+01
2.333642768859863281e+01
2.334493827819824219e+01
2.334524917602539062e+01
2.332799148559570312e+01
2.333854675292968750e+01
2.332456779479980469e+01
2.331446075439453125e+01
2.331832695007324219e+01
2.324654197692871094e+01
2.318795394897460938e+01
2.319066429138183594e+01
2.308735466003417969e+01
2.304649543762207031e+01
2.300081443786621094e+01
2.302934837341308594e+01
2.310427284240722656e+01
2.310019874572753906e+01
2.309950065612792969e+01
2.302196311950683594e+01
2.299432945251464844e+01
2.298562622070312500e+01
2.291521263122558594e+01
2.289003944396972656e+01
2.286135101318359375e+01
2.283277893066406250e+01
2.277256393432617188e+01
2.273915290832519531e+01
2.278302192687988281e+01
2.276374244689941406e+01
2.277896499633789062e+01
2.279478073120117188e+01
2.291276741027832031e+01
2.303510856628417969e+01
2.322937202453613281e+01
2.335923194885253906e+01
2.340803718566894531e+01
2.330428886413574219e+01
2.322803878784179688e+01
2.309319686889648438e+01
2.301990890502929688e+01
2.303422164916992188e+01
2.294415855407714844e+01
2.291451835632324219e+01
2.277800178527832031e+01
2.259641838073730469e+01
2.260276412963867188e+01
2.268884849548339844e+01
2.281299400329589844e+01
2.281202507019042969e+01
2.277947807312011719e+01
2.280193519592285156e+01
2.274276733398437500e+01
2.279507446289062500e+01
2.277811622619628906e+01
2.262219619750976562e+01
2.248411941528320312e+01
2.239168739318847656e+01
2.243247032165527344e+01
2.246740913391113281e+01
2.255853652954101562e+01
2.270686721801757812e+01
2.290558433532714844e+01
2.340775299072265625e+01
2.367297744750976562e+01
2.385872268676757812e+01
2.383921241760253906e+01
