2.165173721313476562e+01
2.114524841308593750e+01
2.106537246704101562e+01
2.078573799133300781e+01
2.063948249816894531e+01
2.072388648986816406e+01
2.072945022583007812e+01
2.082797241210937500e+01
2.066032218933105469e+01
2.065909767150878906e+01
2.074960136413574219e+01
2.089815139770507812e+01
2.100837516784667969e+01
2.104716682434082031e+01
2.111031532287597656e+01
2.090012550354003906e+01
2.086892700195312500e+01
2.069300842285156250e+01
2.053646469116210938e+01
2.031961059570312500e+01
2.016852188110351562e+01
2.037618827819824219e+01
2.047900581359863281e+01
2.073914337158203125e+01
2.090039443969726562e+01
2.087751197814941406e+01
2.080937576293945312e+01
2.079220390319824219e+01
2.085640907287597656e+01
2.092805290222167969e+01
2.099601554870605469e+01
2.101104354858398438e+01
2.104202079772949219e+01
2.104330253601074219e+01
2.104191017150878906e+01
2.104219627380371094e+01
2.080821418762207031e+01
2.069428634643554688e+01
2.059071731567382812e+01
2.053136062622070312e+01
2.050028419494628906e+01
2.058809661865234375e+01
2.081265449523925781e+01
2.084711456298828125e+01
2.095121765136718750e+01
2.083387374877929688e+01
2.080865859985351562e+01
2.073122024536132812e+01
2.051841354370117188e+01
2.045217895507812500e+01
2.035289192199707031e+01
2.031358718872070312e+01
2.023771667480468750e+01
2.021797180175781250e+01
2.024823570251464844e+01
2.030044174194335938e+01
2.031517028808593750e+01
2.032235336303710938e+01
2.036183166503906250e+01
2.039485549926757812e+01
2.050216865539550781e+01
2.062882423400878906e+01
2.082209205627441406e+01
2.106650352478027344e+01
2.121153450012207031e+01
2.145260429382324219e+01
2.161537361145019531e+01
2.172719764709472656e+01
2.171811866760253906e+01
2.152767372131347656e+01
2.132538032531738281e+01
2.089190673828125000e+01
2.054932975769042969e+01
2.055142593383789062e+01
2.071003150939941406e+01
2.108270835876464844e+01
2.140876960754394531e+01
2.152382278442382812e+01
2.126204490661621094e+01
2.108299827575683594e+01
2.071327781677246094e+01
2.057394027709960938e+01
2.073007965087890625e+01
2.116938400268554688e+01
2.186298942565917969e+01
2.297748184204101562e+01
2.404136466979980469e+01
2.365292358398437500e+01
2.316666221618652344e+01
2.279178237915039062e+01
2.275526237487792969e+01
2.326239585876464844e+01
2.339060974121093750e+01
