3.223196029663085938e+01
3.241012954711914062e+01
3.262735366821289062e+01
3.314687347412109375e+01
3.384375762939453125e+01
3.411740493774414062e+01
3.432031250000000000e+01
3.428995513916015625e+01
3.412022018432617188e+01
3.386824035644531250e+01
3.366806030273437500e+01
3.385551452636718750e+01
3.459171295166015625e+01
3.481550979614257812e+01
3.475609588623046875e+01
3.454360580444335938e+01
3.470680618286132812e+01
3.473144912719726562e+01
3.400047302246093750e+01
3.345882034301757812e+01
3.334329223632812500e+01
3.378924942016601562e+01
3.360115051269531250e+01
3.307499694824218750e+01
3.300610733032226562e+01
3.303185272216796875e+01
3.297302627563476562e+01
3.293161010742187500e+01
3.301129150390625000e+01
3.321154785156250000e+01
3.316115951538085938e+01
3.292747116088867188e+01
3.266264724731445312e+01
3.274732208251953125e+01
3.279969787597656250e+01
3.271878433227539062e+01
3.282788085937500000e+01
3.280659866333007812e+01
3.260102844238281250e+01
3.256722259521484375e+01
3.241404342651367188e+01
3.232382965087890625e+01
3.222941589355468750e+01
3.225042724609375000e+01
3.223791503906250000e+01
3.239796066284179688e+01
3.247803878784179688e+01
3.248522949218750000e+01
3.248208236694335938e+01
3.235987091064453125e+01
3.222397994995117188e+01
3.173604583740234375e+01
3.169196319580078125e+01
3.241470336914062500e+01
3.279329299926757812e+01
3.275424957275390625e+01
3.305563354492187500e+01
3.282179641723632812e+01
3.263346862792968750e+01
3.255391693115234375e+01
3.238510513305664062e+01
3.230762863159179688e+01
3.223372650146484375e+01
3.233181381225585938e+01
3.206153106689453125e+01
3.161784362792968750e+01
3.149233627319335938e+01
3.155641174316406250e+01
3.166207695007324219e+01
3.175167274475097656e+01
3.180666732788085938e+01
3.175080108642578125e+01
3.182834625244140625e+01
3.185240554809570312e+01
3.188451385498046875e+01
3.198820877075195312e+01
3.218056869506835938e+01
3.237466430664062500e+01
3.256798553466796875e+01
3.296479415893554688e+01
3.315847778320312500e+01
3.309452056884765625e+01
3.311973571777343750e+01
3.324033355712890625e+01
3.296565246582031250e+01
3.263584518432617188e+01
3.278989028930664062e+01
3.359408569335937500e+01
3.444977188110351562e+01
3.458605194091796875e+01
3.430040740966796875e+01
3.395265960693359375e+01
3.357653808593750000e+01
3.354980468750000000e+01
3.407493972778320312e+01
3.498749160766601562e+01
3.508908081054687500e+01
3.439075851440429688e+01
3.462697219848632812e+01
3.510980987548828125e+01
3.541024398803710938e+01
3.572938156127929688e+01
3.545535278320312500e+01
3.476163482666015625e+01
3.336159515380859375e+01
3.227779006958007812e+01
