2.840243911743164062e+01
2.816132164001464844e+01
2.810446166992187500e+01
2.838241004943847656e+01
2.891046333312988281e+01
2.906963348388671875e+01
2.895479774475097656e+01
2.890402984619140625e+01
2.865071678161621094e+01
2.847675514221191406e+01
2.839321708679199219e+01
2.831275749206542969e+01
2.817559242248535156e+01
2.847252464294433594e+01
2.848324203491210938e+01
2.838645362854003906e+01
2.867085838317871094e+01
2.884839248657226562e+01
2.897457504272460938e+01
2.890019989013671875e+01
2.865086746215820312e+01
2.837887382507324219e+01
2.856293869018554688e+01
2.905973052978515625e+01
3.138116455078125000e+01
3.182223510742187500e+01
3.118122291564941406e+01
3.068314933776855469e+01
3.049723243713378906e+01
3.048535346984863281e+01
3.041132545471191406e+01
3.058346366882324219e+01
3.064268684387207031e+01
3.051745223999023438e+01
3.020802497863769531e+01
3.019633674621582031e+01
3.017572402954101562e+01
3.014054298400878906e+01
3.051007270812988281e+01
3.094587516784667969e+01
3.068677139282226562e+01
3.039511489868164062e+01
3.044917869567871094e+01
3.047200584411621094e+01
3.040148544311523438e+01
3.037091064453125000e+01
3.032312011718750000e+01
3.031250953674316406e+01
3.029310035705566406e+01
3.029584312438964844e+01
3.016054153442382812e+01
2.994065856933593750e+01
2.990392303466796875e+01
3.006064796447753906e+01
3.025156402587890625e+01
3.045288276672363281e+01
3.040374755859375000e+01
3.028733062744140625e+01
3.003669357299804688e+01
2.991507530212402344e+01
2.985829734802246094e+01
3.002273368835449219e+01
3.006483078002929688e+01
3.013445281982421875e+01
3.048327827453613281e+01
3.072095108032226562e+01
3.061809730529785156e+01
3.040461540222167969e+01
3.024740028381347656e+01
3.024993324279785156e+01
3.040667152404785156e+01
3.054543685913085938e+01
3.047084617614746094e+01
3.051535606384277344e+01
3.086860656738281250e+01
3.114510536193847656e+01
3.110588073730468750e+01
3.092676162719726562e+01
3.073613739013671875e+01
3.066394233703613281e+01
3.046462249755859375e+01
3.041322517395019531e+01
3.035697937011718750e+01
3.015716743469238281e+01
3.037923240661621094e+01
3.112173843383789062e+01
3.170278167724609375e+01
3.198834037780761719e+01
3.191276359558105469e+01
3.174839591979980469e+01
3.132143020629882812e+01
3.065590095520019531e+01
3.029347991943359375e+01
2.995306205749511719e+01
3.007362365722656250e+01
3.057934761047363281e+01
3.183791542053222656e+01
3.128270530700683594e+01
3.156149291992187500e+01
3.167351150512695312e+01
3.168475341796875000e+01
2.803026390075683594e+01
2.747759056091308594e+01
