3.660670852661132812e+01
3.659040451049804688e+01
3.697222137451171875e+01
3.757534790039062500e+01
3.628593444824218750e+01
3.568057250976562500e+01
3.660035324096679688e+01
3.741921997070312500e+01
3.769980621337890625e+01
3.737988281250000000e+01
3.544282913208007812e+01
3.431306457519531250e+01
3.431861877441406250e+01
3.473660659790039062e+01
3.466968917846679688e+01
3.521690368652343750e+01
3.530671691894531250e+01
3.627596282958984375e+01
3.759778976440429688e+01
3.695059585571289062e+01
3.539741897583007812e+01
3.539859771728515625e+01
3.690020751953125000e+01
3.732277679443359375e+01
3.616984939575195312e+01
3.670916748046875000e+01
3.690141677856445312e+01
3.721470642089843750e+01
3.741521453857421875e+01
3.650127410888671875e+01
3.608034515380859375e+01
3.708071517944335938e+01
3.769296264648437500e+01
3.742775344848632812e+01
3.672341537475585938e+01
3.529330062866210938e+01
3.516085815429687500e+01
3.484338760375976562e+01
3.482862854003906250e+01
3.470865631103515625e+01
3.452597808837890625e+01
3.457534408569335938e+01
3.432993316650390625e+01
3.487729644775390625e+01
3.510567474365234375e+01
3.496150588989257812e+01
3.483441925048828125e+01
3.482586669921875000e+01
3.436805343627929688e+01
3.470962524414062500e+01
3.499597930908203125e+01
3.494990539550781250e+01
3.514350509643554688e+01
3.599830627441406250e+01
3.516231536865234375e+01
3.475978469848632812e+01
3.553583145141601562e+01
3.613422012329101562e+01
3.680236434936523438e+01
3.563953399658203125e+01
3.485796356201171875e+01
3.478030395507812500e+01
3.464061737060546875e+01
3.526248168945312500e+01
3.544350051879882812e+01
3.489290618896484375e+01
3.511598968505859375e+01
3.549678802490234375e+01
3.564398574829101562e+01
3.556606292724609375e+01
3.505540847778320312e+01
3.556796264648437500e+01
3.634074401855468750e+01
3.636935043334960938e+01
3.750988388061523438e+01
3.758434295654296875e+01
3.752845382690429688e+01
3.727906036376953125e+01
3.637472152709960938e+01
3.620464324951171875e+01
3.582989501953125000e+01
3.734893035888671875e+01
3.731346130371093750e+01
3.713616180419921875e+01
3.647757720947265625e+01
3.541316223144531250e+01
3.629166030883789062e+01
3.722833251953125000e+01
3.748855972290039062e+01
3.758757019042968750e+01
3.754148864746093750e+01
3.722229003906250000e+01
3.605676269531250000e+01
3.581018447875976562e+01
3.635675048828125000e+01
3.666047286987304688e+01
3.585578155517578125e+01
3.511808395385742188e+01
3.571860504150390625e+01
3.570121002197265625e+01
3.654946136474609375e+01
3.678812026977539062e+01
3.659575271606445312e+01
3.667439270019531250e+01
