2.633604431152343750e+01
2.650662994384765625e+01
2.667623329162597656e+01
2.676198387145996094e+01
2.678130149841308594e+01
2.675865173339843750e+01
2.687358283996582031e+01
2.708866500854492188e+01
2.718201828002929688e+01
2.697789382934570312e+01
2.674261093139648438e+01
2.675667572021484375e+01
2.675885391235351562e+01
2.681784629821777344e+01
2.677706146240234375e+01
2.662295341491699219e+01
2.670893859863281250e+01
2.688611984252929688e+01
2.684494400024414062e+01
2.691986846923828125e+01
2.700877380371093750e+01
2.718866539001464844e+01
2.715325546264648438e+01
2.699472808837890625e+01
2.697993469238281250e+01
2.709046363830566406e+01
2.718784904479980469e+01
2.719548988342285156e+01
2.723280334472656250e+01
2.726799392700195312e+01
2.747658729553222656e+01
2.767158889770507812e+01
2.768966674804687500e+01
2.771158218383789062e+01
2.764690780639648438e+01
2.766084098815917969e+01
2.778544044494628906e+01
2.805171585083007812e+01
2.836974525451660156e+01
2.850882339477539062e+01
2.847426795959472656e+01
2.855052947998046875e+01
2.863584709167480469e+01
2.869402122497558594e+01
2.871653366088867188e+01
2.870528411865234375e+01
2.852315902709960938e+01
2.836896324157714844e+01
2.829550552368164062e+01
2.827108955383300781e+01
2.828808212280273438e+01
2.821108436584472656e+01
2.802527236938476562e+01
2.781799697875976562e+01
2.766139221191406250e+01
2.761243629455566406e+01
2.760919189453125000e+01
2.764787101745605469e+01
2.766548919677734375e+01
2.758147621154785156e+01
2.744017028808593750e+01
2.743749237060546875e+01
2.749406814575195312e+01
2.746612739562988281e+01
2.740271568298339844e+01
2.739538383483886719e+01
2.744595336914062500e+01
2.753598213195800781e+01
2.764090347290039062e+01
2.774592781066894531e+01
2.762898635864257812e+01
2.751668739318847656e+01
2.732797813415527344e+01
2.729939270019531250e+01
2.740297126770019531e+01
2.750348854064941406e+01
2.767383384704589844e+01
2.787528800964355469e+01
2.797223281860351562e+01
2.786689186096191406e+01
2.760273742675781250e+01
2.754157257080078125e+01
2.753072547912597656e+01
2.756585884094238281e+01
2.767567825317382812e+01
2.778445625305175781e+01
2.788430976867675781e+01
2.797535324096679688e+01
2.787961769104003906e+01
2.785650062561035156e+01
2.774573516845703125e+01
2.762492179870605469e+01
2.763926887512207031e+01
2.775950622558593750e+01
2.778146934509277344e+01
2.799219322204589844e+01
2.812725830078125000e+01
2.801380920410156250e+01
2.774816513061523438e+01
2.761889266967773438e+01
2.752970695495605469e+01
2.724454307556152344e+01
2.703617095947265625e+01
2.702961730957031250e+01
2.752206039428710938e+01
