2.782061195373535156e+01
2.787346076965332031e+01
2.743791580200195312e+01
2.709621238708496094e+01
2.711502265930175781e+01
2.720487403869628906e+01
2.708821678161621094e+01
2.709831809997558594e+01
2.697278022766113281e+01
2.648449897766113281e+01
2.622854995727539062e+01
2.648027038574218750e+01
2.666172218322753906e+01
2.677022933959960938e+01
2.682295608520507812e+01
2.691822052001953125e+01
2.695662117004394531e+01
2.683382415771484375e+01
2.678133583068847656e+01
2.686027145385742188e+01
2.678844642639160156e+01
2.686584854125976562e+01
2.689599037170410156e+01
2.679214668273925781e+01
2.674185371398925781e+01
2.674819374084472656e+01
2.684693336486816406e+01
2.700696754455566406e+01
2.702923011779785156e+01
2.707059478759765625e+01
2.737927818298339844e+01
2.723214530944824219e+01
2.694820404052734375e+01
2.671124839782714844e+01
2.641963768005371094e+01
2.620617294311523438e+01
2.610716819763183594e+01
2.599809074401855469e+01
2.600037956237792969e+01
2.605507850646972656e+01
2.626780509948730469e+01
2.672180747985839844e+01
2.668769073486328125e+01
2.645623207092285156e+01
2.643389320373535156e+01
2.627539634704589844e+01
2.630966186523437500e+01
2.640001296997070312e+01
2.618738746643066406e+01
2.613286972045898438e+01
2.607218933105468750e+01
2.620035171508789062e+01
2.656455802917480469e+01
2.675757598876953125e+01
2.652163124084472656e+01
2.653922271728515625e+01
2.647385978698730469e+01
2.646760368347167969e+01
2.646380996704101562e+01
2.628705787658691406e+01
2.616764068603515625e+01
2.610413742065429688e+01
2.610847473144531250e+01
2.617588996887207031e+01
2.615099906921386719e+01
2.604972076416015625e+01
2.608662796020507812e+01
2.623129844665527344e+01
2.635376358032226562e+01
2.643088912963867188e+01
2.642709922790527344e+01
2.643878936767578125e+01
2.653395652770996094e+01
2.644153594970703125e+01
2.642985534667968750e+01
2.638765907287597656e+01
2.646934127807617188e+01
2.668544578552246094e+01
2.679106330871582031e+01
2.684709739685058594e+01
2.703300285339355469e+01
2.715641212463378906e+01
2.730798721313476562e+01
2.741723632812500000e+01
2.731990432739257812e+01
2.744431495666503906e+01
2.741899681091308594e+01
2.712895393371582031e+01
2.689542961120605469e+01
2.676198387145996094e+01
2.678496170043945312e+01
2.682404899597167969e+01
2.662803459167480469e+01
2.650885963439941406e+01
2.639705276489257812e+01
2.636139678955078125e+01
2.667497062683105469e+01
2.707769584655761719e+01
2.736414527893066406e+01
2.748459243774414062e+01
2.753361320495605469e+01
2.715063476562500000e+01
2.661212348937988281e+01
2.630365753173828125e+01
2.596371459960937500e+01
2.578154373168945312e+01
2.641526603698730469e+01
2.697988891601562500e+01
