3.652698516845703125e+01
3.654483032226562500e+01
3.695069885253906250e+01
3.705289840698242188e+01
3.701370620727539062e+01
3.718075180053710938e+01
3.718996429443359375e+01
3.736314773559570312e+01
3.730473709106445312e+01
3.702011489868164062e+01
3.718618392944335938e+01
3.711843490600585938e+01
3.716643524169921875e+01
3.728650665283203125e+01
3.748275756835937500e+01
3.712390899658203125e+01
3.651552581787109375e+01
3.539997863769531250e+01
3.497428512573242188e+01
3.568162918090820312e+01
3.695976638793945312e+01
3.742400741577148438e+01
3.747725296020507812e+01
3.731908416748046875e+01
3.708938980102539062e+01
3.712594985961914062e+01
3.742536544799804688e+01
3.754857254028320312e+01
3.758320617675781250e+01
3.749357223510742188e+01
3.755825805664062500e+01
3.758078002929687500e+01
3.739253997802734375e+01
3.725205612182617188e+01
3.734865188598632812e+01
3.727309799194335938e+01
3.714240264892578125e+01
3.729734039306640625e+01
3.732110977172851562e+01
3.740508651733398438e+01
3.739678955078125000e+01
3.730362319946289062e+01
3.755851745605468750e+01
3.773688125610351562e+01
3.775611877441406250e+01
3.773592758178710938e+01
3.758854675292968750e+01
3.725919342041015625e+01
3.692356109619140625e+01
3.693672561645507812e+01
3.713195037841796875e+01
3.745052337646484375e+01
3.760623168945312500e+01
3.767388153076171875e+01
3.759364700317382812e+01
3.745727920532226562e+01
3.728160095214843750e+01
3.712669754028320312e+01
3.698643112182617188e+01
3.694514846801757812e+01
3.678873062133789062e+01
3.664990615844726562e+01
3.660658264160156250e+01
3.663538742065429688e+01
3.665778732299804688e+01
3.659048080444335938e+01
3.555166244506835938e+01
3.472815322875976562e+01
3.464312362670898438e+01
3.478639602661132812e+01
3.480167007446289062e+01
3.456187820434570312e+01
3.463901138305664062e+01
3.476781082153320312e+01
3.493372726440429688e+01
3.543269729614257812e+01
3.556777954101562500e+01
3.524261093139648438e+01
3.497884368896484375e+01
3.492136001586914062e+01
3.505261230468750000e+01
3.541670989990234375e+01
3.601240158081054688e+01
3.671909713745117188e+01
3.704308700561523438e+01
3.688823318481445312e+01
3.674633026123046875e+01
3.672027587890625000e+01
3.687424087524414062e+01
3.690730667114257812e+01
3.663265991210937500e+01
3.597459030151367188e+01
3.546854782104492188e+01
3.549558639526367188e+01
3.567969131469726562e+01
3.641260910034179688e+01
3.719154739379882812e+01
3.697175979614257812e+01
