3.624726486206054688e+01
3.524076461791992188e+01
3.477297973632812500e+01
3.599451065063476562e+01
3.643656921386718750e+01
3.716831207275390625e+01
3.741621398925781250e+01
3.712534332275390625e+01
3.657640075683593750e+01
3.665602111816406250e+01
3.704454803466796875e+01
3.713576889038085938e+01
3.726095962524414062e+01
3.671980285644531250e+01
3.542509841918945312e+01
3.560066604614257812e+01
3.564814758300781250e+01
3.523334884643554688e+01
3.525652694702148438e+01
3.537276458740234375e+01
3.566905593872070312e+01
3.733403015136718750e+01
3.794995117187500000e+01
3.769642639160156250e+01
3.601030731201171875e+01
3.540896224975585938e+01
3.529195404052734375e+01
3.520264053344726562e+01
3.540464401245117188e+01
3.622443389892578125e+01
3.641135025024414062e+01
3.626699447631835938e+01
3.673082733154296875e+01
3.642487335205078125e+01
3.532043838500976562e+01
3.496179580688476562e+01
3.509403991699218750e+01
3.619343566894531250e+01
3.558253479003906250e+01
3.476632308959960938e+01
3.443811035156250000e+01
3.425729370117187500e+01
3.432585525512695312e+01
3.458549880981445312e+01
3.457205200195312500e+01
3.452978134155273438e+01
3.445096969604492188e+01
3.450114822387695312e+01
3.441791534423828125e+01
3.444694900512695312e+01
3.474291610717773438e+01
3.492180633544921875e+01
3.499135971069335938e+01
3.495300674438476562e+01
3.478453826904296875e+01
3.444744110107421875e+01
3.459652709960937500e+01
3.474480438232421875e+01
3.482548904418945312e+01
3.482078170776367188e+01
3.507166671752929688e+01
3.543649291992187500e+01
3.548462295532226562e+01
3.524748611450195312e+01
3.537849807739257812e+01
3.517691421508789062e+01
3.487141799926757812e+01
3.483495712280273438e+01
3.485875701904296875e+01
3.474141693115234375e+01
3.455110168457031250e+01
3.457099151611328125e+01
3.449430465698242188e+01
3.467451477050781250e+01
3.487895202636718750e+01
3.497352218627929688e+01
3.531248474121093750e+01
3.559812164306640625e+01
3.667502593994140625e+01
3.763430404663085938e+01
3.741732025146484375e+01
3.656696319580078125e+01
3.602127838134765625e+01
3.568361663818359375e+01
3.607733917236328125e+01
3.697877120971679688e+01
3.751681900024414062e+01
3.735680389404296875e+01
3.737483596801757812e+01
3.713412857055664062e+01
3.716683197021484375e+01
3.767270278930664062e+01
3.798334503173828125e+01
3.750260162353515625e+01
3.680126190185546875e+01
3.583504867553710938e+01
3.546977996826171875e+01
3.538049697875976562e+01
3.570751571655273438e+01
3.561923217773437500e+01
