3.216611480712890625e+01
3.193491172790527344e+01
3.187862396240234375e+01
3.201671981811523438e+01
3.206613922119140625e+01
3.202373123168945312e+01
3.205410766601562500e+01
3.192489433288574219e+01
3.177885627746582031e+01
3.165005302429199219e+01
3.159747886657714844e+01
3.142391586303710938e+01
3.142956924438476562e+01
3.132694053649902344e+01
3.127023124694824219e+01
3.095868682861328125e+01
3.045197105407714844e+01
3.034622192382812500e+01
3.010428428649902344e+01
2.956884574890136719e+01
2.961738395690917969e+01
3.115176010131835938e+01
3.128748321533203125e+01
3.091467094421386719e+01
3.090060997009277344e+01
3.074910736083984375e+01
3.071121597290039062e+01
3.085429382324218750e+01
3.087767028808593750e+01
3.101229858398437500e+01
3.119235610961914062e+01
3.128270149230957031e+01
3.134987831115722656e+01
3.147191047668457031e+01
3.148570823669433594e+01
3.153100967407226562e+01
3.158627319335937500e+01
3.178310775756835938e+01
3.198266792297363281e+01
3.214816665649414062e+01
3.215451049804687500e+01
3.220477676391601562e+01
3.221467971801757812e+01
3.214003372192382812e+01
3.198918914794921875e+01
3.196952438354492188e+01
3.205416488647460938e+01
3.202106857299804688e+01
3.174575233459472656e+01
3.212230300903320312e+01
3.223324584960937500e+01
3.230726623535156250e+01
3.245355606079101562e+01
3.246847152709960938e+01
3.269387435913085938e+01
3.260719680786132812e+01
3.144279098510742188e+01
3.073405456542968750e+01
3.133247947692871094e+01
3.173913764953613281e+01
3.171038246154785156e+01
3.168674468994140625e+01
3.172996711730957031e+01
3.203124618530273438e+01
3.231262969970703125e+01
3.241953659057617188e+01
3.227980041503906250e+01
3.223863983154296875e+01
3.234464645385742188e+01
3.248137664794921875e+01
3.254640960693359375e+01
3.243210983276367188e+01
3.228058624267578125e+01
3.221011734008789062e+01
3.229107666015625000e+01
3.226848983764648438e+01
3.217609405517578125e+01
3.202236938476562500e+01
3.162893104553222656e+01
3.131465530395507812e+01
3.169176292419433594e+01
3.240277862548828125e+01
3.297076416015625000e+01
3.321403503417968750e+01
3.337810516357421875e+01
3.339360046386718750e+01
3.340381240844726562e+01
3.335902404785156250e+01
3.329688262939453125e+01
3.321188735961914062e+01
3.293495941162109375e+01
3.280431747436523438e+01
3.267352294921875000e+01
3.235174942016601562e+01
3.182996749877929688e+01
3.162783432006835938e+01
3.176607322692871094e+01
3.182398033142089844e+01
3.196435546875000000e+01
3.199491691589355469e+01
3.197824668884277344e+01
3.189406585693359375e+01
3.186750411987304688e+01
