2.956019783020019531e+01
2.960339927673339844e+01
2.975185203552246094e+01
2.939184951782226562e+01
2.907032012939453125e+01
2.906923675537109375e+01
2.897315025329589844e+01
2.908214187622070312e+01
2.957636642456054688e+01
2.995553207397460938e+01
3.028134918212890625e+01
3.027660560607910156e+01
2.906541633605957031e+01
2.914669418334960938e+01
2.933878898620605469e+01
2.939592170715332031e+01
2.949158477783203125e+01
2.968002319335937500e+01
3.010748672485351562e+01
3.062832069396972656e+01
3.085930633544921875e+01
3.082905960083007812e+01
3.079439163208007812e+01
3.076436614990234375e+01
3.057234001159667969e+01
3.007595443725585938e+01
2.993496704101562500e+01
2.962706375122070312e+01
2.966692161560058594e+01
2.984141540527343750e+01
2.983934020996093750e+01
2.981590461730957031e+01
2.967416381835937500e+01
2.963464927673339844e+01
2.961318206787109375e+01
2.950311088562011719e+01
2.929078674316406250e+01
2.909999084472656250e+01
2.890277290344238281e+01
2.886839675903320312e+01
2.899155426025390625e+01
2.906332206726074219e+01
2.903752517700195312e+01
2.905740928649902344e+01
2.909373092651367188e+01
2.901601600646972656e+01
2.894187355041503906e+01
2.879690551757812500e+01
2.870220184326171875e+01
2.879492378234863281e+01
2.886283111572265625e+01
2.893287086486816406e+01
2.908646392822265625e+01
2.916996574401855469e+01
2.915030097961425781e+01
2.933411026000976562e+01
2.939506912231445312e+01
2.939284896850585938e+01
2.937147903442382812e+01
2.944602966308593750e+01
2.938037681579589844e+01
2.940792846679687500e+01
2.953052330017089844e+01
2.958760261535644531e+01
2.961074066162109375e+01
2.982405090332031250e+01
2.987359428405761719e+01
2.995486831665039062e+01
3.000243377685546875e+01
2.980385780334472656e+01
2.969507026672363281e+01
2.948620414733886719e+01
2.928614616394042969e+01
2.918174552917480469e+01
2.916913223266601562e+01
2.915147972106933594e+01
2.913219261169433594e+01
2.901793289184570312e+01
2.892434120178222656e+01
2.888392639160156250e+01
2.890805625915527344e+01
2.886174011230468750e+01
2.882455062866210938e+01
2.878759574890136719e+01
2.881296157836914062e+01
2.900840950012207031e+01
2.919335365295410156e+01
2.932200813293457031e+01
2.933612060546875000e+01
2.915205574035644531e+01
2.907599639892578125e+01
2.910034561157226562e+01
2.931283187866210938e+01
2.940536689758300781e+01
2.954549407958984375e+01
2.991940307617187500e+01
3.013998031616210938e+01
