2.943240547180175781e+01
2.933564376831054688e+01
2.954573631286621094e+01
2.980369949340820312e+01
2.995989227294921875e+01
2.981234550476074219e+01
2.950379371643066406e+01
2.931223869323730469e+01
2.958576583862304688e+01
3.010772323608398438e+01
3.044065666198730469e+01
3.018658638000488281e+01
2.962880897521972656e+01
2.907180786132812500e+01
2.895392227172851562e+01
2.919530296325683594e+01
2.928837585449218750e+01
2.896034049987792969e+01
2.862810516357421875e+01
2.865059661865234375e+01
2.875223350524902344e+01
2.883121871948242188e+01
2.895170783996582031e+01
2.913282775878906250e+01
2.926239013671875000e+01
2.943950080871582031e+01
2.956002616882324219e+01
2.978821754455566406e+01
3.007734489440917969e+01
3.029245185852050781e+01
3.051580238342285156e+01
3.075146675109863281e+01
3.095368576049804688e+01
3.109476852416992188e+01
3.112182044982910156e+01
3.109330749511718750e+01
3.103435325622558594e+01
3.089287948608398438e+01
3.068963623046875000e+01
3.051017189025878906e+01
3.027269363403320312e+01
2.992842102050781250e+01
2.971389198303222656e+01
2.965471839904785156e+01
2.964557266235351562e+01
2.966705513000488281e+01
2.973241996765136719e+01
2.974277496337890625e+01
3.001242065429687500e+01
3.010942840576171875e+01
2.998934364318847656e+01
3.024805641174316406e+01
3.055230903625488281e+01
3.088663864135742188e+01
3.094434356689453125e+01
3.091385269165039062e+01
3.064066314697265625e+01
3.042352867126464844e+01
3.029716873168945312e+01
3.001363563537597656e+01
2.992891693115234375e+01
2.986898422241210938e+01
2.980746078491210938e+01
2.978781700134277344e+01
2.966588973999023438e+01
2.953954505920410156e+01
2.950601005554199219e+01
2.955590629577636719e+01
2.955776786804199219e+01
2.947137260437011719e+01
2.939058685302734375e+01
2.922329139709472656e+01
2.924757957458496094e+01
2.933099555969238281e+01
2.947906494140625000e+01
2.948134231567382812e+01
2.960408973693847656e+01
2.986205673217773438e+01
3.000158500671386719e+01
2.990529060363769531e+01
3.000672531127929688e+01
2.998722457885742188e+01
2.970822334289550781e+01
2.968964576721191406e+01
2.978400039672851562e+01
3.001181983947753906e+01
2.995145034790039062e+01
2.987355995178222656e+01
2.981179809570312500e+01
2.971513557434082031e+01
2.936732673645019531e+01
2.920837593078613281e+01
2.909445762634277344e+01
2.897422218322753906e+01
2.889124870300292969e+01
2.894012832641601562e+01
2.897855186462402344e+01
2.892880439758300781e+01
2.888635826110839844e+01
2.882763290405273438e+01
2.870769119262695312e+01
2.861442756652832031e+01
2.847227668762207031e+01
2.842653465270996094e+01
2.860445976257324219e+01
2.862106513977050781e+01
2.866565322875976562e+01
2.873745727539062500e+01
2.836208915710449219e+01
