3.729330062866210938e+01
3.762159347534179688e+01
3.782741928100585938e+01
3.783382797241210938e+01
3.785320663452148438e+01
3.761862564086914062e+01
3.734108352661132812e+01
3.716436004638671875e+01
3.704708480834960938e+01
3.697139739990234375e+01
3.700778961181640625e+01
3.594972229003906250e+01
3.671930313110351562e+01
3.700814819335937500e+01
3.675970077514648438e+01
3.643712615966796875e+01
3.627138137817382812e+01
3.642978286743164062e+01
3.673724746704101562e+01
3.688171768188476562e+01
3.727920150756835938e+01
3.728527069091796875e+01
3.735420608520507812e+01
3.748258209228515625e+01
3.745160293579101562e+01
3.724068832397460938e+01
3.728197860717773438e+01
3.723462677001953125e+01
3.726903533935546875e+01
3.734398269653320312e+01
3.741133499145507812e+01
3.746337890625000000e+01
3.745862579345703125e+01
3.743380355834960938e+01
3.756886291503906250e+01
3.708345794677734375e+01
3.684437942504882812e+01
3.737151718139648438e+01
3.722000122070312500e+01
3.614315032958984375e+01
3.557475280761718750e+01
3.548441314697265625e+01
3.522969818115234375e+01
3.519467163085937500e+01
3.525639343261718750e+01
3.589350128173828125e+01
3.678572082519531250e+01
3.709910583496093750e+01
3.707378387451171875e+01
3.627824020385742188e+01
3.545653533935546875e+01
3.497983169555664062e+01
3.484392166137695312e+01
3.489171218872070312e+01
3.475783920288085938e+01
3.523353576660156250e+01
3.569068908691406250e+01
3.554343032836914062e+01
3.540255737304687500e+01
3.501118850708007812e+01
3.468918609619140625e+01
3.430629348754882812e+01
3.420892715454101562e+01
3.424606323242187500e+01
3.458035659790039062e+01
3.586488723754882812e+01
3.664984130859375000e+01
3.654977798461914062e+01
3.588480377197265625e+01
3.502045822143554688e+01
3.492877578735351562e+01
3.528845214843750000e+01
3.517460250854492188e+01
3.515872955322265625e+01
3.557513427734375000e+01
3.707122039794921875e+01
3.740071868896484375e+01
3.747283935546875000e+01
3.697325897216796875e+01
3.687200927734375000e+01
3.569016265869140625e+01
3.518486404418945312e+01
3.519171142578125000e+01
3.509271240234375000e+01
3.486148834228515625e+01
3.499673080444335938e+01
3.500762176513671875e+01
3.507010650634765625e+01
3.489428329467773438e+01
3.474227905273437500e+01
3.464392089843750000e+01
3.450975036621093750e+01
3.426767349243164062e+01
3.440761566162109375e+01
3.425107192993164062e+01
3.426981353759765625e+01
3.412120437622070312e+01
3.429552078247070312e+01
3.459306335449218750e+01
3.586771392822265625e+01
3.599251174926757812e+01
