3.671166229248046875e+01
3.658605575561523438e+01
3.609639739990234375e+01
3.559471893310546875e+01
3.618198394775390625e+01
3.660828018188476562e+01
3.660486602783203125e+01
3.657224273681640625e+01
3.647875976562500000e+01
3.631700134277343750e+01
3.627047348022460938e+01
3.647909164428710938e+01
3.664515304565429688e+01
3.623820495605468750e+01
3.535397720336914062e+01
3.556982803344726562e+01
3.605699539184570312e+01
3.591423416137695312e+01
3.633128738403320312e+01
3.696929168701171875e+01
3.725487518310546875e+01
3.737894439697265625e+01
3.747241210937500000e+01
3.750840377807617188e+01
3.746496582031250000e+01
3.755796813964843750e+01
3.752453994750976562e+01
3.669219589233398438e+01
3.565105056762695312e+01
3.559151840209960938e+01
3.609159088134765625e+01
3.637064361572265625e+01
3.682433319091796875e+01
3.691132736206054688e+01
3.677933502197265625e+01
3.721006774902343750e+01
3.740435028076171875e+01
3.748733901977539062e+01
3.755917739868164062e+01
3.755746459960937500e+01
3.751896286010742188e+01
3.753689956665039062e+01
3.744991302490234375e+01
3.724222946166992188e+01
3.718567276000976562e+01
3.722980117797851562e+01
3.722862625122070312e+01
3.716299057006835938e+01
3.735758209228515625e+01
3.708153533935546875e+01
3.701007080078125000e+01
3.727999877929687500e+01
3.738648986816406250e+01
3.729241561889648438e+01
3.701478576660156250e+01
3.685271453857421875e+01
3.718503570556640625e+01
3.733459472656250000e+01
3.744314575195312500e+01
3.740981674194335938e+01
3.735457611083984375e+01
3.733525848388671875e+01
3.724767684936523438e+01
3.714224624633789062e+01
3.700132751464843750e+01
3.700814819335937500e+01
3.709581756591796875e+01
3.720875930786132812e+01
3.722472000122070312e+01
3.718031311035156250e+01
3.712343597412109375e+01
3.702936935424804688e+01
3.702081680297851562e+01
3.703898620605468750e+01
3.690842819213867188e+01
3.690015792846679688e+01
3.742185974121093750e+01
3.771798324584960938e+01
3.720925521850585938e+01
3.698509216308593750e+01
3.737125778198242188e+01
3.760715103149414062e+01
3.769655227661132812e+01
3.758890533447265625e+01
3.768126678466796875e+01
3.783354568481445312e+01
3.818673706054687500e+01
3.718347167968750000e+01
3.694815063476562500e+01
3.704591369628906250e+01
3.723833465576171875e+01
3.739200592041015625e+01
3.748121261596679688e+01
