2.398266983032226562e+01
2.375481986999511719e+01
2.382536697387695312e+01
2.375017356872558594e+01
2.386451721191406250e+01
2.440112304687500000e+01
2.485391426086425781e+01
2.539736366271972656e+01
2.557232666015625000e+01
2.571494483947753906e+01
2.586852836608886719e+01
2.581962776184082031e+01
2.551715469360351562e+01
2.523913955688476562e+01
2.525335884094238281e+01
2.562089347839355469e+01
2.584866142272949219e+01
2.587319183349609375e+01
2.567746925354003906e+01
2.556359481811523438e+01
2.555440330505371094e+01
2.553075981140136719e+01
2.553553962707519531e+01
2.553615951538085938e+01
2.556472015380859375e+01
2.560088539123535156e+01
2.564499473571777344e+01
2.573005104064941406e+01
2.586023330688476562e+01
2.597399711608886719e+01
2.596682739257812500e+01
2.587644577026367188e+01
2.576685523986816406e+01
2.572207832336425781e+01
2.572252845764160156e+01
2.581584167480468750e+01
2.587788581848144531e+01
2.607405281066894531e+01
2.625130271911621094e+01
2.623797225952148438e+01
2.615789222717285156e+01
2.604123115539550781e+01
2.588015365600585938e+01
2.557617568969726562e+01
2.514606857299804688e+01
2.475380134582519531e+01
2.450778770446777344e+01
2.460753059387207031e+01
2.450132179260253906e+01
2.428813362121582031e+01
2.426801490783691406e+01
2.427951049804687500e+01
2.429448699951171875e+01
2.433424377441406250e+01
2.443590164184570312e+01
2.463218498229980469e+01
2.491908836364746094e+01
2.500254821777343750e+01
2.503306198120117188e+01
2.517548179626464844e+01
2.522709274291992188e+01
2.527133750915527344e+01
2.537113761901855469e+01
2.552317428588867188e+01
2.581639289855957031e+01
2.605501365661621094e+01
2.612827491760253906e+01
2.616609954833984375e+01
2.598671340942382812e+01
2.581662368774414062e+01
2.568776702880859375e+01
2.568106842041015625e+01
2.562520027160644531e+01
2.563704872131347656e+01
2.558474349975585938e+01
2.551429367065429688e+01
2.546158218383789062e+01
2.543805503845214844e+01
2.538740348815917969e+01
2.528253936767578125e+01
2.520584106445312500e+01
2.516251945495605469e+01
2.520029449462890625e+01
2.525434494018554688e+01
2.526532173156738281e+01
2.520299911499023438e+01
2.515704727172851562e+01
2.518931961059570312e+01
2.527166938781738281e+01
2.527913475036621094e+01
2.530022048950195312e+01
2.543015098571777344e+01
2.550965499877929688e+01
2.551549530029296875e+01
2.538079833984375000e+01
2.512161064147949219e+01
2.483917999267578125e+01
2.470079994201660156e+01
2.452659606933593750e+01
2.444375038146972656e+01
2.433120918273925781e+01
2.436621665954589844e+01
2.419148635864257812e+01
2.392270088195800781e+01
