3.178463935852050781e+01
3.162375640869140625e+01
3.132941818237304688e+01
3.146610069274902344e+01
3.182147598266601562e+01
3.201161193847656250e+01
3.192510223388671875e+01
3.216865158081054688e+01
3.262746810913085938e+01
3.295496368408203125e+01
3.311338043212890625e+01
3.309001159667968750e+01
3.287929153442382812e+01
3.259293365478515625e+01
3.250534439086914062e+01
3.238295364379882812e+01
3.208354187011718750e+01
3.186498832702636719e+01
3.200856018066406250e+01
3.267915344238281250e+01
3.324284744262695312e+01
3.318638229370117188e+01
3.299959945678710938e+01
3.299873733520507812e+01
3.314942932128906250e+01
3.328676223754882812e+01
3.348806762695312500e+01
3.368526840209960938e+01
3.368168258666992188e+01
3.364634323120117188e+01
3.334563064575195312e+01
3.304816818237304688e+01
3.264855575561523438e+01
3.240611648559570312e+01
3.237496566772460938e+01
3.252530288696289062e+01
3.280828094482421875e+01
3.323128890991210938e+01
3.378495025634765625e+01
3.385415649414062500e+01
3.370634460449218750e+01
3.357973861694335938e+01
3.347104263305664062e+01
3.305688476562500000e+01
3.254216003417968750e+01
3.230676269531250000e+01
3.223185729980468750e+01
3.234205245971679688e+01
3.206229400634765625e+01
3.210952758789062500e+01
3.209868240356445312e+01
3.194970512390136719e+01
3.205492401123046875e+01
3.203299331665039062e+01
3.212680435180664062e+01
3.231182098388671875e+01
3.218101501464843750e+01
3.220746612548828125e+01
3.203253555297851562e+01
3.196514701843261719e+01
3.191066741943359375e+01
3.188294601440429688e+01
3.197238731384277344e+01
3.226549530029296875e+01
3.241299057006835938e+01
3.234329605102539062e+01
3.218905639648437500e+01
3.174606704711914062e+01
3.153514099121093750e+01
3.164945030212402344e+01
3.183351135253906250e+01
3.195174217224121094e+01
3.194761466979980469e+01
3.209965515136718750e+01
3.223838806152343750e+01
3.265673828125000000e+01
3.298569107055664062e+01
3.320475387573242188e+01
3.331738662719726562e+01
3.351907730102539062e+01
3.362189865112304688e+01
3.313632583618164062e+01
3.260055160522460938e+01
3.246990585327148438e+01
3.238691711425781250e+01
3.232262039184570312e+01
3.229603576660156250e+01
3.252210235595703125e+01
3.274784851074218750e+01
3.300735092163085938e+01
3.320806503295898438e+01
3.330398178100585938e+01
3.333491134643554688e+01
3.304378890991210938e+01
3.265294647216796875e+01
3.215127944946289062e+01
3.200729370117187500e+01
3.197621154785156250e+01
3.201725006103515625e+01
3.232002258300781250e+01
3.235268020629882812e+01
3.220301818847656250e+01
3.150459098815917969e+01
3.181731033325195312e+01
3.222644424438476562e+01
