3.473580932617187500e+01
3.403779983520507812e+01
3.341846847534179688e+01
3.337129592895507812e+01
3.331357192993164062e+01
3.301624679565429688e+01
3.311045455932617188e+01
3.368820190429687500e+01
3.419920349121093750e+01
3.394018936157226562e+01
3.360905075073242188e+01
3.349288558959960938e+01
3.333920669555664062e+01
3.344443130493164062e+01
3.344190597534179688e+01
3.334651184082031250e+01
3.329903411865234375e+01
3.328659439086914062e+01
3.326801300048828125e+01
3.324262619018554688e+01
3.343570327758789062e+01
3.355610656738281250e+01
3.365547561645507812e+01
3.362395477294921875e+01
3.350362014770507812e+01
3.353329086303710938e+01
3.306420898437500000e+01
3.257630538940429688e+01
3.214636993408203125e+01
3.200040054321289062e+01
3.205836486816406250e+01
3.190571594238281250e+01
3.186011123657226562e+01
3.188658905029296875e+01
3.181957244873046875e+01
3.176375389099121094e+01
3.178890609741210938e+01
3.175099182128906250e+01
3.186573410034179688e+01
3.198286628723144531e+01
3.205984115600585938e+01
3.210974121093750000e+01
3.215254592895507812e+01
3.214652252197265625e+01
3.217292785644531250e+01
3.226926803588867188e+01
3.222134780883789062e+01
3.216868972778320312e+01
3.242438507080078125e+01
3.269915771484375000e+01
3.302857589721679688e+01
3.330507278442382812e+01
3.336994552612304688e+01
3.335865020751953125e+01
3.325125503540039062e+01
3.324958801269531250e+01
3.330175399780273438e+01
3.327555084228515625e+01
3.307946014404296875e+01
3.275441360473632812e+01
3.249085235595703125e+01
3.235256195068359375e+01
3.239311218261718750e+01
3.238222503662109375e+01
3.235459136962890625e+01
3.252881622314453125e+01
3.270312881469726562e+01
3.280856323242187500e+01
3.288179397583007812e+01
3.273972320556640625e+01
3.240643692016601562e+01
3.217036437988281250e+01
3.217231750488281250e+01
3.242560958862304688e+01
3.256177139282226562e+01
3.268175506591796875e+01
3.267908096313476562e+01
3.275902938842773438e+01
3.285068893432617188e+01
3.284445953369140625e+01
3.287715911865234375e+01
3.289677047729492188e+01
3.297878265380859375e+01
3.309822463989257812e+01
3.333227920532226562e+01
3.330067443847656250e+01
3.294531631469726562e+01
3.253349685668945312e+01
3.256470108032226562e+01
3.255992889404296875e+01
3.270240783691406250e+01
3.288328933715820312e+01
3.283926773071289062e+01
3.255747604370117188e+01
3.244308853149414062e+01
3.243319702148437500e+01
3.199329757690429688e+01
3.178025817871093750e+01
3.229869079589843750e+01
3.240896987915039062e+01
3.302883148193359375e+01
3.365262222290039062e+01
3.412711715698242188e+01
