2.797365379333496094e+01
2.660867691040039062e+01
2.689002799987792969e+01
2.716729164123535156e+01
2.611132240295410156e+01
2.648805618286132812e+01
2.648059272766113281e+01
2.615153884887695312e+01
2.676396942138671875e+01
2.656505012512207031e+01
2.606225776672363281e+01
2.555814170837402344e+01
2.436460113525390625e+01
2.348919296264648438e+01
2.386279296875000000e+01
2.483891677856445312e+01
2.584054946899414062e+01
2.651831054687500000e+01
2.653977775573730469e+01
2.620629119873046875e+01
2.580646324157714844e+01
2.550682067871093750e+01
2.546194267272949219e+01
2.584485626220703125e+01
2.596520423889160156e+01
2.556772613525390625e+01
2.552739334106445312e+01
2.554258918762207031e+01
2.566224670410156250e+01
2.579696655273437500e+01
2.571065711975097656e+01
2.569061470031738281e+01
2.566860008239746094e+01
2.561437034606933594e+01
2.567048645019531250e+01
2.571292495727539062e+01
2.559772682189941406e+01
2.562450981140136719e+01
2.571174812316894531e+01
2.558537101745605469e+01
2.522087860107421875e+01
2.500613594055175781e+01
2.483025932312011719e+01
2.472617912292480469e+01
2.463014030456542969e+01
2.481211662292480469e+01
2.534018707275390625e+01
2.561808395385742188e+01
2.569138526916503906e+01
2.568704986572265625e+01
2.578782272338867188e+01
2.575583839416503906e+01
2.583340454101562500e+01
2.570447540283203125e+01
2.538238716125488281e+01
2.492477607727050781e+01
2.489046859741210938e+01
2.499973869323730469e+01
2.515184402465820312e+01
2.522745895385742188e+01
2.528872108459472656e+01
2.529940032958984375e+01
2.531898498535156250e+01
2.541779136657714844e+01
2.556894493103027344e+01
2.563470840454101562e+01
2.572138214111328125e+01
2.567605400085449219e+01
2.563382530212402344e+01
2.548384094238281250e+01
2.526715087890625000e+01
2.516999435424804688e+01
2.504086494445800781e+01
2.475702095031738281e+01
2.476577949523925781e+01
2.483144950866699219e+01
2.486639785766601562e+01
2.498805999755859375e+01
2.514086341857910156e+01
2.540436935424804688e+01
2.558835792541503906e+01
2.545667076110839844e+01
2.533549118041992188e+01
2.514364433288574219e+01
2.490240859985351562e+01
2.489640045166015625e+01
2.515762901306152344e+01
2.523771095275878906e+01
2.536347198486328125e+01
2.535343360900878906e+01
2.508414459228515625e+01
2.503160858154296875e+01
2.498729705810546875e+01
2.508363151550292969e+01
2.523018836975097656e+01
2.512942504882812500e+01
2.509470558166503906e+01
2.523107337951660156e+01
2.521066665649414062e+01
2.510748100280761719e+01
2.457844161987304688e+01
2.405183219909667969e+01
2.395452690124511719e+01
2.392838478088378906e+01
2.421652984619140625e+01
2.444819068908691406e+01
2.459774208068847656e+01
