2.697107696533203125e+01
2.694398880004882812e+01
2.674909400939941406e+01
2.675127792358398438e+01
2.647595977783203125e+01
2.643523979187011719e+01
2.639557456970214844e+01
2.633485794067382812e+01
2.653115272521972656e+01
2.652984619140625000e+01
2.652232170104980469e+01
2.633506584167480469e+01
2.639324951171875000e+01
2.655973434448242188e+01
2.650508308410644531e+01
2.648847007751464844e+01
2.633650207519531250e+01
2.610383415222167969e+01
2.597465896606445312e+01
2.601967239379882812e+01
2.614921188354492188e+01
2.636389732360839844e+01
2.635755920410156250e+01
2.626237678527832031e+01
2.615829086303710938e+01
2.612300872802734375e+01
2.610779953002929688e+01
2.611879158020019531e+01
2.608084869384765625e+01
2.601658630371093750e+01
2.597956848144531250e+01
2.596819686889648438e+01
2.606839561462402344e+01
2.610455131530761719e+01
2.611100578308105469e+01
2.609029006958007812e+01
2.608116531372070312e+01
2.610662460327148438e+01
2.620466613769531250e+01
2.631068038940429688e+01
2.642203712463378906e+01
2.644431114196777344e+01
2.639207839965820312e+01
2.636800384521484375e+01
2.639345741271972656e+01
2.650163269042968750e+01
2.662641143798828125e+01
2.674395370483398438e+01
2.684797859191894531e+01
2.686157798767089844e+01
2.678485679626464844e+01
2.676019477844238281e+01
2.673593902587890625e+01
2.663578033447265625e+01
2.650878524780273438e+01
2.643286323547363281e+01
2.647285461425781250e+01
2.656820106506347656e+01
2.666206741333007812e+01
2.668684577941894531e+01
2.671506881713867188e+01
2.669077682495117188e+01
2.663736534118652344e+01
2.650061416625976562e+01
2.642744064331054688e+01
2.641503715515136719e+01
2.631233787536621094e+01
2.625860214233398438e+01
2.628157806396484375e+01
2.628990173339843750e+01
2.634341049194335938e+01
2.646723365783691406e+01
2.647695732116699219e+01
2.651895523071289062e+01
2.665983390808105469e+01
2.681276512145996094e+01
2.679690933227539062e+01
2.671195220947265625e+01
2.673977088928222656e+01
2.678996467590332031e+01
2.698361587524414062e+01
2.710122299194335938e+01
2.709889411926269531e+01
2.697124481201171875e+01
2.681942939758300781e+01
2.655104637145996094e+01
2.644882774353027344e+01
2.647887992858886719e+01
2.644710159301757812e+01
2.653318786621093750e+01
2.650813484191894531e+01
2.665530586242675781e+01
2.689907646179199219e+01
2.714024353027343750e+01
2.756864929199218750e+01
2.742921638488769531e+01
2.710618019104003906e+01
2.686878013610839844e+01
