3.359090805053710938e+01
3.330776977539062500e+01
3.331921386718750000e+01
3.316865539550781250e+01
3.350024414062500000e+01
3.371096801757812500e+01
3.414156723022460938e+01
3.431602478027343750e+01
3.441830444335937500e+01
3.532104873657226562e+01
3.524207687377929688e+01
3.491474151611328125e+01
3.466488647460937500e+01
3.421246719360351562e+01
3.411052322387695312e+01
3.444934844970703125e+01
3.440678024291992188e+01
3.430816268920898438e+01
3.436537170410156250e+01
3.465896224975585938e+01
3.482203292846679688e+01
3.466479110717773438e+01
3.443928909301757812e+01
3.442492675781250000e+01
3.463208770751953125e+01
3.492193222045898438e+01
3.530716323852539062e+01
3.574843215942382812e+01
3.593361663818359375e+01
3.562319946289062500e+01
3.499634170532226562e+01
3.486106872558593750e+01
3.489436721801757812e+01
3.489393997192382812e+01
3.480031204223632812e+01
3.500864791870117188e+01
3.593036270141601562e+01
3.656586837768554688e+01
3.622236251831054688e+01
3.590289306640625000e+01
3.565516281127929688e+01
3.558754348754882812e+01
3.600396347045898438e+01
3.653019332885742188e+01
3.640469741821289062e+01
3.657897949218750000e+01
3.701461029052734375e+01
3.725751495361328125e+01
3.736430740356445312e+01
3.719158554077148438e+01
3.690662765502929688e+01
3.669847488403320312e+01
3.673078918457031250e+01
3.676850891113281250e+01
3.670854187011718750e+01
3.660258102416992188e+01
3.655256271362304688e+01
3.671294021606445312e+01
3.689151763916015625e+01
3.708537292480468750e+01
3.715455627441406250e+01
3.716006088256835938e+01
3.727878189086914062e+01
3.725109100341796875e+01
3.698903656005859375e+01
3.664742279052734375e+01
3.653335952758789062e+01
3.659393310546875000e+01
3.694281005859375000e+01
3.711212921142578125e+01
3.694135284423828125e+01
3.687762832641601562e+01
3.711185073852539062e+01
3.745515823364257812e+01
3.758496475219726562e+01
3.745579910278320312e+01
3.722997283935546875e+01
3.700480270385742188e+01
3.676677322387695312e+01
3.646348571777343750e+01
3.638941955566406250e+01
3.658182907104492188e+01
3.679109954833984375e+01
3.721495056152343750e+01
3.727906036376953125e+01
3.691114044189453125e+01
3.663555908203125000e+01
3.677476119995117188e+01
3.620645904541015625e+01
3.603541564941406250e+01
3.618133163452148438e+01
3.569266128540039062e+01
3.533275604248046875e+01
3.549900054931640625e+01
3.580693817138671875e+01
3.607295608520507812e+01
3.633518600463867188e+01
3.628252410888671875e+01
3.620738601684570312e+01
3.622554397583007812e+01
3.584403228759765625e+01
3.604623794555664062e+01
3.591287612915039062e+01
3.557395935058593750e+01
3.509075927734375000e+01
