2.903457069396972656e+01
2.889738082885742188e+01
2.882638931274414062e+01
2.831700515747070312e+01
2.809840393066406250e+01
2.841231536865234375e+01
2.941139030456542969e+01
3.018111038208007812e+01
2.955050277709960938e+01
2.952648544311523438e+01
2.998823547363281250e+01
2.992776107788085938e+01
3.013860130310058594e+01
3.017310523986816406e+01
3.023561477661132812e+01
3.030621910095214844e+01
3.025786399841308594e+01
2.993929672241210938e+01
2.986705780029296875e+01
3.035111999511718750e+01
3.055667114257812500e+01
3.060503578186035156e+01
3.071434593200683594e+01
3.061891937255859375e+01
3.061761093139648438e+01
3.057536315917968750e+01
3.049746894836425781e+01
3.048792457580566406e+01
3.039668273925781250e+01
3.044495773315429688e+01
3.050168991088867188e+01
3.054332542419433594e+01
3.059128952026367188e+01
3.053309440612792969e+01
3.051203155517578125e+01
3.052886009216308594e+01
3.052563285827636719e+01
3.051491928100585938e+01
3.051677322387695312e+01
3.056159782409667969e+01
3.049860572814941406e+01
3.049010848999023438e+01
3.054860115051269531e+01
3.064818000793457031e+01
3.080256462097167969e+01
3.075854682922363281e+01
3.072893714904785156e+01
3.071302795410156250e+01
3.060314941406250000e+01
3.057404708862304688e+01
3.063962554931640625e+01
3.075624465942382812e+01
3.082261276245117188e+01
3.082294845581054688e+01
3.081613922119140625e+01
3.070882225036621094e+01
3.057957077026367188e+01
3.069881629943847656e+01
3.071736145019531250e+01
3.056215095520019531e+01
3.062632751464843750e+01
3.061202430725097656e+01
3.052603530883789062e+01
3.051597976684570312e+01
3.062645149230957031e+01
3.067992401123046875e+01
3.086665725708007812e+01
3.097092819213867188e+01
3.105772018432617188e+01
3.106296539306640625e+01
3.087086677551269531e+01
3.091019058227539062e+01
3.077830696105957031e+01
3.075769996643066406e+01
3.074041366577148438e+01
3.066283226013183594e+01
3.078833961486816406e+01
3.075032234191894531e+01
3.076837539672851562e+01
3.078028106689453125e+01
3.075272750854492188e+01
3.084208679199218750e+01
3.052165985107421875e+01
3.054726028442382812e+01
3.065733146667480469e+01
3.069754981994628906e+01
3.080700874328613281e+01
3.043719863891601562e+01
3.007310867309570312e+01
2.993302536010742188e+01
2.994673538208007812e+01
3.004860496520996094e+01
3.026726913452148438e+01
3.054022216796875000e+01
3.071175765991210938e+01
3.072368240356445312e+01
3.000989151000976562e+01
2.957422637939453125e+01
2.938433265686035156e+01
