3.612045669555664062e+01
3.647238159179687500e+01
3.650645828247070312e+01
3.641878890991210938e+01
3.635041046142578125e+01
3.653171157836914062e+01
3.667750549316406250e+01
3.696125793457031250e+01
3.720428085327148438e+01
3.722170639038085938e+01
3.729558563232421875e+01
3.758776092529296875e+01
3.777570343017578125e+01
3.810025787353515625e+01
3.807666015625000000e+01
3.792136764526367188e+01
3.783020019531250000e+01
3.780226135253906250e+01
3.762186431884765625e+01
3.756572341918945312e+01
3.760454177856445312e+01
3.782841873168945312e+01
3.784366607666015625e+01
3.781529617309570312e+01
3.759640884399414062e+01
3.742533111572265625e+01
3.741607284545898438e+01
3.726325988769531250e+01
3.713923263549804688e+01
3.690630340576171875e+01
3.682529449462890625e+01
3.694800949096679688e+01
3.703689956665039062e+01
3.694937896728515625e+01
3.677587127685546875e+01
3.659392929077148438e+01
3.646976852416992188e+01
3.616698455810546875e+01
3.590938949584960938e+01
3.605633926391601562e+01
3.630775833129882812e+01
3.648767471313476562e+01
3.656969070434570312e+01
3.664601898193359375e+01
3.669997787475585938e+01
3.668526077270507812e+01
3.668239212036132812e+01
3.663162994384765625e+01
3.655504226684570312e+01
3.666810226440429688e+01
3.683396530151367188e+01
3.682445907592773438e+01
3.681380844116210938e+01
3.691525268554687500e+01
3.693891143798828125e+01
3.690372467041015625e+01
3.686042404174804688e+01
3.685896682739257812e+01
3.687463760375976562e+01
3.681552124023437500e+01
3.669560241699218750e+01
3.636986541748046875e+01
3.564315032958984375e+01
3.526480865478515625e+01
3.509764480590820312e+01
3.496904373168945312e+01
3.506605148315429688e+01
3.505586624145507812e+01
3.495022964477539062e+01
3.510334777832031250e+01
3.569278335571289062e+01
3.648290252685546875e+01
3.659400558471679688e+01
3.682741165161132812e+01
3.683033752441406250e+01
3.670684814453125000e+01
3.659984970092773438e+01
3.629834747314453125e+01
3.625827789306640625e+01
3.606358718872070312e+01
3.616815567016601562e+01
3.662505340576171875e+01
3.658947753906250000e+01
3.633702468872070312e+01
3.569167327880859375e+01
3.495496368408203125e+01
3.537976074218750000e+01
3.585371780395507812e+01
3.655163955688476562e+01
3.702371978759765625e+01
3.717581176757812500e+01
3.695702743530273438e+01
3.642840957641601562e+01
3.558189010620117188e+01
3.517288970947265625e+01
3.498793411254882812e+01
3.457200622558593750e+01
3.384959411621093750e+01
