3.563169860839843750e+01
3.602559661865234375e+01
3.676253890991210938e+01
3.628488159179687500e+01
3.654747009277343750e+01
3.678099441528320312e+01
3.670328521728515625e+01
3.674283599853515625e+01
3.571271133422851562e+01
3.532955932617187500e+01
3.512228775024414062e+01
3.499660491943359375e+01
3.521606826782226562e+01
3.551462936401367188e+01
3.494740676879882812e+01
3.487576675415039062e+01
3.465808486938476562e+01
3.451485443115234375e+01
3.441133117675781250e+01
3.460354614257812500e+01
3.478438568115234375e+01
3.481569671630859375e+01
3.464985656738281250e+01
3.448180389404296875e+01
3.427931976318359375e+01
3.425902938842773438e+01
3.412949752807617188e+01
3.400897216796875000e+01
3.406319427490234375e+01
3.434411239624023438e+01
3.460156631469726562e+01
3.440536880493164062e+01
3.436576461791992188e+01
3.428610229492187500e+01
3.412647628784179688e+01
3.402853012084960938e+01
3.404185485839843750e+01
3.418770217895507812e+01
3.429215240478515625e+01
3.440130233764648438e+01
3.439651489257812500e+01
3.461933135986328125e+01
3.476635360717773438e+01
3.484621810913085938e+01
3.456141281127929688e+01
3.434999847412109375e+01
3.432503509521484375e+01
3.432176589965820312e+01
3.430527877807617188e+01
3.431591033935546875e+01
3.433036804199218750e+01
3.422006988525390625e+01
3.416175842285156250e+01
3.409076309204101562e+01
3.422475051879882812e+01
3.426189041137695312e+01
3.430111694335937500e+01
3.419958114624023438e+01
3.408738327026367188e+01
3.405942916870117188e+01
3.406021118164062500e+01
3.434941101074218750e+01
3.452325820922851562e+01
3.460515594482421875e+01
3.452086639404296875e+01
3.449137878417968750e+01
3.453277587890625000e+01
3.461837387084960938e+01
3.528295516967773438e+01
3.610259628295898438e+01
3.615165328979492188e+01
3.620051956176757812e+01
3.531065750122070312e+01
3.467372512817382812e+01
3.452647018432617188e+01
3.459334564208984375e+01
3.489561843872070312e+01
3.494340515136718750e+01
3.466435241699218750e+01
3.467247772216796875e+01
3.503831100463867188e+01
3.493311309814453125e+01
3.483917617797851562e+01
3.461671829223632812e+01
3.440229797363281250e+01
3.453733062744140625e+01
3.475936508178710938e+01
3.517347717285156250e+01
3.537643432617187500e+01
3.579329299926757812e+01
3.591622924804687500e+01
3.641803359985351562e+01
3.662754821777343750e+01
3.616814041137695312e+01
3.475902557373046875e+01
3.426545333862304688e+01
3.439820098876953125e+01
3.511412429809570312e+01
3.620736694335937500e+01
