3.079791641235351562e+01
3.158362007141113281e+01
3.262859344482421875e+01
3.304888153076171875e+01
3.309532546997070312e+01
3.362349700927734375e+01
3.367335128784179688e+01
3.331391143798828125e+01
3.377325439453125000e+01
3.396081161499023438e+01
3.386849975585937500e+01
3.352772521972656250e+01
3.326640319824218750e+01
3.266206359863281250e+01
3.221166610717773438e+01
3.166388130187988281e+01
3.156473541259765625e+01
3.177489662170410156e+01
3.204732131958007812e+01
3.237952041625976562e+01
3.244602203369140625e+01
3.243606948852539062e+01
3.225785064697265625e+01
3.219203948974609375e+01
3.218010330200195312e+01
3.223967742919921875e+01
3.232858276367187500e+01
3.228509902954101562e+01
3.214041900634765625e+01
3.215015792846679688e+01
3.231085205078125000e+01
3.203258895874023438e+01
3.182317543029785156e+01
3.182887458801269531e+01
3.205680084228515625e+01
3.199047279357910156e+01
3.210053634643554688e+01
3.285940933227539062e+01
3.289265060424804688e+01
3.205260848999023438e+01
3.207028198242187500e+01
3.265105438232421875e+01
3.301527023315429688e+01
3.315961074829101562e+01
3.326053237915039062e+01
3.335943603515625000e+01
3.339654541015625000e+01
3.342527770996093750e+01
3.348127746582031250e+01
3.351444244384765625e+01
3.354244995117187500e+01
3.346586608886718750e+01
3.348165130615234375e+01
3.355294799804687500e+01
3.365169906616210938e+01
3.361997222900390625e+01
3.363159179687500000e+01
3.370317840576171875e+01
3.375783538818359375e+01
3.373454284667968750e+01
3.373728942871093750e+01
3.368552017211914062e+01
3.356364440917968750e+01
3.335691070556640625e+01
3.325479507446289062e+01
3.336521911621093750e+01
3.348308944702148438e+01
3.319512176513671875e+01
3.311905288696289062e+01
3.323199462890625000e+01
3.357570648193359375e+01
3.367806625366210938e+01
3.372677230834960938e+01
3.370020675659179688e+01
3.372033691406250000e+01
3.397148132324218750e+01
3.403114318847656250e+01
3.397378921508789062e+01
3.436352539062500000e+01
3.449814224243164062e+01
3.471282196044921875e+01
3.538184356689453125e+01
3.655894088745117188e+01
3.667918395996093750e+01
3.648995971679687500e+01
3.616188430786132812e+01
3.500323867797851562e+01
3.472261810302734375e+01
3.465684890747070312e+01
3.529273986816406250e+01
3.704927825927734375e+01
3.668039703369140625e+01
3.645825576782226562e+01
3.662728500366210938e+01
3.672258377075195312e+01
3.489364624023437500e+01
3.421639633178710938e+01
3.459426498413085938e+01
3.669791030883789062e+01
