3.308137130737304688e+01
3.287248229980468750e+01
3.275995635986328125e+01
3.345597457885742188e+01
3.455121231079101562e+01
3.408738327026367188e+01
3.337813949584960938e+01
3.336025238037109375e+01
3.334740447998046875e+01
3.411534881591796875e+01
3.498149871826171875e+01
3.570312881469726562e+01
3.522385787963867188e+01
3.534168624877929688e+01
3.514607620239257812e+01
3.501168823242187500e+01
3.473994064331054688e+01
3.487642669677734375e+01
3.476795196533203125e+01
3.448574447631835938e+01
3.418922424316406250e+01
3.384321594238281250e+01
3.378374099731445312e+01
3.377202987670898438e+01
3.379196548461914062e+01
3.372646713256835938e+01
3.330922317504882812e+01
3.339652252197265625e+01
3.375764465332031250e+01
3.406074905395507812e+01
3.408189773559570312e+01
3.413735198974609375e+01
3.409761047363281250e+01
3.390674972534179688e+01
3.406540679931640625e+01
3.400308990478515625e+01
3.403705978393554688e+01
3.422866821289062500e+01
3.430422592163085938e+01
3.440341186523437500e+01
3.425577926635742188e+01
3.443703842163085938e+01
3.451910018920898438e+01
3.443745422363281250e+01
3.451500701904296875e+01
3.474290084838867188e+01
3.526143264770507812e+01
3.588661956787109375e+01
3.616216659545898438e+01
3.562999343872070312e+01
3.564691162109375000e+01
3.524367141723632812e+01
3.521023178100585938e+01
3.545989990234375000e+01
3.544822692871093750e+01
3.527064514160156250e+01
3.564487457275390625e+01
3.573292160034179688e+01
3.441231918334960938e+01
3.389402770996093750e+01
3.372143936157226562e+01
3.384270095825195312e+01
3.418467712402343750e+01
3.436117553710937500e+01
3.435947799682617188e+01
3.451296615600585938e+01
3.446150588989257812e+01
3.412879943847656250e+01
3.365703964233398438e+01
3.336446380615234375e+01
3.339574050903320312e+01
3.356117248535156250e+01
3.343875122070312500e+01
3.322710418701171875e+01
3.324043273925781250e+01
3.359522628784179688e+01
3.425582122802734375e+01
3.467507553100585938e+01
3.512956619262695312e+01
3.389543914794921875e+01
3.289801406860351562e+01
3.257165145874023438e+01
3.253199386596679688e+01
3.259022140502929688e+01
3.298756408691406250e+01
3.269990158081054688e+01
3.322694778442382812e+01
3.391194915771484375e+01
3.167830276489257812e+01
3.147480583190917969e+01
3.054570198059082031e+01
2.894056320190429688e+01
2.835198402404785156e+01
2.970168495178222656e+01
3.166209793090820312e+01
3.121574783325195312e+01
