3.366571807861328125e+01
3.435287094116210938e+01
3.458197402954101562e+01
3.489652633666992188e+01
3.545175170898437500e+01
3.460743713378906250e+01
3.435044479370117188e+01
3.436622238159179688e+01
3.444214248657226562e+01
3.451905059814453125e+01
3.457039642333984375e+01
3.407231903076171875e+01
3.401370239257812500e+01
3.389564895629882812e+01
3.364505386352539062e+01
3.378472137451171875e+01
3.380937957763671875e+01
3.409873199462890625e+01
3.435876846313476562e+01
3.437036132812500000e+01
3.455089950561523438e+01
3.466550445556640625e+01
3.401204299926757812e+01
3.370523452758789062e+01
3.373170471191406250e+01
3.393009185791015625e+01
3.430750656127929688e+01
3.459881973266601562e+01
3.428249359130859375e+01
3.405152130126953125e+01
3.397533416748046875e+01
3.408100891113281250e+01
3.394224929809570312e+01
3.398860549926757812e+01
3.386854553222656250e+01
3.408525848388671875e+01
3.426961135864257812e+01
3.436339569091796875e+01
3.431830215454101562e+01
3.447995758056640625e+01
3.450343704223632812e+01
3.460643768310546875e+01
3.475652313232421875e+01
3.472546386718750000e+01
3.451147460937500000e+01
3.423063659667968750e+01
3.398818206787109375e+01
3.384012985229492188e+01
3.388825988769531250e+01
3.363609313964843750e+01
3.349684906005859375e+01
3.371372222900390625e+01
3.374021530151367188e+01
3.342286682128906250e+01
3.340814971923828125e+01
3.356005096435546875e+01
3.368922424316406250e+01
3.374427413940429688e+01
3.401946640014648438e+01
3.427751159667968750e+01
3.489896774291992188e+01
3.501676177978515625e+01
3.490621566772460938e+01
3.482275390625000000e+01
3.449980163574218750e+01
3.451005172729492188e+01
3.457561111450195312e+01
3.428294372558593750e+01
3.394575119018554688e+01
3.344942474365234375e+01
3.316017913818359375e+01
3.305664443969726562e+01
3.342119216918945312e+01
3.355151748657226562e+01
3.376541900634765625e+01
3.385099411010742188e+01
3.369721221923828125e+01
3.355941009521484375e+01
3.336996841430664062e+01
3.321646118164062500e+01
3.334283828735351562e+01
3.350631332397460938e+01
3.341025543212890625e+01
3.351753616333007812e+01
3.354249191284179688e+01
3.337367630004882812e+01
3.311909103393554688e+01
3.310403823852539062e+01
3.309908294677734375e+01
3.342425155639648438e+01
3.393918991088867188e+01
3.430928802490234375e+01
3.425402069091796875e+01
3.418992996215820312e+01
3.440914916992187500e+01
3.455045318603515625e+01
3.451218032836914062e+01
3.453794860839843750e+01
3.501153564453125000e+01
3.622708129882812500e+01
3.461550903320312500e+01
3.372122955322265625e+01
3.321646118164062500e+01
3.295862197875976562e+01
3.330752563476562500e+01
