2.345837211608886719e+01
2.356109046936035156e+01
2.381595611572265625e+01
2.362099647521972656e+01
2.358346748352050781e+01
2.375403022766113281e+01
2.388146018981933594e+01
2.433861541748046875e+01
2.481492233276367188e+01
2.482050895690917969e+01
2.478671646118164062e+01
2.484338188171386719e+01
2.483846473693847656e+01
2.490736961364746094e+01
2.494620132446289062e+01
2.476037406921386719e+01
2.468351936340332031e+01
2.469573402404785156e+01
2.449477005004882812e+01
2.448607254028320312e+01
2.465979385375976562e+01
2.486066436767578125e+01
2.502230644226074219e+01
2.512448692321777344e+01
2.511386299133300781e+01
2.508807182312011719e+01
2.496251869201660156e+01
2.482511520385742188e+01
2.478821182250976562e+01
2.482318496704101562e+01
2.478649711608886719e+01
2.469009017944335938e+01
2.458421707153320312e+01
2.447434043884277344e+01
2.444694328308105469e+01
2.447483825683593750e+01
2.437039756774902344e+01
2.432639884948730469e+01
2.440261268615722656e+01
2.452675056457519531e+01
2.457460975646972656e+01
2.461239433288574219e+01
2.448969650268554688e+01
2.443604278564453125e+01
2.437809562683105469e+01
2.434526062011718750e+01
2.424942970275878906e+01
2.418181228637695312e+01
2.419969749450683594e+01
2.429472351074218750e+01
2.436719512939453125e+01
2.430407524108886719e+01
2.427317619323730469e+01
2.428450965881347656e+01
2.446205711364746094e+01
2.463617897033691406e+01
2.486644935607910156e+01
2.503508949279785156e+01
2.510517311096191406e+01
2.507122802734375000e+01
2.499083328247070312e+01
2.492522239685058594e+01
2.488547325134277344e+01
2.482749557495117188e+01
2.477409362792968750e+01
2.472741699218750000e+01
2.465499877929687500e+01
2.468545532226562500e+01
2.471288681030273438e+01
2.467796516418457031e+01
2.466024589538574219e+01
2.453845405578613281e+01
2.450715446472167969e+01
2.445594215393066406e+01
2.446986007690429688e+01
2.455764198303222656e+01
2.468049049377441406e+01
2.463703346252441406e+01
2.454584312438964844e+01
2.442736625671386719e+01
2.442450141906738281e+01
2.452501869201660156e+01
2.487586784362792969e+01
2.513637542724609375e+01
2.532083511352539062e+01
2.564386367797851562e+01
2.572408103942871094e+01
2.574797058105468750e+01
2.575732803344726562e+01
2.591441154479980469e+01
2.610969924926757812e+01
2.638727378845214844e+01
2.644507026672363281e+01
2.646419906616210938e+01
2.635058212280273438e+01
2.611075782775878906e+01
2.601416587829589844e+01
2.609541702270507812e+01
2.622643280029296875e+01
2.626774406433105469e+01
2.623986625671386719e+01
2.617452812194824219e+01
2.619320678710937500e+01
2.620692253112792969e+01
2.608888816833496094e+01
2.609320831298828125e+01
2.599854278564453125e+01
2.529768180847167969e+01
2.507104682922363281e+01
