2.881194114685058594e+01
2.878193664550781250e+01
2.891698455810546875e+01
2.927387619018554688e+01
2.911172103881835938e+01
2.904282188415527344e+01
2.953681182861328125e+01
2.938790130615234375e+01
2.961579704284667969e+01
2.981831741333007812e+01
3.052700042724609375e+01
3.127819442749023438e+01
3.142120552062988281e+01
3.149341773986816406e+01
3.099975776672363281e+01
3.105609893798828125e+01
3.273460388183593750e+01
3.369572448730468750e+01
3.383441925048828125e+01
3.401456832885742188e+01
3.393318176269531250e+01
3.363658523559570312e+01
3.357759094238281250e+01
3.363369369506835938e+01
3.357272720336914062e+01
3.374650955200195312e+01
3.389588546752929688e+01
3.420623397827148438e+01
3.422594070434570312e+01
3.415329360961914062e+01
3.401784515380859375e+01
3.353604507446289062e+01
3.317856979370117188e+01
3.355298614501953125e+01
3.390947341918945312e+01
3.391333389282226562e+01
3.381985855102539062e+01
3.373997879028320312e+01
3.361455535888671875e+01
3.360081863403320312e+01
3.364503479003906250e+01
3.354842758178710938e+01
3.328666687011718750e+01
3.301277923583984375e+01
3.287850189208984375e+01
3.286452102661132812e+01
3.276318359375000000e+01
3.262596893310546875e+01
3.279661941528320312e+01
3.292556762695312500e+01
3.308287048339843750e+01
3.339801025390625000e+01
3.351947784423828125e+01
3.356283950805664062e+01
3.337363815307617188e+01
3.344658660888671875e+01
3.374091339111328125e+01
3.396673583984375000e+01
3.389239883422851562e+01
3.387850952148437500e+01
3.401422119140625000e+01
3.416236114501953125e+01
3.454244995117187500e+01
3.458211135864257812e+01
3.441981887817382812e+01
3.429465484619140625e+01
3.430765533447265625e+01
3.418997955322265625e+01
3.396506500244140625e+01
3.388365936279296875e+01
3.403286743164062500e+01
3.415637588500976562e+01
3.425444412231445312e+01
3.420223999023437500e+01
3.408722686767578125e+01
3.396283721923828125e+01
3.368487930297851562e+01
3.322913360595703125e+01
3.292975997924804688e+01
3.277283096313476562e+01
3.261692810058593750e+01
3.292385864257812500e+01
3.326776123046875000e+01
3.368775177001953125e+01
3.408330535888671875e+01
3.415529632568359375e+01
3.419322967529296875e+01
3.378848648071289062e+01
3.357035827636718750e+01
3.386152267456054688e+01
3.427662277221679688e+01
3.423330688476562500e+01
3.401736068725585938e+01
3.398327636718750000e+01
3.389424133300781250e+01
3.384189605712890625e+01
3.357505416870117188e+01
3.325432586669921875e+01
3.337868118286132812e+01
3.324114990234375000e+01
3.353831481933593750e+01
3.329347610473632812e+01
3.210772705078125000e+01
3.073750305175781250e+01
2.977111434936523438e+01
