3.519828796386718750e+01
3.537662506103515625e+01
3.490566253662109375e+01
3.575072479248046875e+01
3.641596984863281250e+01
3.592551422119140625e+01
3.610738372802734375e+01
3.602318191528320312e+01
3.679261398315429688e+01
3.677126312255859375e+01
3.679453659057617188e+01
3.698265075683593750e+01
3.771284484863281250e+01
3.789494705200195312e+01
3.726901626586914062e+01
3.718567657470703125e+01
3.727388381958007812e+01
3.713520050048828125e+01
3.676537322998046875e+01
3.705840301513671875e+01
3.739984893798828125e+01
3.755303192138671875e+01
3.807167816162109375e+01
3.833843994140625000e+01
3.699510192871093750e+01
3.550377655029296875e+01
3.524310684204101562e+01
3.478258132934570312e+01
3.456774520874023438e+01
3.415809249877929688e+01
3.380488967895507812e+01
3.354712677001953125e+01
3.337088394165039062e+01
3.317036056518554688e+01
3.298441314697265625e+01
3.329897308349609375e+01
3.349619293212890625e+01
3.421345138549804688e+01
3.479777908325195312e+01
3.446876144409179688e+01
3.441522979736328125e+01
3.558012008666992188e+01
3.603505706787109375e+01
3.579216003417968750e+01
3.436524200439453125e+01
3.366870498657226562e+01
3.384382629394531250e+01
3.456439590454101562e+01
3.512136840820312500e+01
3.513950729370117188e+01
3.478012847900390625e+01
3.435582351684570312e+01
3.473100280761718750e+01
3.472460937500000000e+01
3.457008361816406250e+01
3.408026123046875000e+01
3.377972412109375000e+01
3.324454879760742188e+01
3.253671264648437500e+01
3.307960510253906250e+01
3.346115112304687500e+01
3.398056411743164062e+01
3.377532196044921875e+01
3.329017639160156250e+01
3.260664367675781250e+01
3.241569519042968750e+01
3.258126068115234375e+01
3.318716049194335938e+01
3.361552429199218750e+01
3.375703811645507812e+01
3.370769500732421875e+01
3.450463104248046875e+01
3.445228958129882812e+01
3.397738647460937500e+01
3.349725723266601562e+01
3.336499786376953125e+01
3.371002197265625000e+01
3.307570648193359375e+01
3.285388565063476562e+01
3.397076034545898438e+01
3.344779586791992188e+01
3.300545120239257812e+01
3.326788330078125000e+01
3.315483856201171875e+01
3.285792922973632812e+01
3.243732070922851562e+01
3.226758956909179688e+01
3.255176544189453125e+01
3.300300979614257812e+01
3.370281600952148438e+01
3.384136199951171875e+01
3.379697418212890625e+01
3.421688079833984375e+01
3.495141601562500000e+01
3.416189956665039062e+01
3.278271865844726562e+01
3.219804000854492188e+01
3.278049468994140625e+01
3.244257736206054688e+01
3.155786895751953125e+01
3.082309913635253906e+01
3.106882095336914062e+01
