2.655594635009765625e+01
2.652021408081054688e+01
2.667341423034667969e+01
2.666628456115722656e+01
2.652721214294433594e+01
2.646460914611816406e+01
2.637017250061035156e+01
2.625636672973632812e+01
2.604538536071777344e+01
2.606106567382812500e+01
2.621078872680664062e+01
2.631380653381347656e+01
2.647789382934570312e+01
2.680356216430664062e+01
2.706995391845703125e+01
2.720133972167968750e+01
2.691171836853027344e+01
2.664927291870117188e+01
2.657160758972167969e+01
2.663140487670898438e+01
2.667809295654296875e+01
2.663871765136718750e+01
2.673160171508789062e+01
2.675800895690917969e+01
2.674314498901367188e+01
2.674323654174804688e+01
2.669244575500488281e+01
2.663549804687500000e+01
2.653117179870605469e+01
2.644297218322753906e+01
2.638215255737304688e+01
2.632108306884765625e+01
2.630601119995117188e+01
2.633270454406738281e+01
2.638042831420898438e+01
2.650599288940429688e+01
2.659677505493164062e+01
2.659388732910156250e+01
2.653241348266601562e+01
2.651963996887207031e+01
2.657735633850097656e+01
2.662455940246582031e+01
2.661848449707031250e+01
2.655240631103515625e+01
2.647744369506835938e+01
2.638597869873046875e+01
2.626268768310546875e+01
2.612883377075195312e+01
2.605965805053710938e+01
2.599842834472656250e+01
2.597556877136230469e+01
2.595043945312500000e+01
2.601351547241210938e+01
2.601709175109863281e+01
2.593329811096191406e+01
2.593633651733398438e+01
2.590180778503417969e+01
2.580268096923828125e+01
2.568097686767578125e+01
2.569318199157714844e+01
2.581031227111816406e+01
2.598041152954101562e+01
2.606768989562988281e+01
2.613595581054687500e+01
2.614023590087890625e+01
2.615938758850097656e+01
2.614747047424316406e+01
2.608617401123046875e+01
2.594395637512207031e+01
2.582982063293457031e+01
2.585321426391601562e+01
2.593357849121093750e+01
2.596365165710449219e+01
2.601158523559570312e+01
2.589692115783691406e+01
2.587046241760253906e+01
2.585640525817871094e+01
2.587762451171875000e+01
2.606899070739746094e+01
2.622252655029296875e+01
2.644486999511718750e+01
2.662355613708496094e+01
2.662830734252929688e+01
2.659524345397949219e+01
2.640281867980957031e+01
2.640253067016601562e+01
2.644669914245605469e+01
2.655005645751953125e+01
2.668077659606933594e+01
2.652473640441894531e+01
2.656915473937988281e+01
2.657023048400878906e+01
2.661845207214355469e+01
2.675661277770996094e+01
2.646272850036621094e+01
2.560491180419921875e+01
2.447911071777343750e+01
2.540233230590820312e+01
