2.522980690002441406e+01
2.534147071838378906e+01
2.619819068908691406e+01
2.721840095520019531e+01
2.740394401550292969e+01
2.724469184875488281e+01
2.715508460998535156e+01
2.703107070922851562e+01
2.714966392517089844e+01
2.744671249389648438e+01
2.759247589111328125e+01
2.764192390441894531e+01
2.793990707397460938e+01
2.822344589233398438e+01
2.839282608032226562e+01
2.850397682189941406e+01
2.851849174499511719e+01
2.847243499755859375e+01
2.856067085266113281e+01
2.867188453674316406e+01
2.860664367675781250e+01
2.844901466369628906e+01
2.807519721984863281e+01
2.783870887756347656e+01
2.790916824340820312e+01
2.794172859191894531e+01
2.804573631286621094e+01
2.807968330383300781e+01
2.803349494934082031e+01
2.803657722473144531e+01
2.795984458923339844e+01
2.787672233581542969e+01
2.780099678039550781e+01
2.770235443115234375e+01
2.765347290039062500e+01
2.770417022705078125e+01
2.777652168273925781e+01
2.776852416992187500e+01
2.770140838623046875e+01
2.769207763671875000e+01
2.769422912597656250e+01
2.761449623107910156e+01
2.757753753662109375e+01
2.758406639099121094e+01
2.761418724060058594e+01
2.763572120666503906e+01
2.771035957336425781e+01
2.785881042480468750e+01
2.802824211120605469e+01
2.810589408874511719e+01
2.809711074829101562e+01
2.809092903137207031e+01
2.806641006469726562e+01
2.804929733276367188e+01
2.791879081726074219e+01
2.791164588928222656e+01
2.791208839416503906e+01
2.792876815795898438e+01
2.791530227661132812e+01
2.786796760559082031e+01
2.789141464233398438e+01
2.788188934326171875e+01
2.793245506286621094e+01
2.811395263671875000e+01
2.833964920043945312e+01
2.828318977355957031e+01
2.823620223999023438e+01
2.827533149719238281e+01
2.823474121093750000e+01
2.830288314819335938e+01
2.844097900390625000e+01
2.852119255065917969e+01
2.840522003173828125e+01
2.813800048828125000e+01
2.815206146240234375e+01
2.830702781677246094e+01
2.842258834838867188e+01
2.827892494201660156e+01
2.821077346801757812e+01
2.835316276550292969e+01
2.846931266784667969e+01
2.855126380920410156e+01
2.842507362365722656e+01
2.818584251403808594e+01
2.797612762451171875e+01
2.798675155639648438e+01
2.815005493164062500e+01
2.831950759887695312e+01
2.845792007446289062e+01
2.849814605712890625e+01
2.849661827087402344e+01
2.807705688476562500e+01
2.785413932800292969e+01
2.779299926757812500e+01
2.764986610412597656e+01
2.745695686340332031e+01
2.730607986450195312e+01
2.726895141601562500e+01
2.735495185852050781e+01
2.754370307922363281e+01
2.755699348449707031e+01
2.745571136474609375e+01
2.767342758178710938e+01
2.891270446777343750e+01
3.154514694213867188e+01
