3.271531677246093750e+01
3.304420089721679688e+01
3.349866104125976562e+01
3.359651565551757812e+01
3.355851364135742188e+01
3.363977050781250000e+01
3.372745132446289062e+01
3.388331604003906250e+01
3.386135482788085938e+01
3.408454513549804688e+01
3.439521026611328125e+01
3.459868240356445312e+01
3.533125305175781250e+01
3.597134399414062500e+01
3.618401336669921875e+01
3.586079025268554688e+01
3.561863327026367188e+01
3.539634323120117188e+01
3.562884902954101562e+01
3.580901718139648438e+01
3.572757720947265625e+01
3.571109008789062500e+01
3.616490173339843750e+01
3.639730834960937500e+01
3.590292358398437500e+01
3.467090606689453125e+01
3.428522491455078125e+01
3.513789367675781250e+01
3.645122528076171875e+01
3.685839080810546875e+01
3.675332260131835938e+01
3.630640411376953125e+01
3.658935928344726562e+01
3.664326095581054688e+01
3.664403533935546875e+01
3.664030838012695312e+01
3.650389480590820312e+01
3.640861892700195312e+01
3.637062454223632812e+01
3.646820068359375000e+01
3.609050369262695312e+01
3.523692321777343750e+01
3.465346527099609375e+01
3.499011993408203125e+01
3.610272979736328125e+01
3.656053161621093750e+01
3.575618743896484375e+01
3.560158538818359375e+01
3.642018127441406250e+01
3.694020462036132812e+01
3.691711044311523438e+01
3.691559219360351562e+01
3.668012619018554688e+01
3.564727401733398438e+01
3.463420486450195312e+01
3.454750442504882812e+01
3.481093978881835938e+01
3.452552032470703125e+01
3.484757995605468750e+01
3.568025588989257812e+01
3.613447570800781250e+01
3.667348861694335938e+01
3.684139251708984375e+01
3.690864944458007812e+01
3.695950317382812500e+01
3.720790863037109375e+01
3.717624664306640625e+01
3.715386581420898438e+01
3.713251876831054688e+01
3.691633987426757812e+01
3.667062759399414062e+01
3.641175460815429688e+01
3.676683425903320312e+01
3.701022338867187500e+01
3.702488327026367188e+01
3.692516708374023438e+01
3.690795898437500000e+01
3.690999984741210938e+01
3.705950546264648438e+01
3.723483657836914062e+01
3.718809890747070312e+01
3.705542755126953125e+01
3.681766128540039062e+01
3.648638153076171875e+01
3.586936569213867188e+01
3.571619415283203125e+01
3.585152053833007812e+01
3.587700653076171875e+01
3.590282440185546875e+01
3.629948425292968750e+01
3.650388717651367188e+01
3.655382919311523438e+01
3.661126327514648438e+01
3.662500000000000000e+01
3.687185287475585938e+01
3.705361938476562500e+01
3.719881057739257812e+01
3.723895263671875000e+01
3.712122726440429688e+01
3.706950378417968750e+01
3.709013748168945312e+01
3.711336898803710938e+01
3.691619873046875000e+01
3.565554046630859375e+01
3.519293975830078125e+01
3.556094741821289062e+01
3.555761337280273438e+01
3.399909591674804688e+01
3.319184494018554688e+01
3.273260116577148438e+01
3.262520217895507812e+01
3.167299270629882812e+01
