2.809133720397949219e+01
2.733403396606445312e+01
2.702788352966308594e+01
2.757736206054687500e+01
2.826261329650878906e+01
2.838851547241210938e+01
2.827274894714355469e+01
2.832670593261718750e+01
2.844301986694335938e+01
2.874071311950683594e+01
2.911883735656738281e+01
2.964804077148437500e+01
3.082018089294433594e+01
3.169462776184082031e+01
3.207683181762695312e+01
3.215273666381835938e+01
3.182544898986816406e+01
3.159681129455566406e+01
3.072711944580078125e+01
2.960615921020507812e+01
2.898653411865234375e+01
2.865918922424316406e+01
2.846948623657226562e+01
2.853228187561035156e+01
2.871963119506835938e+01
2.923510551452636719e+01
2.979987525939941406e+01
2.996762466430664062e+01
2.994718551635742188e+01
2.972295570373535156e+01
2.944190597534179688e+01
2.919284057617187500e+01
2.901081275939941406e+01
2.902111625671386719e+01
2.921243286132812500e+01
2.941477584838867188e+01
2.955451393127441406e+01
2.982277488708496094e+01
3.025963592529296875e+01
3.011627769470214844e+01
2.996022987365722656e+01
2.992289924621582031e+01
2.993693161010742188e+01
2.996859550476074219e+01
2.977202033996582031e+01
2.960740470886230469e+01
2.954962730407714844e+01
2.957665443420410156e+01
2.920147323608398438e+01
2.856469917297363281e+01
2.881034851074218750e+01
2.884852409362792969e+01
2.932420730590820312e+01
2.877389526367187500e+01
2.796270942687988281e+01
2.742736625671386719e+01
2.729959487915039062e+01
2.748579978942871094e+01
2.820822334289550781e+01
2.851513099670410156e+01
2.851558113098144531e+01
2.835524940490722656e+01
2.845868492126464844e+01
2.852184677124023438e+01
2.837966346740722656e+01
2.825352859497070312e+01
2.823796081542968750e+01
2.821320915222167969e+01
2.821204376220703125e+01
2.832929039001464844e+01
2.846928215026855469e+01
2.859127616882324219e+01
2.872644996643066406e+01
2.878593635559082031e+01
2.876448822021484375e+01
2.898011779785156250e+01
2.904274177551269531e+01
2.890344810485839844e+01
2.845802497863769531e+01
2.818631744384765625e+01
2.826048088073730469e+01
2.862084960937500000e+01
2.901437568664550781e+01
2.915981864929199219e+01
2.897368812561035156e+01
2.899401092529296875e+01
2.925936889648437500e+01
2.965573310852050781e+01
2.938307571411132812e+01
2.895798683166503906e+01
2.872623252868652344e+01
2.838949012756347656e+01
2.837827873229980469e+01
2.866528892517089844e+01
2.876370048522949219e+01
2.893378257751464844e+01
2.899744987487792969e+01
2.881559944152832031e+01
2.889484977722167969e+01
2.864251327514648438e+01
2.808609580993652344e+01
2.792681884765625000e+01
2.804614448547363281e+01
2.844674873352050781e+01
