2.680655097961425781e+01
2.680117607116699219e+01
2.688894462585449219e+01
2.698614692687988281e+01
2.686292266845703125e+01
2.680592727661132812e+01
2.657711410522460938e+01
2.651771163940429688e+01
2.633228874206542969e+01
2.616371726989746094e+01
2.611294937133789062e+01
2.595750236511230469e+01
2.582180023193359375e+01
2.579615402221679688e+01
2.561396789550781250e+01
2.535265159606933594e+01
2.505601119995117188e+01
2.500654220581054688e+01
2.511632919311523438e+01
2.525936698913574219e+01
2.538027954101562500e+01
2.558480834960937500e+01
2.563451576232910156e+01
2.558297348022460938e+01
2.524352645874023438e+01
2.497164916992187500e+01
2.469356536865234375e+01
2.439293861389160156e+01
2.432424354553222656e+01
2.444659233093261719e+01
2.454251480102539062e+01
2.459096527099609375e+01
2.465011596679687500e+01
2.470818901062011719e+01
2.476033592224121094e+01
2.472418594360351562e+01
2.466989135742187500e+01
2.483042144775390625e+01
2.510295104980468750e+01
2.531405067443847656e+01
2.544276428222656250e+01
2.558119392395019531e+01
2.569567298889160156e+01
2.579982566833496094e+01
2.580434989929199219e+01
2.568779563903808594e+01
2.542790794372558594e+01
2.538760948181152344e+01
2.544302368164062500e+01
2.550061225891113281e+01
2.552277755737304688e+01
2.557812881469726562e+01
2.554457855224609375e+01
2.543337821960449219e+01
2.540702629089355469e+01
2.552570152282714844e+01
2.561029052734375000e+01
2.557940101623535156e+01
2.571391105651855469e+01
2.591103935241699219e+01
2.606287193298339844e+01
2.614448356628417969e+01
2.612207412719726562e+01
2.608874130249023438e+01
2.601773643493652344e+01
2.585744285583496094e+01
2.570930862426757812e+01
2.558953475952148438e+01
2.541390419006347656e+01
2.530929183959960938e+01
2.539126586914062500e+01
2.546169281005859375e+01
2.558685111999511719e+01
2.558561897277832031e+01
2.558739280700683594e+01
2.577493286132812500e+01
2.590379142761230469e+01
2.597246742248535156e+01
2.599581336975097656e+01
2.605572700500488281e+01
2.609862518310546875e+01
2.616321945190429688e+01
2.619963645935058594e+01
2.635104179382324219e+01
2.646822738647460938e+01
2.659042167663574219e+01
2.681012153625488281e+01
2.694210433959960938e+01
2.713030624389648438e+01
2.724524497985839844e+01
2.719478225708007812e+01
2.711767387390136719e+01
2.706497001647949219e+01
2.699193000793457031e+01
2.694247055053710938e+01
2.689285659790039062e+01
2.700948524475097656e+01
2.722592163085937500e+01
2.740896797180175781e+01
2.766788101196289062e+01
2.793312072753906250e+01
