2.455529022216796875e+01
2.448716926574707031e+01
2.464008522033691406e+01
2.500091552734375000e+01
2.489820098876953125e+01
2.460167503356933594e+01
2.432584762573242188e+01
2.421543312072753906e+01
2.435251617431640625e+01
2.456086349487304688e+01
2.458144187927246094e+01
2.451719474792480469e+01
2.421573257446289062e+01
2.400279235839843750e+01
2.379685211181640625e+01
2.383499145507812500e+01
2.385192680358886719e+01
2.395686912536621094e+01
2.413462257385253906e+01
2.421899414062500000e+01
2.420652770996093750e+01
2.434187889099121094e+01
2.434165382385253906e+01
2.452245330810546875e+01
2.485176277160644531e+01
2.500090599060058594e+01
2.513865280151367188e+01
2.490767097473144531e+01
2.471188926696777344e+01
2.460499763488769531e+01
2.458352088928222656e+01
2.460901832580566406e+01
2.440354347229003906e+01
2.390914726257324219e+01
2.380166625976562500e+01
2.404382705688476562e+01
2.446418762207031250e+01
2.471705436706542969e+01
2.491957092285156250e+01
2.493933868408203125e+01
2.497723197937011719e+01
2.495854568481445312e+01
2.488129806518554688e+01
2.488104629516601562e+01
2.515189743041992188e+01
2.537731170654296875e+01
2.545097351074218750e+01
2.550455284118652344e+01
2.540017700195312500e+01
2.545107078552246094e+01
2.539155578613281250e+01
2.525796318054199219e+01
2.500217056274414062e+01
2.468939399719238281e+01
2.466377449035644531e+01
2.465922737121582031e+01
2.467538261413574219e+01
2.468286132812500000e+01
2.473140525817871094e+01
2.479688835144042969e+01
2.478872299194335938e+01
2.479127693176269531e+01
2.472228240966796875e+01
2.454842567443847656e+01
2.433413887023925781e+01
2.413011169433593750e+01
2.412181091308593750e+01
2.423708915710449219e+01
2.434443473815917969e+01
2.441324806213378906e+01
2.446933174133300781e+01
2.450588798522949219e+01
2.438046073913574219e+01
2.420291519165039062e+01
2.414111328125000000e+01
2.413563728332519531e+01
2.408344650268554688e+01
2.413178825378417969e+01
2.420548248291015625e+01
2.427358436584472656e+01
2.427857017517089844e+01
2.415307044982910156e+01
2.410310554504394531e+01
2.410786628723144531e+01
2.413090705871582031e+01
2.433197021484375000e+01
2.410560607910156250e+01
2.400721740722656250e+01
2.396225357055664062e+01
2.394515419006347656e+01
2.414889717102050781e+01
2.430158996582031250e+01
2.450574684143066406e+01
2.462022781372070312e+01
2.482127952575683594e+01
2.500098419189453125e+01
2.511662864685058594e+01
2.538408279418945312e+01
2.508667182922363281e+01
2.499377250671386719e+01
