2.634758567810058594e+01
2.613809776306152344e+01
2.632265853881835938e+01
2.652622985839843750e+01
2.671578216552734375e+01
2.673149871826171875e+01
2.641451454162597656e+01
2.639110183715820312e+01
2.642805862426757812e+01
2.634991455078125000e+01
2.636211204528808594e+01
2.601770019531250000e+01
2.569455528259277344e+01
2.571100044250488281e+01
2.579944229125976562e+01
2.602552795410156250e+01
2.618655395507812500e+01
2.631087684631347656e+01
2.649068069458007812e+01
2.657834625244140625e+01
2.667471313476562500e+01
2.670954704284667969e+01
2.683515739440917969e+01
2.707350540161132812e+01
2.730468750000000000e+01
2.751691246032714844e+01
2.767576980590820312e+01
2.785745620727539062e+01
2.791530418395996094e+01
2.791926193237304688e+01
2.788103485107421875e+01
2.786264610290527344e+01
2.781487655639648438e+01
2.766672706604003906e+01
2.752653503417968750e+01
2.750971984863281250e+01
2.745352935791015625e+01
2.725555610656738281e+01
2.718682098388671875e+01
2.717026901245117188e+01
2.723832321166992188e+01
2.744694900512695312e+01
2.755829429626464844e+01
2.754202842712402344e+01
2.736566925048828125e+01
2.711228942871093750e+01
2.674749183654785156e+01
2.654878997802734375e+01
2.633658790588378906e+01
2.619369506835937500e+01
2.642711448669433594e+01
2.671594619750976562e+01
2.685110855102539062e+01
2.701662445068359375e+01
2.720545387268066406e+01
2.728746414184570312e+01
2.750804138183593750e+01
2.738879013061523438e+01
2.715415763854980469e+01
2.690283584594726562e+01
2.684605789184570312e+01
2.679882431030273438e+01
2.675097465515136719e+01
2.689207839965820312e+01
2.695811653137207031e+01
2.719454383850097656e+01
2.784843826293945312e+01
2.816238021850585938e+01
2.826710128784179688e+01
2.818978500366210938e+01
2.793735694885253906e+01
2.758112907409667969e+01
2.732779121398925781e+01
2.701023674011230469e+01
2.685658264160156250e+01
2.652413940429687500e+01
2.608434104919433594e+01
2.583660697937011719e+01
2.587106323242187500e+01
2.606589698791503906e+01
2.610870170593261719e+01
2.620153236389160156e+01
2.615167999267578125e+01
2.582427215576171875e+01
2.579830932617187500e+01
2.579335975646972656e+01
2.579181480407714844e+01
2.568993949890136719e+01
2.595923995971679688e+01
2.595118904113769531e+01
2.588129043579101562e+01
2.610940170288085938e+01
2.634428977966308594e+01
2.649854660034179688e+01
2.657095146179199219e+01
2.657328987121582031e+01
2.664465713500976562e+01
2.650529479980468750e+01
2.657788467407226562e+01
2.634794425964355469e+01
2.603469085693359375e+01
2.616174697875976562e+01
