2.256713104248046875e+01
2.252319145202636719e+01
2.241334724426269531e+01
2.219216918945312500e+01
2.192486763000488281e+01
2.171444702148437500e+01
2.164928245544433594e+01
2.161457824707031250e+01
2.171119499206542969e+01
2.171532630920410156e+01
2.184568023681640625e+01
2.179267311096191406e+01
2.181189155578613281e+01
2.181525993347167969e+01
2.192136955261230469e+01
2.188226509094238281e+01
2.181411933898925781e+01
2.169993209838867188e+01
2.159656906127929688e+01
2.159129524230957031e+01
2.159507560729980469e+01
2.168568229675292969e+01
2.168153190612792969e+01
2.174004173278808594e+01
2.161376380920410156e+01
2.167037010192871094e+01
2.166105842590332031e+01
2.172691726684570312e+01
2.182769584655761719e+01
2.192012977600097656e+01
2.213468742370605469e+01
2.216404342651367188e+01
2.210652923583984375e+01
2.213726043701171875e+01
2.214706611633300781e+01
2.200030708312988281e+01
2.175865936279296875e+01
2.168276786804199219e+01
2.169439697265625000e+01
2.162951278686523438e+01
2.169185638427734375e+01
2.184139060974121094e+01
2.209368896484375000e+01
2.248566818237304688e+01
2.264667510986328125e+01
2.290705490112304688e+01
2.302214431762695312e+01
2.306789016723632812e+01
2.308793258666992188e+01
2.319658660888671875e+01
2.325375366210937500e+01
2.312859916687011719e+01
2.292694664001464844e+01
2.284724426269531250e+01
2.272668266296386719e+01
2.269345855712890625e+01
2.265995025634765625e+01
2.244170379638671875e+01
2.245785140991210938e+01
2.239949035644531250e+01
2.229352378845214844e+01
2.216573715209960938e+01
2.199985504150390625e+01
2.168107795715332031e+01
2.150724601745605469e+01
2.165083503723144531e+01
2.181724548339843750e+01
2.170396423339843750e+01
2.159167671203613281e+01
2.163084030151367188e+01
2.166825294494628906e+01
2.168951988220214844e+01
2.169780540466308594e+01
2.167371368408203125e+01
2.159363746643066406e+01
2.144147109985351562e+01
2.143694686889648438e+01
2.140985298156738281e+01
2.144427490234375000e+01
2.144481849670410156e+01
2.150683975219726562e+01
2.157369995117187500e+01
2.159820747375488281e+01
2.167374038696289062e+01
2.180676651000976562e+01
2.209165763854980469e+01
2.223128318786621094e+01
2.259999847412109375e+01
2.272400093078613281e+01
2.302871131896972656e+01
2.302399063110351562e+01
2.294241142272949219e+01
2.260072135925292969e+01
2.234090042114257812e+01
2.226753425598144531e+01
2.206739807128906250e+01
2.203720092773437500e+01
2.216269111633300781e+01
2.263727760314941406e+01
2.301372337341308594e+01
2.330762481689453125e+01
2.369180297851562500e+01
2.380086708068847656e+01
2.373855018615722656e+01
