3.229430389404296875e+01
3.237695312500000000e+01
3.256972122192382812e+01
3.295134735107421875e+01
3.341029739379882812e+01
3.344114303588867188e+01
3.337893676757812500e+01
3.352274322509765625e+01
3.385540008544921875e+01
3.428140640258789062e+01
3.433845138549804688e+01
3.440107727050781250e+01
3.448326492309570312e+01
3.342664718627929688e+01
3.283480453491210938e+01
3.247453689575195312e+01
3.257612609863281250e+01
3.260781860351562500e+01
3.266689300537109375e+01
3.285330200195312500e+01
3.301486206054687500e+01
3.275735092163085938e+01
3.255398559570312500e+01
3.268503189086914062e+01
3.283340454101562500e+01
3.299446868896484375e+01
3.315681838989257812e+01
3.330004119873046875e+01
3.324482727050781250e+01
3.310573577880859375e+01
3.308116912841796875e+01
3.313046646118164062e+01
3.308157348632812500e+01
3.294998168945312500e+01
3.299261093139648438e+01
3.303143310546875000e+01
3.293259048461914062e+01
3.267395401000976562e+01
3.253958511352539062e+01
3.252440643310546875e+01
3.279917907714843750e+01
3.280337524414062500e+01
3.261291122436523438e+01
3.281633377075195312e+01
3.291820526123046875e+01
3.290682983398437500e+01
3.277584075927734375e+01
3.240522384643554688e+01
3.151194000244140625e+01
3.136646080017089844e+01
3.231985855102539062e+01
3.278961181640625000e+01
3.086782264709472656e+01
2.881346511840820312e+01
2.930153083801269531e+01
2.996412086486816406e+01
3.139307212829589844e+01
3.143927764892578125e+01
3.178060340881347656e+01
3.344118118286132812e+01
3.379979324340820312e+01
3.316801071166992188e+01
3.365307998657226562e+01
3.378354644775390625e+01
3.372734069824218750e+01
3.413322830200195312e+01
3.343305587768554688e+01
3.332298278808593750e+01
3.369753265380859375e+01
3.353567504882812500e+01
3.329560470581054688e+01
3.286904144287109375e+01
3.271454238891601562e+01
3.274307250976562500e+01
3.281428527832031250e+01
3.283428192138671875e+01
3.284840393066406250e+01
3.289129257202148438e+01
3.300688552856445312e+01
3.337522888183593750e+01
3.341355895996093750e+01
3.414622497558593750e+01
3.527167510986328125e+01
3.405607223510742188e+01
3.318369293212890625e+01
3.306451034545898438e+01
3.312331771850585938e+01
3.297158050537109375e+01
3.268764495849609375e+01
3.249697113037109375e+01
3.255787277221679688e+01
3.318412780761718750e+01
3.381374740600585938e+01
3.441079330444335938e+01
3.403337860107421875e+01
3.318135452270507812e+01
3.267369079589843750e+01
3.248683929443359375e+01
3.168159294128417969e+01
3.146193504333496094e+01
3.190576934814453125e+01
3.283417129516601562e+01
3.359822082519531250e+01
3.376281738281250000e+01
3.406446456909179688e+01
3.245763778686523438e+01
3.213572692871093750e+01
