2.736211967468261719e+01
2.737803459167480469e+01
2.812238693237304688e+01
2.928843116760253906e+01
2.977343368530273438e+01
3.020487213134765625e+01
3.063286590576171875e+01
3.091910362243652344e+01
3.124518203735351562e+01
3.138172340393066406e+01
3.098817825317382812e+01
3.010647010803222656e+01
2.958444595336914062e+01
2.908364295959472656e+01
2.877620887756347656e+01
2.880891418457031250e+01
2.874544334411621094e+01
2.868330383300781250e+01
2.897204399108886719e+01
2.902668571472167969e+01
2.923491096496582031e+01
2.969640350341796875e+01
2.974205970764160156e+01
2.970920753479003906e+01
2.949705696105957031e+01
2.960284423828125000e+01
2.974476432800292969e+01
2.987611961364746094e+01
2.992158317565917969e+01
2.984381484985351562e+01
2.986480903625488281e+01
3.000908851623535156e+01
2.994339561462402344e+01
2.937868690490722656e+01
2.919302558898925781e+01
2.915478897094726562e+01
2.967157554626464844e+01
3.046926879882812500e+01
3.072979354858398438e+01
3.064895057678222656e+01
3.042219734191894531e+01
2.982058525085449219e+01
2.911530876159667969e+01
2.871456909179687500e+01
2.849262428283691406e+01
2.845223236083984375e+01
2.831759262084960938e+01
2.821016502380371094e+01
2.802007484436035156e+01
2.797915458679199219e+01
2.824713325500488281e+01
2.882302474975585938e+01
2.889305114746093750e+01
2.856696510314941406e+01
2.807167625427246094e+01
2.789799690246582031e+01
2.817945861816406250e+01
2.864795875549316406e+01
2.863854980468750000e+01
2.863271141052246094e+01
2.852081108093261719e+01
2.858472442626953125e+01
2.864385795593261719e+01
2.901993370056152344e+01
2.922641944885253906e+01
2.928810501098632812e+01
2.909178733825683594e+01
2.907573890686035156e+01
2.910189437866210938e+01
2.900838088989257812e+01
2.888049507141113281e+01
2.878608703613281250e+01
2.873618507385253906e+01
2.862818527221679688e+01
2.853795433044433594e+01
2.848100471496582031e+01
2.850467109680175781e+01
2.856928062438964844e+01
2.876916503906250000e+01
2.904770851135253906e+01
2.931680488586425781e+01
2.958505058288574219e+01
2.984074020385742188e+01
2.983460235595703125e+01
2.981425476074218750e+01
2.976253509521484375e+01
2.964851951599121094e+01
2.959091758728027344e+01
2.939231300354003906e+01
2.918485832214355469e+01
2.887056159973144531e+01
2.874750328063964844e+01
2.869188308715820312e+01
2.873423767089843750e+01
2.874353218078613281e+01
2.866988372802734375e+01
2.869567680358886719e+01
2.869757652282714844e+01
2.870645523071289062e+01
2.900450134277343750e+01
2.930642318725585938e+01
2.925217437744140625e+01
2.904104995727539062e+01
2.882053375244140625e+01
