3.440441513061523438e+01
3.561294937133789062e+01
3.686357116699218750e+01
3.721595382690429688e+01
3.677781295776367188e+01
3.609146881103515625e+01
3.573424148559570312e+01
3.624595260620117188e+01
3.564894104003906250e+01
3.408114242553710938e+01
3.376398468017578125e+01
3.369670486450195312e+01
3.397662353515625000e+01
3.395891189575195312e+01
3.383282470703125000e+01
3.400554275512695312e+01
3.420275878906250000e+01
3.406745147705078125e+01
3.418675231933593750e+01
3.493948364257812500e+01
3.601114654541015625e+01
3.622774505615234375e+01
3.629764938354492188e+01
3.529922103881835938e+01
3.478015518188476562e+01
3.637073135375976562e+01
3.673716354370117188e+01
3.628855514526367188e+01
3.617926788330078125e+01
3.635642242431640625e+01
3.572175598144531250e+01
3.410408782958984375e+01
3.378744125366210938e+01
3.385472106933593750e+01
3.403951263427734375e+01
3.422727966308593750e+01
3.436048507690429688e+01
3.449967575073242188e+01
3.447212219238281250e+01
3.450366973876953125e+01
3.456092453002929688e+01
3.456925582885742188e+01
3.457578659057617188e+01
3.453947830200195312e+01
3.473015213012695312e+01
3.485742187500000000e+01
3.504122161865234375e+01
3.508533859252929688e+01
3.457562255859375000e+01
3.427996063232421875e+01
3.433292007446289062e+01
3.455223464965820312e+01
3.479646301269531250e+01
3.488150024414062500e+01
3.450262069702148438e+01
3.415793609619140625e+01
3.399558639526367188e+01
3.404882049560546875e+01
3.441051483154296875e+01
3.504334640502929688e+01
3.538893890380859375e+01
3.554924392700195312e+01
3.587132263183593750e+01
3.651293563842773438e+01
3.612392807006835938e+01
3.487427902221679688e+01
3.499481964111328125e+01
3.487203598022460938e+01
3.462086868286132812e+01
3.455213165283203125e+01
3.450165939331054688e+01
3.469535446166992188e+01
3.571975708007812500e+01
3.631908035278320312e+01
3.530590057373046875e+01
3.456838607788085938e+01
3.445281982421875000e+01
3.436763000488281250e+01
3.436960220336914062e+01
3.448319625854492188e+01
3.497326278686523438e+01
3.452988433837890625e+01
3.404384613037109375e+01
3.386480331420898438e+01
3.378464508056640625e+01
3.393722152709960938e+01
3.424592971801757812e+01
3.474993133544921875e+01
3.511507415771484375e+01
3.340306091308593750e+01
3.323188400268554688e+01
3.360596466064453125e+01
3.366491699218750000e+01
