3.221175765991210938e+01
3.264235687255859375e+01
3.313648986816406250e+01
3.313481521606445312e+01
3.291450119018554688e+01
3.267421340942382812e+01
3.310010147094726562e+01
3.311573410034179688e+01
3.299805831909179688e+01
3.271115493774414062e+01
3.251200866699218750e+01
3.269944000244140625e+01
3.263915634155273438e+01
3.243273162841796875e+01
3.231782913208007812e+01
3.211544799804687500e+01
3.185215187072753906e+01
3.155106544494628906e+01
3.142926406860351562e+01
3.156110954284667969e+01
3.190873146057128906e+01
3.231532287597656250e+01
3.253377532958984375e+01
3.301197814941406250e+01
3.325517272949218750e+01
3.312806701660156250e+01
3.278109741210937500e+01
3.247471618652343750e+01
3.247906494140625000e+01
3.262822723388671875e+01
3.247968292236328125e+01
3.238887023925781250e+01
3.245226669311523438e+01
3.235865020751953125e+01
3.234917068481445312e+01
3.210322570800781250e+01
3.193831253051757812e+01
3.212216567993164062e+01
3.215701293945312500e+01
3.233501052856445312e+01
3.278015136718750000e+01
3.301092147827148438e+01
3.279552459716796875e+01
3.278529739379882812e+01
3.278051376342773438e+01
3.274593734741210938e+01
3.267910766601562500e+01
3.280009078979492188e+01
3.318725585937500000e+01
3.374016571044921875e+01
3.387265777587890625e+01
3.369657135009765625e+01
3.347103500366210938e+01
3.368012237548828125e+01
3.361599731445312500e+01
3.304053497314453125e+01
3.281011581420898438e+01
3.291939544677734375e+01
3.305800247192382812e+01
3.303760528564453125e+01
3.333923721313476562e+01
3.334014511108398438e+01
3.329838562011718750e+01
3.314940261840820312e+01
3.338568878173828125e+01
3.343912506103515625e+01
3.352285003662109375e+01
3.361369705200195312e+01
3.359354400634765625e+01
3.354157638549804688e+01
3.356777572631835938e+01
3.335551452636718750e+01
3.305816268920898438e+01
3.306601333618164062e+01
3.298406600952148438e+01
3.286429977416992188e+01
3.281127929687500000e+01
3.281413269042968750e+01
3.309476470947265625e+01
3.349000167846679688e+01
3.321883010864257812e+01
3.304460906982421875e+01
3.291641235351562500e+01
3.297642135620117188e+01
3.306705474853515625e+01
3.303113174438476562e+01
3.293642044067382812e+01
3.344971847534179688e+01
3.390478515625000000e+01
3.402895736694335938e+01
3.413639068603515625e+01
3.412368774414062500e+01
3.392538452148437500e+01
3.369854354858398438e+01
3.360024261474609375e+01
3.344929885864257812e+01
3.320417785644531250e+01
3.301710891723632812e+01
3.307319259643554688e+01
3.333923339843750000e+01
3.342168045043945312e+01
3.341875076293945312e+01
3.298718643188476562e+01
3.307580947875976562e+01
3.328924560546875000e+01
