2.829188346862792969e+01
2.807455062866210938e+01
2.781804656982421875e+01
2.785583114624023438e+01
2.762988281250000000e+01
2.713911437988281250e+01
2.691749000549316406e+01
2.659142112731933594e+01
2.625066757202148438e+01
2.612999725341796875e+01
2.632324218750000000e+01
2.671212959289550781e+01
2.705749130249023438e+01
2.701771926879882812e+01
2.692429924011230469e+01
2.690546417236328125e+01
2.705192375183105469e+01
2.721402359008789062e+01
2.738944053649902344e+01
2.749461174011230469e+01
2.761676597595214844e+01
2.753158760070800781e+01
2.743633460998535156e+01
2.715704917907714844e+01
2.692692756652832031e+01
2.651091575622558594e+01
2.631189918518066406e+01
2.621535682678222656e+01
2.629534149169921875e+01
2.649718284606933594e+01
2.675718498229980469e+01
2.687395477294921875e+01
2.702621650695800781e+01
2.699759674072265625e+01
2.697509193420410156e+01
2.693760681152343750e+01
2.689741516113281250e+01
2.675128173828125000e+01
2.664029121398925781e+01
2.672678184509277344e+01
2.689018058776855469e+01
2.690395927429199219e+01
2.699211502075195312e+01
2.712551689147949219e+01
2.703633117675781250e+01
2.678806686401367188e+01
2.682852554321289062e+01
2.685025787353515625e+01
2.677581214904785156e+01
2.676584815979003906e+01
2.676908111572265625e+01
2.680928039550781250e+01
2.685586166381835938e+01
2.695880126953125000e+01
2.693144416809082031e+01
2.687724304199218750e+01
2.683524131774902344e+01
2.686109924316406250e+01
2.711271858215332031e+01
2.745850181579589844e+01
2.771569633483886719e+01
2.759367942810058594e+01
2.748308944702148438e+01
2.730759239196777344e+01
2.737062644958496094e+01
2.723203086853027344e+01
2.709700202941894531e+01
2.711042022705078125e+01
2.712394142150878906e+01
2.699671173095703125e+01
2.689465141296386719e+01
2.683944511413574219e+01
2.684058570861816406e+01
2.660976600646972656e+01
2.634006500244140625e+01
2.615783119201660156e+01
2.596041107177734375e+01
2.592649459838867188e+01
2.578284835815429688e+01
2.575136756896972656e+01
2.574762916564941406e+01
2.572255325317382812e+01
2.583273315429687500e+01
2.598598480224609375e+01
2.617026329040527344e+01
2.626516342163085938e+01
2.635257911682128906e+01
2.641565322875976562e+01
2.651652336120605469e+01
2.660029983520507812e+01
2.670152473449707031e+01
2.652736091613769531e+01
2.631288719177246094e+01
2.634035873413085938e+01
2.644953155517578125e+01
2.657322883605957031e+01
2.671436882019042969e+01
2.656429481506347656e+01
2.639000129699707031e+01
2.623595809936523438e+01
2.629720497131347656e+01
2.611681747436523438e+01
2.635279273986816406e+01
2.642779541015625000e+01
2.660064506530761719e+01
2.688968849182128906e+01
