2.860516929626464844e+01
2.875996398925781250e+01
2.859366798400878906e+01
2.997917175292968750e+01
3.036484527587890625e+01
2.916402244567871094e+01
2.980026817321777344e+01
3.008101081848144531e+01
2.988417816162109375e+01
2.973817253112792969e+01
2.978442764282226562e+01
3.014013099670410156e+01
3.018979644775390625e+01
3.021731758117675781e+01
3.004777908325195312e+01
2.988589286804199219e+01
2.978810501098632812e+01
2.983710861206054688e+01
3.031204414367675781e+01
3.049570655822753906e+01
3.049372291564941406e+01
3.074211311340332031e+01
3.099768638610839844e+01
3.102292633056640625e+01
3.082849121093750000e+01
3.051484680175781250e+01
3.053525543212890625e+01
3.083215141296386719e+01
3.102541351318359375e+01
3.114434623718261719e+01
3.127532005310058594e+01
3.153736877441406250e+01
3.170196914672851562e+01
3.176695823669433594e+01
3.173943138122558594e+01
3.141938209533691406e+01
3.081902694702148438e+01
3.054115295410156250e+01
3.047588348388671875e+01
3.050912857055664062e+01
3.050717926025390625e+01
3.054336547851562500e+01
3.077555656433105469e+01
3.087184333801269531e+01
3.094472503662109375e+01
3.107492828369140625e+01
3.110699462890625000e+01
3.097351646423339844e+01
3.088661766052246094e+01
3.061389541625976562e+01
3.065369033813476562e+01
3.100496101379394531e+01
3.144394493103027344e+01
3.165078735351562500e+01
3.159487724304199219e+01
3.120106124877929688e+01
3.084653472900390625e+01
3.089700317382812500e+01
3.101419258117675781e+01
3.110309410095214844e+01
3.090181922912597656e+01
3.064655303955078125e+01
3.058126258850097656e+01
3.065480995178222656e+01
3.081714630126953125e+01
3.104237174987792969e+01
3.124209022521972656e+01
3.133775138854980469e+01
3.133787536621093750e+01
3.119693183898925781e+01
3.107948493957519531e+01
3.082575607299804688e+01
3.079965019226074219e+01
3.113489151000976562e+01
3.142196655273437500e+01
3.155606651306152344e+01
3.147882270812988281e+01
3.145659828186035156e+01
3.125998306274414062e+01
3.087205123901367188e+01
3.072102355957031250e+01
3.043942070007324219e+01
3.017024612426757812e+01
3.005242538452148438e+01
3.037760353088378906e+01
3.095712661743164062e+01
3.130641555786132812e+01
3.120963859558105469e+01
3.106069374084472656e+01
3.104926109313964844e+01
3.105653762817382812e+01
3.105373573303222656e+01
3.101410865783691406e+01
3.098712348937988281e+01
3.092182350158691406e+01
3.060966300964355469e+01
3.019028091430664062e+01
2.972803878784179688e+01
2.855743980407714844e+01
2.825270271301269531e+01
2.886239433288574219e+01
2.895686531066894531e+01
2.847277641296386719e+01
