2.849176406860351562e+01
2.800160789489746094e+01
2.795457077026367188e+01
2.824118232727050781e+01
2.830923843383789062e+01
2.839597892761230469e+01
2.841399383544921875e+01
2.866230583190917969e+01
2.902353096008300781e+01
2.906319427490234375e+01
2.907564926147460938e+01
2.926431465148925781e+01
2.934291076660156250e+01
2.931007575988769531e+01
2.931654739379882812e+01
2.938640403747558594e+01
2.937669754028320312e+01
2.938614273071289062e+01
2.959367752075195312e+01
2.981967544555664062e+01
3.021559143066406250e+01
3.052674865722656250e+01
3.053640365600585938e+01
3.034434127807617188e+01
3.042410087585449219e+01
3.038742828369140625e+01
3.033227157592773438e+01
3.010144233703613281e+01
2.966896629333496094e+01
2.968681907653808594e+01
2.995093154907226562e+01
3.005649757385253906e+01
3.002860832214355469e+01
3.003293037414550781e+01
3.006458473205566406e+01
3.005046463012695312e+01
2.972645759582519531e+01
2.971722984313964844e+01
2.962696647644042969e+01
2.941760063171386719e+01
2.911290359497070312e+01
2.912304496765136719e+01
2.921802139282226562e+01
2.920501327514648438e+01
2.914571380615234375e+01
2.909735298156738281e+01
2.905919647216796875e+01
2.909423828125000000e+01
2.918919181823730469e+01
2.921040344238281250e+01
2.923448562622070312e+01
2.920565223693847656e+01
2.928123855590820312e+01
2.949530029296875000e+01
2.974975967407226562e+01
2.984851455688476562e+01
3.008186721801757812e+01
3.022203636169433594e+01
3.011168479919433594e+01
3.003388595581054688e+01
2.992261314392089844e+01
2.972076034545898438e+01
2.950396347045898438e+01
2.938418006896972656e+01
2.943048095703125000e+01
2.930836105346679688e+01
2.909091567993164062e+01
2.906468772888183594e+01
2.921972465515136719e+01
2.935444068908691406e+01
2.928257179260253906e+01
2.923139572143554688e+01
2.906541633605957031e+01
2.886317634582519531e+01
2.890264511108398438e+01
2.908717727661132812e+01
2.945078468322753906e+01
2.957283592224121094e+01
2.967139625549316406e+01
2.973844146728515625e+01
2.966738319396972656e+01
2.951700782775878906e+01
2.934221458435058594e+01
2.909024620056152344e+01
2.853532218933105469e+01
2.848617935180664062e+01
2.884212684631347656e+01
2.914314842224121094e+01
2.966344833374023438e+01
3.030453491210937500e+01
3.039888381958007812e+01
3.026360321044921875e+01
2.993803787231445312e+01
2.952927398681640625e+01
2.956341361999511719e+01
2.966860771179199219e+01
2.947446632385253906e+01
2.963354301452636719e+01
2.997997093200683594e+01
3.023569679260253906e+01
2.952135086059570312e+01
2.907363891601562500e+01
2.920656013488769531e+01
2.961439323425292969e+01
2.926184272766113281e+01
