2.623227882385253906e+01
2.709077072143554688e+01
2.723688125610351562e+01
2.748653411865234375e+01
2.737360763549804688e+01
2.722767257690429688e+01
2.773087882995605469e+01
2.789452743530273438e+01
2.767553138732910156e+01
2.758807373046875000e+01
2.803281974792480469e+01
2.798859214782714844e+01
2.772522163391113281e+01
2.736349678039550781e+01
2.742237091064453125e+01
2.751737022399902344e+01
2.763680648803710938e+01
2.784954643249511719e+01
2.802870178222656250e+01
2.831350135803222656e+01
2.849661827087402344e+01
2.851549720764160156e+01
2.849101448059082031e+01
2.829845619201660156e+01
2.822809410095214844e+01
2.825261688232421875e+01
2.833503532409667969e+01
2.831121635437011719e+01
2.833150291442871094e+01
2.833822441101074219e+01
2.841311454772949219e+01
2.838912582397460938e+01
2.847955322265625000e+01
2.858994293212890625e+01
2.865179634094238281e+01
2.890499496459960938e+01
2.910713005065917969e+01
2.919561576843261719e+01
2.953385353088378906e+01
2.970617294311523438e+01
2.946598815917968750e+01
2.923734474182128906e+01
2.889430427551269531e+01
2.866042709350585938e+01
2.862315177917480469e+01
2.871157073974609375e+01
2.857862854003906250e+01
2.861019134521484375e+01
2.873987770080566406e+01
2.871415328979492188e+01
2.861708259582519531e+01
2.859266853332519531e+01
2.871533966064453125e+01
2.891791534423828125e+01
2.903626441955566406e+01
2.900426673889160156e+01
2.899253845214843750e+01
2.918820190429687500e+01
2.940091514587402344e+01
2.945349693298339844e+01
2.914503097534179688e+01
2.860097885131835938e+01
2.809862518310546875e+01
2.786170196533203125e+01
2.781444549560546875e+01
2.773703384399414062e+01
2.772066497802734375e+01
2.787065124511718750e+01
2.792938995361328125e+01
2.790926551818847656e+01
2.793946838378906250e+01
2.793577957153320312e+01
2.787142562866210938e+01
2.801999473571777344e+01
2.818676757812500000e+01
2.823756217956542969e+01
2.811382293701171875e+01
2.801002311706542969e+01
2.800168800354003906e+01
2.796805953979492188e+01
2.799306869506835938e+01
2.810954666137695312e+01
2.822079467773437500e+01
2.831664466857910156e+01
2.835650444030761719e+01
2.812900352478027344e+01
2.813378906250000000e+01
2.796076774597167969e+01
2.776271820068359375e+01
2.767803001403808594e+01
2.789478492736816406e+01
2.820909500122070312e+01
2.834878349304199219e+01
2.829330444335937500e+01
2.834430503845214844e+01
2.854363441467285156e+01
2.858124542236328125e+01
2.830737304687500000e+01
2.819243240356445312e+01
2.815527915954589844e+01
2.807123756408691406e+01
2.792154502868652344e+01
2.796721649169921875e+01
2.770909690856933594e+01
2.740743637084960938e+01
2.711736297607421875e+01
2.700169181823730469e+01
2.718062019348144531e+01
2.770230484008789062e+01
2.779011344909667969e+01
