2.811548233032226562e+01
2.810864067077636719e+01
2.797546386718750000e+01
2.784516716003417969e+01
2.775195693969726562e+01
2.790711212158203125e+01
2.818672752380371094e+01
2.824124526977539062e+01
2.801394081115722656e+01
2.800553703308105469e+01
2.811511993408203125e+01
2.818947410583496094e+01
2.837498855590820312e+01
2.864684677124023438e+01
2.902577590942382812e+01
2.905581092834472656e+01
2.910588836669921875e+01
2.914806556701660156e+01
2.896638488769531250e+01
2.902746963500976562e+01
2.924128150939941406e+01
2.953938102722167969e+01
2.972007942199707031e+01
2.959962463378906250e+01
2.945243072509765625e+01
2.942645072937011719e+01
2.920416069030761719e+01
2.882625389099121094e+01
2.845054626464843750e+01
2.836602592468261719e+01
2.810280418395996094e+01
2.791764450073242188e+01
2.810582542419433594e+01
2.840132141113281250e+01
2.895471954345703125e+01
2.963122558593750000e+01
2.959769058227539062e+01
2.939180564880371094e+01
2.911536598205566406e+01
2.896036338806152344e+01
2.854593849182128906e+01
2.858801269531250000e+01
2.874252128601074219e+01
2.852701377868652344e+01
2.848425483703613281e+01
2.885169219970703125e+01
2.912534141540527344e+01
2.895796966552734375e+01
2.905461120605468750e+01
2.927178573608398438e+01
2.931723403930664062e+01
2.912707710266113281e+01
2.892600250244140625e+01
2.898069572448730469e+01
2.889372444152832031e+01
2.881459426879882812e+01
2.869750595092773438e+01
2.850766181945800781e+01
2.838466072082519531e+01
2.839379310607910156e+01
2.845867156982421875e+01
2.871353721618652344e+01
2.897598648071289062e+01
2.936776924133300781e+01
2.997085762023925781e+01
2.996783256530761719e+01
2.995195007324218750e+01
3.008927536010742188e+01
2.982383728027343750e+01
2.930710983276367188e+01
2.883481597900390625e+01
2.882344818115234375e+01
2.899877738952636719e+01
2.915461349487304688e+01
2.919206047058105469e+01
2.882504272460937500e+01
2.923135375976562500e+01
2.919718170166015625e+01
2.930222892761230469e+01
2.922267150878906250e+01
2.928791046142578125e+01
2.926023292541503906e+01
2.899065208435058594e+01
2.897582435607910156e+01
2.908001327514648438e+01
2.909499740600585938e+01
2.862572097778320312e+01
2.846715736389160156e+01
2.844922256469726562e+01
2.823429679870605469e+01
2.811688423156738281e+01
2.836774063110351562e+01
2.864728927612304688e+01
2.829725265502929688e+01
2.759316635131835938e+01
2.731835746765136719e+01
2.793227767944335938e+01
2.831599044799804688e+01
2.835391616821289062e+01
2.836803245544433594e+01
2.816841125488281250e+01
2.824871444702148438e+01
2.849106216430664062e+01
2.860454750061035156e+01
2.838171958923339844e+01
2.853270912170410156e+01
2.892460441589355469e+01
