2.790007781982421875e+01
2.793728637695312500e+01
2.771081733703613281e+01
2.752621078491210938e+01
2.763443374633789062e+01
2.749663352966308594e+01
2.755802345275878906e+01
2.763522529602050781e+01
2.741212081909179688e+01
2.743111419677734375e+01
2.718013381958007812e+01
2.733371543884277344e+01
2.787871551513671875e+01
2.821524429321289062e+01
2.831798934936523438e+01
2.824634170532226562e+01
2.825577735900878906e+01
2.866081619262695312e+01
2.884249687194824219e+01
2.886532020568847656e+01
2.851433944702148438e+01
2.829961776733398438e+01
2.809358215332031250e+01
2.782676124572753906e+01
2.775059890747070312e+01
2.770365524291992188e+01
2.768098449707031250e+01
2.759294509887695312e+01
2.742615509033203125e+01
2.732345390319824219e+01
2.720777893066406250e+01
2.715982055664062500e+01
2.715536689758300781e+01
2.711820030212402344e+01
2.713175773620605469e+01
2.722442626953125000e+01
2.731715011596679688e+01
2.739099502563476562e+01
2.734177780151367188e+01
2.726202011108398438e+01
2.717312622070312500e+01
2.708406448364257812e+01
2.708922195434570312e+01
2.713315391540527344e+01
2.712863922119140625e+01
2.712051963806152344e+01
2.706402587890625000e+01
2.701546478271484375e+01
2.709205245971679688e+01
2.707021331787109375e+01
2.699098587036132812e+01
2.695294761657714844e+01
2.693721008300781250e+01
2.689839553833007812e+01
2.683869171142578125e+01
2.697967529296875000e+01
2.698470115661621094e+01
2.698886871337890625e+01
2.700769042968750000e+01
2.704062080383300781e+01
2.700785064697265625e+01
2.700588798522949219e+01
2.703359985351562500e+01
2.688349533081054688e+01
2.685849380493164062e+01
2.664593124389648438e+01
2.652876663208007812e+01
2.659788894653320312e+01
2.671319389343261719e+01
2.689848899841308594e+01
2.702163314819335938e+01
2.712390899658203125e+01
2.731644248962402344e+01
2.758494377136230469e+01
2.782991790771484375e+01
2.794028282165527344e+01
2.798839569091796875e+01
2.807978057861328125e+01
2.805617713928222656e+01
2.798900604248046875e+01
2.771297264099121094e+01
2.753755950927734375e+01
2.727746582031250000e+01
2.712125778198242188e+01
2.701490974426269531e+01
2.692666435241699219e+01
2.676695060729980469e+01
2.653410530090332031e+01
2.645658302307128906e+01
2.675898170471191406e+01
2.696857452392578125e+01
2.716118621826171875e+01
2.741998672485351562e+01
2.742485809326171875e+01
2.756209182739257812e+01
2.780437850952148438e+01
2.786127471923828125e+01
2.811524200439453125e+01
2.823937225341796875e+01
2.858557128906250000e+01
