3.633707427978515625e+01
3.480717468261718750e+01
3.491485595703125000e+01
3.524677276611328125e+01
3.552693176269531250e+01
3.589926528930664062e+01
3.691128158569335938e+01
3.657311630249023438e+01
3.596166229248046875e+01
3.559532165527343750e+01
3.589629745483398438e+01
3.610855865478515625e+01
3.575375366210937500e+01
3.616244888305664062e+01
3.663526535034179688e+01
3.616269683837890625e+01
3.616848754882812500e+01
3.708008956909179688e+01
3.741682434082031250e+01
3.705745697021484375e+01
3.676934432983398438e+01
3.578265380859375000e+01
3.517370223999023438e+01
3.500232315063476562e+01
3.561436843872070312e+01
3.565127944946289062e+01
3.473072814941406250e+01
3.524032974243164062e+01
3.603702926635742188e+01
3.604062271118164062e+01
3.535786437988281250e+01
3.486471939086914062e+01
3.517136001586914062e+01
3.580997467041015625e+01
3.536679458618164062e+01
3.592902374267578125e+01
3.716362762451171875e+01
3.715803909301757812e+01
3.674619674682617188e+01
3.664618301391601562e+01
3.632671737670898438e+01
3.649871826171875000e+01
3.681071853637695312e+01
3.706513214111328125e+01
3.717520904541015625e+01
3.735881042480468750e+01
3.746195983886718750e+01
3.730804443359375000e+01
3.719193267822265625e+01
3.706877899169921875e+01
3.673564910888671875e+01
3.720804977416992188e+01
3.686091613769531250e+01
3.648307800292968750e+01
3.739024734497070312e+01
3.775352096557617188e+01
3.764498519897460938e+01
3.731103134155273438e+01
3.674205017089843750e+01
3.654645156860351562e+01
3.656575012207031250e+01
3.677921676635742188e+01
3.647978973388671875e+01
3.596717453002929688e+01
3.558473587036132812e+01
3.635700607299804688e+01
3.669473648071289062e+01
3.665993499755859375e+01
3.665544891357421875e+01
3.639844512939453125e+01
3.646961593627929688e+01
3.629661178588867188e+01
3.515699005126953125e+01
3.461045074462890625e+01
3.459186172485351562e+01
3.519351196289062500e+01
3.561815261840820312e+01
3.567945480346679688e+01
3.636556625366210938e+01
3.714874267578125000e+01
3.684224700927734375e+01
3.555029678344726562e+01
3.589500427246093750e+01
3.628231811523437500e+01
3.573462677001953125e+01
3.577909088134765625e+01
3.572761154174804688e+01
3.597481155395507812e+01
3.654344558715820312e+01
3.702595520019531250e+01
3.619054031372070312e+01
3.558176040649414062e+01
3.584912490844726562e+01
3.532294082641601562e+01
3.517232894897460938e+01
3.492302703857421875e+01
3.446471405029296875e+01
3.462236785888671875e+01
3.555089187622070312e+01
3.509146499633789062e+01
3.462224960327148438e+01
3.483768081665039062e+01
3.556272506713867188e+01
3.711124420166015625e+01
3.762668609619140625e+01
