2.884760284423828125e+01
2.771129608154296875e+01
2.739831352233886719e+01
2.724649429321289062e+01
2.690437698364257812e+01
2.716283226013183594e+01
2.769372367858886719e+01
2.788114738464355469e+01
2.792771148681640625e+01
2.801558494567871094e+01
2.836125373840332031e+01
2.812141609191894531e+01
2.794489097595214844e+01
2.787380027770996094e+01
2.769967651367187500e+01
2.778187179565429688e+01
2.793497657775878906e+01
2.806756019592285156e+01
2.815984535217285156e+01
2.814486122131347656e+01
2.800373649597167969e+01
2.785976982116699219e+01
2.790184783935546875e+01
2.797421264648437500e+01
2.790277671813964844e+01
2.779972076416015625e+01
2.763492393493652344e+01
2.765065383911132812e+01
2.771577835083007812e+01
2.797012519836425781e+01
2.814348220825195312e+01
2.827486228942871094e+01
2.830622291564941406e+01
2.835520744323730469e+01
2.859096717834472656e+01
2.872856330871582031e+01
2.862840080261230469e+01
2.851323127746582031e+01
2.844300460815429688e+01
2.840415000915527344e+01
2.834280967712402344e+01
2.835442924499511719e+01
2.830821990966796875e+01
2.826603126525878906e+01
2.817090415954589844e+01
2.801481056213378906e+01
2.795614433288574219e+01
2.794919776916503906e+01
2.785144996643066406e+01
2.782335662841796875e+01
2.789133071899414062e+01
2.801240921020507812e+01
2.809104347229003906e+01
2.804424095153808594e+01
2.795523834228515625e+01
2.804875373840332031e+01
2.831974411010742188e+01
2.847544860839843750e+01
2.846689987182617188e+01
2.834746742248535156e+01
2.821430587768554688e+01
2.824340629577636719e+01
2.839833450317382812e+01
2.849764060974121094e+01
2.855264854431152344e+01
2.841576957702636719e+01
2.828941535949707031e+01
2.836539077758789062e+01
2.851644325256347656e+01
2.858633804321289062e+01
2.863655471801757812e+01
2.855796432495117188e+01
2.860192489624023438e+01
2.864487266540527344e+01
2.863075065612792969e+01
2.865992355346679688e+01
2.868827819824218750e+01
2.864920425415039062e+01
2.854036521911621094e+01
2.844700431823730469e+01
2.835940933227539062e+01
2.828546333312988281e+01
2.826631355285644531e+01
2.844523239135742188e+01
2.866187286376953125e+01
2.875789642333984375e+01
2.843143653869628906e+01
2.822587776184082031e+01
2.821792984008789062e+01
2.811220359802246094e+01
2.822628021240234375e+01
2.850556945800781250e+01
2.863330650329589844e+01
2.879109382629394531e+01
2.899859428405761719e+01
3.024876022338867188e+01
3.023931312561035156e+01
2.864951705932617188e+01
