2.859507751464843750e+01
2.873290252685546875e+01
2.865573310852050781e+01
2.874638366699218750e+01
2.881494522094726562e+01
2.880525588989257812e+01
2.888898849487304688e+01
2.858361816406250000e+01
2.857121276855468750e+01
2.891072463989257812e+01
2.878536033630371094e+01
2.845238876342773438e+01
2.825232696533203125e+01
2.819960021972656250e+01
2.814241409301757812e+01
2.820268821716308594e+01
2.838239860534667969e+01
2.841822052001953125e+01
2.844359779357910156e+01
2.808325958251953125e+01
2.797519302368164062e+01
2.831505203247070312e+01
2.858072280883789062e+01
2.862654113769531250e+01
2.885842895507812500e+01
2.881238555908203125e+01
2.861654090881347656e+01
2.832388496398925781e+01
2.798091316223144531e+01
2.767989730834960938e+01
2.755601501464843750e+01
2.768998718261718750e+01
2.796954345703125000e+01
2.823702812194824219e+01
2.836682510375976562e+01
2.814172744750976562e+01
2.783776473999023438e+01
2.765109825134277344e+01
2.755631256103515625e+01
2.763241004943847656e+01
2.784376144409179688e+01
2.795314216613769531e+01
2.800842094421386719e+01
2.789829444885253906e+01
2.762816429138183594e+01
2.744264602661132812e+01
2.734916305541992188e+01
2.726129722595214844e+01
2.726246833801269531e+01
2.737780952453613281e+01
2.760803222656250000e+01
2.779926300048828125e+01
2.779583358764648438e+01
2.782863807678222656e+01
2.781442642211914062e+01
2.777964401245117188e+01
2.765545654296875000e+01
2.759484672546386719e+01
2.768230247497558594e+01
2.776812171936035156e+01
2.771008872985839844e+01
2.761619758605957031e+01
2.755377578735351562e+01
2.745260810852050781e+01
2.741178703308105469e+01
2.726530265808105469e+01
2.727021026611328125e+01
2.727488327026367188e+01
2.726267051696777344e+01
2.727143096923828125e+01
2.732424545288085938e+01
2.756155395507812500e+01
2.775581932067871094e+01
2.791740989685058594e+01
2.802325248718261719e+01
2.816557884216308594e+01
2.820273017883300781e+01
2.821860885620117188e+01
2.827701568603515625e+01
2.824048995971679688e+01
2.820676803588867188e+01
2.803092384338378906e+01
2.792607688903808594e+01
2.806876945495605469e+01
2.832542991638183594e+01
2.869221115112304688e+01
2.933028030395507812e+01
2.960000801086425781e+01
2.967610168457031250e+01
2.978839683532714844e+01
2.970075607299804688e+01
2.957269477844238281e+01
2.948816108703613281e+01
2.930771636962890625e+01
2.928402709960937500e+01
2.937301254272460938e+01
2.911542892456054688e+01
2.885008621215820312e+01
2.858659362792968750e+01
2.855284309387207031e+01
2.863190269470214844e+01
2.887115859985351562e+01
