2.095864486694335938e+01
2.069943618774414062e+01
2.070468521118164062e+01
2.087791824340820312e+01
2.105676841735839844e+01
2.114413452148437500e+01
2.120884704589843750e+01
2.101318359375000000e+01
2.106005287170410156e+01
2.116946411132812500e+01
2.119025993347167969e+01
2.127728271484375000e+01
2.131590461730957031e+01
2.140430641174316406e+01
2.143567466735839844e+01
2.149351882934570312e+01
2.159932136535644531e+01
2.172653961181640625e+01
2.187461090087890625e+01
2.191130065917968750e+01
2.186524200439453125e+01
2.191132736206054688e+01
2.194475555419921875e+01
2.200840377807617188e+01
2.204335784912109375e+01
2.209059524536132812e+01
2.210734748840332031e+01
2.208733177185058594e+01
2.206228256225585938e+01
2.197431945800781250e+01
2.194281387329101562e+01
2.198443603515625000e+01
2.212283706665039062e+01
2.227303314208984375e+01
2.233929634094238281e+01
2.237349128723144531e+01
2.240845298767089844e+01
2.236388587951660156e+01
2.229011726379394531e+01
2.221917533874511719e+01
2.220396614074707031e+01
2.223069763183593750e+01
2.228490829467773438e+01
2.229895973205566406e+01
2.227728462219238281e+01
2.225842857360839844e+01
2.228417587280273438e+01
2.234387969970703125e+01
2.242726516723632812e+01
2.249905967712402344e+01
2.257086181640625000e+01
2.260031127929687500e+01
2.255172538757324219e+01
2.247125244140625000e+01
2.237335014343261719e+01
2.227418518066406250e+01
2.210754585266113281e+01
2.203660011291503906e+01
2.196645164489746094e+01
2.192396545410156250e+01
2.177172660827636719e+01
2.172442817687988281e+01
2.172704887390136719e+01
2.169398880004882812e+01
2.166825294494628906e+01
2.167062568664550781e+01
2.171445083618164062e+01
2.175506973266601562e+01
2.173186492919921875e+01
2.173727226257324219e+01
2.173856735229492188e+01
2.182086372375488281e+01
2.188119316101074219e+01
2.190880203247070312e+01
2.188160514831542969e+01
2.157824325561523438e+01
2.115946578979492188e+01
2.065322303771972656e+01
2.058490753173828125e+01
2.064546966552734375e+01
2.057189750671386719e+01
2.081144905090332031e+01
2.103690719604492188e+01
2.097996520996093750e+01
2.090389442443847656e+01
2.087642288208007812e+01
2.102941894531250000e+01
2.122520065307617188e+01
2.147409439086914062e+01
2.152855682373046875e+01
