3.262655639648437500e+01
3.255727767944335938e+01
3.284991836547851562e+01
3.336609649658203125e+01
3.320643615722656250e+01
3.287249755859375000e+01
3.262521362304687500e+01
3.250100708007812500e+01
3.274960327148437500e+01
3.283344650268554688e+01
3.266817855834960938e+01
3.253786849975585938e+01
3.287590789794921875e+01
3.346445465087890625e+01
3.364432525634765625e+01
3.365485382080078125e+01
3.357285308837890625e+01
3.342972183227539062e+01
3.326494216918945312e+01
3.337741088867187500e+01
3.359503555297851562e+01
3.360451889038085938e+01
3.392269515991210938e+01
3.484667968750000000e+01
3.453582763671875000e+01
3.390223312377929688e+01
3.375781631469726562e+01
3.379122543334960938e+01
3.374665069580078125e+01
3.370750808715820312e+01
3.367557525634765625e+01
3.351948928833007812e+01
3.355771255493164062e+01
3.361717605590820312e+01
3.365974044799804688e+01
3.344582366943359375e+01
3.331510162353515625e+01
3.336613082885742188e+01
3.333612823486328125e+01
3.322087097167968750e+01
3.341601562500000000e+01
3.369584274291992188e+01
3.373316574096679688e+01
3.350711441040039062e+01
3.346752166748046875e+01
3.367863845825195312e+01
3.384569549560546875e+01
3.400125885009765625e+01
3.418281555175781250e+01
3.435305786132812500e+01
3.412672042846679688e+01
3.375301361083984375e+01
3.383080291748046875e+01
3.416145324707031250e+01
3.433349609375000000e+01
3.412895965576171875e+01
3.393145751953125000e+01
3.410126113891601562e+01
3.402800750732421875e+01
3.376367187500000000e+01
3.374906921386718750e+01
3.384255218505859375e+01
3.378931808471679688e+01
3.392412185668945312e+01
3.389676666259765625e+01
3.370972061157226562e+01
3.342172622680664062e+01
3.332769775390625000e+01
3.313592910766601562e+01
3.299971771240234375e+01
3.327766799926757812e+01
3.359189605712890625e+01
3.353369140625000000e+01
3.358991241455078125e+01
3.389963150024414062e+01
3.425945281982421875e+01
3.444019699096679688e+01
3.428794479370117188e+01
3.421959304809570312e+01
3.418471527099609375e+01
3.406154632568359375e+01
3.413167190551757812e+01
3.402497100830078125e+01
3.381626892089843750e+01
3.353532028198242188e+01
3.342729949951171875e+01
3.339668273925781250e+01
3.354371261596679688e+01
3.386753463745117188e+01
3.401004409790039062e+01
3.403517532348632812e+01
3.403632354736328125e+01
3.395206832885742188e+01
3.390453338623046875e+01
3.391523361206054688e+01
3.374321746826171875e+01
3.371321487426757812e+01
3.344956970214843750e+01
3.326337051391601562e+01
3.310913467407226562e+01
3.317480468750000000e+01
3.343251037597656250e+01
3.386459350585937500e+01
3.426441574096679688e+01
3.467901611328125000e+01
3.485540390014648438e+01
3.470255279541015625e+01
3.469462966918945312e+01
3.417129898071289062e+01
3.252448272705078125e+01
