3.311242294311523438e+01
3.284661483764648438e+01
3.265744018554687500e+01
3.264881134033203125e+01
3.271007156372070312e+01
3.287960433959960938e+01
3.301911163330078125e+01
3.292973709106445312e+01
3.269005584716796875e+01
3.199996757507324219e+01
3.169733047485351562e+01
3.180974769592285156e+01
3.200134658813476562e+01
3.232077789306640625e+01
3.232403182983398438e+01
3.196700668334960938e+01
3.135848617553710938e+01
3.142690467834472656e+01
3.186878395080566406e+01
3.235665512084960938e+01
3.257952499389648438e+01
3.292534255981445312e+01
3.276134872436523438e+01
3.258543395996093750e+01
3.246070098876953125e+01
3.252517318725585938e+01
3.257377243041992188e+01
3.256074142456054688e+01
3.256659698486328125e+01
3.258224868774414062e+01
3.239712142944335938e+01
3.225320816040039062e+01
3.194675636291503906e+01
3.149573707580566406e+01
3.127777862548828125e+01
3.120499038696289062e+01
3.137085533142089844e+01
3.160234832763671875e+01
3.178948974609375000e+01
3.191181182861328125e+01
3.192260742187500000e+01
3.190092086791992188e+01
3.201147842407226562e+01
3.198508644104003906e+01
3.194733619689941406e+01
3.182247352600097656e+01
3.190001296997070312e+01
3.207981872558593750e+01
3.203197479248046875e+01
3.189701271057128906e+01
3.200700378417968750e+01
3.219017410278320312e+01
3.228106307983398438e+01
3.226368331909179688e+01
3.216829299926757812e+01
3.211528396606445312e+01
3.210960388183593750e+01
3.203745651245117188e+01
3.201403045654296875e+01
3.202181625366210938e+01
3.194844436645507812e+01
3.195899772644042969e+01
3.204048538208007812e+01
3.210034179687500000e+01
3.211336135864257812e+01
3.217088317871093750e+01
3.230841064453125000e+01
3.228590774536132812e+01
3.219115066528320312e+01
3.208879852294921875e+01
3.189977264404296875e+01
3.169817924499511719e+01
3.145704269409179688e+01
3.141111183166503906e+01
3.120072555541992188e+01
3.095440101623535156e+01
3.131345748901367188e+01
3.178133010864257812e+01
3.208917236328125000e+01
3.216535949707031250e+01
3.200453948974609375e+01
3.205690765380859375e+01
3.218631362915039062e+01
3.225400543212890625e+01
3.224967575073242188e+01
3.214790344238281250e+01
3.209403228759765625e+01
3.230981063842773438e+01
3.257388305664062500e+01
3.264591217041015625e+01
3.276067733764648438e+01
3.318835830688476562e+01
3.358270263671875000e+01
3.335408401489257812e+01
3.252515792846679688e+01
