3.546163940429687500e+01
3.595504379272460938e+01
3.607990646362304688e+01
3.537594223022460938e+01
3.519258499145507812e+01
3.568069458007812500e+01
3.571471405029296875e+01
3.508390808105468750e+01
3.490705490112304688e+01
3.490681076049804688e+01
3.484429550170898438e+01
3.473680496215820312e+01
3.455854797363281250e+01
3.505096435546875000e+01
3.520195388793945312e+01
3.490700149536132812e+01
3.524163055419921875e+01
3.515475845336914062e+01
3.479312896728515625e+01
3.454480743408203125e+01
3.440875625610351562e+01
3.423263931274414062e+01
3.401774978637695312e+01
3.411696243286132812e+01
3.421141815185546875e+01
3.430586624145507812e+01
3.423885345458984375e+01
3.422770309448242188e+01
3.434949874877929688e+01
3.428366470336914062e+01
3.428013992309570312e+01
3.422245407104492188e+01
3.430373382568359375e+01
3.404009246826171875e+01
3.391362380981445312e+01
3.428083419799804688e+01
3.465058135986328125e+01
3.483250427246093750e+01
3.450967788696289062e+01
3.420756912231445312e+01
3.431953811645507812e+01
3.435683441162109375e+01
3.407736206054687500e+01
3.396252441406250000e+01
3.414030456542968750e+01
3.428246307373046875e+01
3.435470199584960938e+01
3.428764724731445312e+01
3.409657669067382812e+01
3.388126373291015625e+01
3.367259597778320312e+01
3.374627304077148438e+01
3.394847869873046875e+01
3.409952926635742188e+01
3.419533538818359375e+01
3.414066314697265625e+01
3.385170364379882812e+01
3.373228836059570312e+01
3.381252288818359375e+01
3.403541946411132812e+01
3.410379409790039062e+01
3.410966491699218750e+01
3.407068252563476562e+01
3.412016296386718750e+01
3.410746765136718750e+01
3.410994338989257812e+01
3.407177352905273438e+01
3.396112442016601562e+01
3.394673156738281250e+01
3.420583724975585938e+01
3.429536056518554688e+01
3.427799606323242188e+01
3.415928649902343750e+01
3.404006576538085938e+01
3.398452377319335938e+01
3.407103347778320312e+01
3.426564025878906250e+01
3.435628128051757812e+01
3.455909347534179688e+01
3.470225143432617188e+01
3.472125625610351562e+01
3.464097595214843750e+01
3.451954269409179688e+01
3.434027099609375000e+01
3.418237686157226562e+01
3.397386550903320312e+01
3.385079193115234375e+01
3.385893249511718750e+01
3.399377441406250000e+01
3.399223327636718750e+01
3.423857116699218750e+01
3.456269073486328125e+01
3.474630355834960938e+01
3.486253738403320312e+01
3.488843154907226562e+01
3.498328018188476562e+01
3.484564590454101562e+01
3.466891479492187500e+01
3.481296157836914062e+01
3.494891357421875000e+01
