2.979770851135253906e+01
2.987162017822265625e+01
2.996878433227539062e+01
3.047794914245605469e+01
3.088721084594726562e+01
3.131575202941894531e+01
3.111561203002929688e+01
3.103701591491699219e+01
3.102114105224609375e+01
3.100230026245117188e+01
3.102311515808105469e+01
3.116201591491699219e+01
3.155292701721191406e+01
3.170291519165039062e+01
3.167406272888183594e+01
3.170501708984375000e+01
3.184491539001464844e+01
3.196801376342773438e+01
3.181870079040527344e+01
3.181925392150878906e+01
3.199785041809082031e+01
3.206817626953125000e+01
3.216687011718750000e+01
3.233407592773437500e+01
3.244652938842773438e+01
3.249784851074218750e+01
3.250003814697265625e+01
3.251934051513671875e+01
3.271482849121093750e+01
3.292543792724609375e+01
3.291415786743164062e+01
3.277759552001953125e+01
3.260830688476562500e+01
3.252346420288085938e+01
3.259815216064453125e+01
3.270349502563476562e+01
3.273890686035156250e+01
3.273040008544921875e+01
3.264828491210937500e+01
3.246947479248046875e+01
3.237383651733398438e+01
3.239189529418945312e+01
3.248789978027343750e+01
3.270159912109375000e+01
3.296747589111328125e+01
3.320762634277343750e+01
3.328714370727539062e+01
3.330114746093750000e+01
3.337620925903320312e+01
3.328172683715820312e+01
3.303017807006835938e+01
3.288970947265625000e+01
3.262176513671875000e+01
3.266599273681640625e+01
3.282751464843750000e+01
3.287001419067382812e+01
3.279096984863281250e+01
3.260485458374023438e+01
3.243042755126953125e+01
3.246633529663085938e+01
3.256480407714843750e+01
3.248399734497070312e+01
3.212376785278320312e+01
3.170433616638183594e+01
3.161307144165039062e+01
3.185322380065917969e+01
3.209508514404296875e+01
3.226692581176757812e+01
3.230401229858398438e+01
3.237068176269531250e+01
3.232164001464843750e+01
3.233225250244140625e+01
3.256932449340820312e+01
3.290469360351562500e+01
3.311460494995117188e+01
3.333044433593750000e+01
3.345066833496093750e+01
3.355974578857421875e+01
3.359484863281250000e+01
3.329240798950195312e+01
3.284161758422851562e+01
3.193225860595703125e+01
3.120166397094726562e+01
3.090794181823730469e+01
3.056854820251464844e+01
3.049069023132324219e+01
2.965801239013671875e+01
3.027704811096191406e+01
3.194771385192871094e+01
3.366012191772460938e+01
3.399782943725585938e+01
3.404415130615234375e+01
3.357938003540039062e+01
3.295875930786132812e+01
3.274187088012695312e+01
3.235077667236328125e+01
3.084804725646972656e+01
2.900773811340332031e+01
2.779335594177246094e+01
2.716518783569335938e+01
2.679802322387695312e+01
2.694896697998046875e+01
2.745703697204589844e+01
2.701340293884277344e+01
2.655963325500488281e+01
2.609959602355957031e+01
2.565058326721191406e+01
2.509955024719238281e+01
2.473507118225097656e+01
2.451136398315429688e+01
