2.954724121093750000e+01
2.885300445556640625e+01
2.858773422241210938e+01
2.854301071166992188e+01
2.877068328857421875e+01
2.884100914001464844e+01
2.881067276000976562e+01
2.861596870422363281e+01
2.850288391113281250e+01
2.861914634704589844e+01
2.863257789611816406e+01
2.864308166503906250e+01
2.868287658691406250e+01
2.867308998107910156e+01
2.869528770446777344e+01
2.873518943786621094e+01
2.868982505798339844e+01
2.868278503417968750e+01
2.862709045410156250e+01
2.860714149475097656e+01
2.861133766174316406e+01
2.854843521118164062e+01
2.838898468017578125e+01
2.831510543823242188e+01
2.823093986511230469e+01
2.811047935485839844e+01
2.807464027404785156e+01
2.806837844848632812e+01
2.807626342773437500e+01
2.810916328430175781e+01
2.812133789062500000e+01
2.813893890380859375e+01
2.813946723937988281e+01
2.820036315917968750e+01
2.827305793762207031e+01
2.830228233337402344e+01
2.826915740966796875e+01
2.828778839111328125e+01
2.823533630371093750e+01
2.828303337097167969e+01
2.832490348815917969e+01
2.839778900146484375e+01
2.850236892700195312e+01
2.871004295349121094e+01
2.890269279479980469e+01
2.897331428527832031e+01
2.878928947448730469e+01
2.854147911071777344e+01
2.833436012268066406e+01
2.844548797607421875e+01
2.846830368041992188e+01
2.847130393981933594e+01
2.856964492797851562e+01
2.842341995239257812e+01
2.849666023254394531e+01
2.902879714965820312e+01
2.947119522094726562e+01
2.946437263488769531e+01
2.915827751159667969e+01
2.926088714599609375e+01
2.924214744567871094e+01
2.933113479614257812e+01
2.928163719177246094e+01
2.919821166992187500e+01
2.927995491027832031e+01
2.844345474243164062e+01
2.817513275146484375e+01
2.787360763549804688e+01
2.764715766906738281e+01
2.752238655090332031e+01
2.750748443603515625e+01
2.762750434875488281e+01
2.775061988830566406e+01
2.781716346740722656e+01
2.777778053283691406e+01
2.776843833923339844e+01
2.786491584777832031e+01
2.793846130371093750e+01
2.802759170532226562e+01
2.807948875427246094e+01
2.807758712768554688e+01
2.805218315124511719e+01
2.800281524658203125e+01
2.806485748291015625e+01
2.806451797485351562e+01
2.803400993347167969e+01
2.807327461242675781e+01
2.825135993957519531e+01
2.832507896423339844e+01
2.834201812744140625e+01
2.829319190979003906e+01
2.820944213867187500e+01
2.812116622924804688e+01
2.811630630493164062e+01
2.815927696228027344e+01
2.806076240539550781e+01
2.797932434082031250e+01
2.796145248413085938e+01
2.775253677368164062e+01
2.791434288024902344e+01
2.813645553588867188e+01
2.827735519409179688e+01
2.820517349243164062e+01
2.803401565551757812e+01
