3.286848068237304688e+01
3.307125473022460938e+01
3.341094589233398438e+01
3.378732681274414062e+01
3.400590896606445312e+01
3.409332656860351562e+01
3.381583023071289062e+01
3.355118179321289062e+01
3.348080444335937500e+01
3.330002212524414062e+01
3.336019515991210938e+01
3.352745056152343750e+01
3.349208068847656250e+01
3.365813064575195312e+01
3.436911010742187500e+01
3.557605743408203125e+01
3.577518844604492188e+01
3.542649078369140625e+01
3.480145263671875000e+01
3.463307952880859375e+01
3.451728057861328125e+01
3.440339279174804688e+01
3.471235656738281250e+01
3.493698501586914062e+01
3.427924346923828125e+01
3.359975814819335938e+01
3.367950439453125000e+01
3.386392974853515625e+01
3.412995910644531250e+01
3.464909744262695312e+01
3.479481124877929688e+01
3.457913589477539062e+01
3.441381072998046875e+01
3.408774185180664062e+01
3.391667938232421875e+01
3.378632354736328125e+01
3.380743408203125000e+01
3.396326446533203125e+01
3.398791885375976562e+01
3.398920822143554688e+01
3.396581268310546875e+01
3.386895751953125000e+01
3.366996765136718750e+01
3.351694488525390625e+01
3.347962570190429688e+01
3.348097610473632812e+01
3.354335784912109375e+01
3.355774307250976562e+01
3.361047363281250000e+01
3.362158966064453125e+01
3.381096649169921875e+01
3.452103424072265625e+01
3.559271240234375000e+01
3.601625442504882812e+01
3.578281402587890625e+01
3.559136199951171875e+01
3.527257537841796875e+01
3.502648925781250000e+01
3.483202743530273438e+01
3.471696090698242188e+01
3.449570846557617188e+01
3.439196395874023438e+01
3.444276809692382812e+01
3.449141693115234375e+01
3.421368026733398438e+01
3.388433837890625000e+01
3.397791290283203125e+01
3.363531112670898438e+01
3.338465881347656250e+01
3.329852294921875000e+01
3.369306182861328125e+01
3.398751831054687500e+01
3.379444122314453125e+01
3.357568740844726562e+01
3.318243026733398438e+01
3.284949874877929688e+01
3.247695159912109375e+01
3.226609420776367188e+01
3.226173019409179688e+01
3.229811096191406250e+01
3.236472320556640625e+01
3.233467864990234375e+01
3.256214904785156250e+01
3.293539047241210938e+01
3.311198806762695312e+01
3.302884292602539062e+01
3.303903579711914062e+01
3.300420761108398438e+01
3.271145248413085938e+01
3.253638839721679688e+01
3.232685089111328125e+01
3.201656341552734375e+01
3.199006462097167969e+01
3.213101577758789062e+01
3.182135009765625000e+01
3.174559020996093750e+01
3.179186248779296875e+01
3.168444633483886719e+01
3.142373847961425781e+01
3.096897125244140625e+01
