2.802020454406738281e+01
2.782621383666992188e+01
2.744083976745605469e+01
2.708349418640136719e+01
2.726805496215820312e+01
2.737896347045898438e+01
2.751473617553710938e+01
2.766345787048339844e+01
2.752499008178710938e+01
2.793667984008789062e+01
2.832997703552246094e+01
2.838553619384765625e+01
2.835715484619140625e+01
2.808635711669921875e+01
2.831300926208496094e+01
2.841843605041503906e+01
2.828771972656250000e+01
2.806994819641113281e+01
2.808745765686035156e+01
2.801324462890625000e+01
2.812615203857421875e+01
2.799028396606445312e+01
2.802602195739746094e+01
2.822980499267578125e+01
2.843404769897460938e+01
2.844077873229980469e+01
2.828281784057617188e+01
2.818210983276367188e+01
2.819472694396972656e+01
2.815904426574707031e+01
2.811013603210449219e+01
2.804040527343750000e+01
2.800736427307128906e+01
2.794903182983398438e+01
2.807101249694824219e+01
2.813230705261230469e+01
2.822850036621093750e+01
2.829775238037109375e+01
2.845818710327148438e+01
2.867393684387207031e+01
2.885667037963867188e+01
2.884112358093261719e+01
2.863209342956542969e+01
2.847245216369628906e+01
2.825380706787109375e+01
2.810838317871093750e+01
2.804437065124511719e+01
2.812362861633300781e+01
2.816189956665039062e+01
2.826197433471679688e+01
2.835794258117675781e+01
2.848304939270019531e+01
2.857377052307128906e+01
2.868462944030761719e+01
2.875136184692382812e+01
2.865776634216308594e+01
2.859586906433105469e+01
2.847003173828125000e+01
2.838860893249511719e+01
2.827839660644531250e+01
2.818265151977539062e+01
2.814459609985351562e+01
2.809018135070800781e+01
2.799628829956054688e+01
2.781359672546386719e+01
2.768936157226562500e+01
2.760718727111816406e+01
2.751140022277832031e+01
2.740027236938476562e+01
2.723911666870117188e+01
2.713432884216308594e+01
2.700126838684082031e+01
2.693951034545898438e+01
2.690692710876464844e+01
2.698369789123535156e+01
2.726122856140136719e+01
2.738256645202636719e+01
2.734322738647460938e+01
2.725119972229003906e+01
2.708665466308593750e+01
2.693154716491699219e+01
2.672510910034179688e+01
2.661926460266113281e+01
2.659480667114257812e+01
2.668365287780761719e+01
2.683502197265625000e+01
2.719838905334472656e+01
2.743068695068359375e+01
2.753207015991210938e+01
2.746257400512695312e+01
2.756097221374511719e+01
2.773839187622070312e+01
2.787022018432617188e+01
2.809589195251464844e+01
2.818681526184082031e+01
2.829317474365234375e+01
2.827911186218261719e+01
2.829282379150390625e+01
2.849893569946289062e+01
2.847684288024902344e+01
2.829577636718750000e+01
2.845855903625488281e+01
