3.412773132324218750e+01
3.492603683471679688e+01
3.465374755859375000e+01
3.430383682250976562e+01
3.466712570190429688e+01
3.477486419677734375e+01
3.443255996704101562e+01
3.483868789672851562e+01
3.541197204589843750e+01
3.639925003051757812e+01
3.704056549072265625e+01
3.728164291381835938e+01
3.688459777832031250e+01
3.593571472167968750e+01
3.625401687622070312e+01
3.597153854370117188e+01
3.565063095092773438e+01
3.632376861572265625e+01
3.640726089477539062e+01
3.654617691040039062e+01
3.699734497070312500e+01
3.716267776489257812e+01
3.689910507202148438e+01
3.663142776489257812e+01
3.683847045898437500e+01
3.702398300170898438e+01
3.719795608520507812e+01
3.745660018920898438e+01
3.752475738525390625e+01
3.738036346435546875e+01
3.676585388183593750e+01
3.582865905761718750e+01
3.550582885742187500e+01
3.571420669555664062e+01
3.609380340576171875e+01
3.616986846923828125e+01
3.584653854370117188e+01
3.556165695190429688e+01
3.528750610351562500e+01
3.469218444824218750e+01
3.443716049194335938e+01
3.456170654296875000e+01
3.464107894897460938e+01
3.480233383178710938e+01
3.515899276733398438e+01
3.633686065673828125e+01
3.665121078491210938e+01
3.646386337280273438e+01
3.569573593139648438e+01
3.524921035766601562e+01
3.518156051635742188e+01
3.523602676391601562e+01
3.579286575317382812e+01
3.605146026611328125e+01
3.627282333374023438e+01
3.654257965087890625e+01
3.635919189453125000e+01
3.639207077026367188e+01
3.643764495849609375e+01
3.604035186767578125e+01
3.597908020019531250e+01
3.575944137573242188e+01
3.534080123901367188e+01
3.533702468872070312e+01
3.537483596801757812e+01
3.521166992187500000e+01
3.521260452270507812e+01
3.500118255615234375e+01
3.429100418090820312e+01
3.370428466796875000e+01
3.359062194824218750e+01
3.384683990478515625e+01
3.407604598999023438e+01
3.454357528686523438e+01
3.492281341552734375e+01
3.520326232910156250e+01
3.520035934448242188e+01
3.496539688110351562e+01
3.503767395019531250e+01
3.492191696166992188e+01
3.463694381713867188e+01
3.431074523925781250e+01
3.453906250000000000e+01
3.498479843139648438e+01
3.517861557006835938e+01
3.495579528808593750e+01
3.495694732666015625e+01
3.512728881835937500e+01
3.544691085815429688e+01
3.509194564819335938e+01
3.473081970214843750e+01
3.449551010131835938e+01
3.463552093505859375e+01
3.519440078735351562e+01
3.476154708862304688e+01
3.404196929931640625e+01
3.378593826293945312e+01
3.383139419555664062e+01
3.411330032348632812e+01
