2.384001731872558594e+01
2.336319351196289062e+01
2.308668136596679688e+01
2.302910423278808594e+01
2.301261711120605469e+01
2.309053802490234375e+01
2.325797080993652344e+01
2.345932197570800781e+01
2.333913040161132812e+01
2.307125091552734375e+01
2.285429382324218750e+01
2.282512855529785156e+01
2.289403533935546875e+01
2.312286758422851562e+01
2.331092643737792969e+01
2.349762535095214844e+01
2.367568206787109375e+01
2.365352821350097656e+01
2.352813911437988281e+01
2.336681365966796875e+01
2.332540702819824219e+01
2.327782821655273438e+01
2.323522186279296875e+01
2.317808723449707031e+01
2.309287643432617188e+01
2.294672584533691406e+01
2.281709289550781250e+01
2.277566337585449219e+01
2.280095100402832031e+01
2.286015892028808594e+01
2.302869987487792969e+01
2.307558250427246094e+01
2.301913261413574219e+01
2.292066955566406250e+01
2.282990455627441406e+01
2.279591751098632812e+01
2.280127716064453125e+01
2.280706405639648438e+01
2.286307716369628906e+01
2.290489387512207031e+01
2.290086746215820312e+01
2.288967514038085938e+01
2.288567161560058594e+01
2.280759811401367188e+01
2.272667121887207031e+01
2.264743804931640625e+01
2.264689254760742188e+01
2.271031570434570312e+01
2.277613639831542969e+01
2.287026023864746094e+01
2.305267524719238281e+01
2.317197990417480469e+01
2.326844215393066406e+01
2.328882408142089844e+01
2.324034881591796875e+01
2.315987205505371094e+01
2.310172653198242188e+01
2.296267509460449219e+01
2.286873245239257812e+01
2.287433815002441406e+01
2.292704010009765625e+01
2.305788993835449219e+01
2.310351943969726562e+01
2.316726112365722656e+01
2.320518112182617188e+01
2.326331329345703125e+01
2.330325889587402344e+01
2.325288391113281250e+01
2.311785316467285156e+01
2.304981613159179688e+01
2.299250221252441406e+01
2.298222923278808594e+01
2.294703483581542969e+01
2.295830154418945312e+01
2.295649337768554688e+01
2.290709686279296875e+01
2.284340476989746094e+01
2.293212699890136719e+01
2.306233406066894531e+01
2.319434165954589844e+01
2.338754844665527344e+01
2.350308036804199219e+01
2.360378837585449219e+01
2.349759292602539062e+01
2.321977424621582031e+01
2.292417144775390625e+01
2.280242538452148438e+01
2.281137466430664062e+01
2.279603576660156250e+01
2.293761825561523438e+01
2.302605438232421875e+01
2.283967971801757812e+01
2.262213706970214844e+01
2.249136352539062500e+01
2.245430183410644531e+01
2.254654884338378906e+01
2.276229476928710938e+01
2.307037544250488281e+01
2.317740440368652344e+01
2.324832344055175781e+01
2.342164039611816406e+01
2.346361732482910156e+01
2.313298606872558594e+01
2.319298553466796875e+01
2.359391212463378906e+01
