2.714259719848632812e+01
2.680541801452636719e+01
2.654198455810546875e+01
2.643298912048339844e+01
2.649996376037597656e+01
2.640414619445800781e+01
2.621735572814941406e+01
2.609969520568847656e+01
2.587611579895019531e+01
2.581130409240722656e+01
2.573920059204101562e+01
2.563684082031250000e+01
2.558053588867187500e+01
2.587583160400390625e+01
2.591217613220214844e+01
2.603952407836914062e+01
2.568589973449707031e+01
2.527841377258300781e+01
2.502267074584960938e+01
2.492958641052246094e+01
2.484556198120117188e+01
2.502078056335449219e+01
2.519382858276367188e+01
2.535592269897460938e+01
2.536274719238281250e+01
2.525096893310546875e+01
2.510172653198242188e+01
2.490283012390136719e+01
2.461160659790039062e+01
2.445158767700195312e+01
2.428312683105468750e+01
2.409768676757812500e+01
2.396177101135253906e+01
2.391321563720703125e+01
2.386410331726074219e+01
2.391618347167968750e+01
2.397204017639160156e+01
2.397416877746582031e+01
2.388398361206054688e+01
2.384819030761718750e+01
2.396018218994140625e+01
2.415234184265136719e+01
2.428746032714843750e+01
2.422739410400390625e+01
2.412627220153808594e+01
2.417641067504882812e+01
2.421655082702636719e+01
2.427158546447753906e+01
2.432596206665039062e+01
2.434210205078125000e+01
2.436197853088378906e+01
2.439327239990234375e+01
2.444804763793945312e+01
2.439945220947265625e+01
2.435836410522460938e+01
2.436954116821289062e+01
2.444919586181640625e+01
2.459070205688476562e+01
2.466200828552246094e+01
2.473570251464843750e+01
2.481494331359863281e+01
2.476350402832031250e+01
2.469295310974121094e+01
2.459800910949707031e+01
2.456509017944335938e+01
2.460017204284667969e+01
2.457304000854492188e+01
2.450741577148437500e+01
2.443375778198242188e+01
2.429977607727050781e+01
2.415790748596191406e+01
2.398311042785644531e+01
2.394585609436035156e+01
2.399429512023925781e+01
2.408011436462402344e+01
2.413544464111328125e+01
2.408302116394042969e+01
2.398556327819824219e+01
2.418077468872070312e+01
2.426481246948242188e+01
2.487883567810058594e+01
2.511692047119140625e+01
2.498601913452148438e+01
2.478088378906250000e+01
2.453814888000488281e+01
2.450362586975097656e+01
2.438504028320312500e+01
2.430983734130859375e+01
2.429878616333007812e+01
2.414280509948730469e+01
2.410508537292480469e+01
