2.995030403137207031e+01
3.001845550537109375e+01
3.001864814758300781e+01
2.997229385375976562e+01
3.010928344726562500e+01
2.982607460021972656e+01
2.986085128784179688e+01
2.985995483398437500e+01
2.970300102233886719e+01
2.948301315307617188e+01
2.913676643371582031e+01
2.868922233581542969e+01
2.855440521240234375e+01
2.850722122192382812e+01
2.833700942993164062e+01
2.857378578186035156e+01
2.902577590942382812e+01
2.933645820617675781e+01
2.969583511352539062e+01
2.977350044250488281e+01
2.971264457702636719e+01
2.980183029174804688e+01
2.993357086181640625e+01
3.008945083618164062e+01
2.995882225036621094e+01
2.956321907043457031e+01
2.921528053283691406e+01
2.900965309143066406e+01
2.883373641967773438e+01
2.865876770019531250e+01
2.869734764099121094e+01
2.876974105834960938e+01
2.870764541625976562e+01
2.869624710083007812e+01
2.883017730712890625e+01
2.877963829040527344e+01
2.870090484619140625e+01
2.864782714843750000e+01
2.839307403564453125e+01
2.834118080139160156e+01
2.855374336242675781e+01
2.875914955139160156e+01
2.887751770019531250e+01
2.907553482055664062e+01
2.951412582397460938e+01
2.991991043090820312e+01
2.979042434692382812e+01
2.970286750793457031e+01
2.924337768554687500e+01
2.866254615783691406e+01
2.876967239379882812e+01
2.895442390441894531e+01
2.903956413269042969e+01
2.926567649841308594e+01
2.959053611755371094e+01
2.928692817687988281e+01
2.884522628784179688e+01
2.847173309326171875e+01
2.834045410156250000e+01
2.848516082763671875e+01
2.817909622192382812e+01
2.838320732116699219e+01
2.835610961914062500e+01
2.830463600158691406e+01
2.870342254638671875e+01
2.906083679199218750e+01
2.916019821166992188e+01
2.908474159240722656e+01
2.908845901489257812e+01
2.901955413818359375e+01
2.881012535095214844e+01
2.864696502685546875e+01
2.853697586059570312e+01
2.846937179565429688e+01
2.839856719970703125e+01
2.838940811157226562e+01
2.825813674926757812e+01
2.817542648315429688e+01
2.821519851684570312e+01
2.830093002319335938e+01
2.840216064453125000e+01
2.846023368835449219e+01
2.849482727050781250e+01
2.851574516296386719e+01
2.871100807189941406e+01
2.906913757324218750e+01
2.933319854736328125e+01
2.941646385192871094e+01
2.953523254394531250e+01
2.965458106994628906e+01
2.977342605590820312e+01
2.995991516113281250e+01
3.011996841430664062e+01
3.007714843750000000e+01
2.997509002685546875e+01
2.994176483154296875e+01
2.998669433593750000e+01
3.004539680480957031e+01
2.976025962829589844e+01
2.995211791992187500e+01
3.001011276245117188e+01
2.969547653198242188e+01
2.962240028381347656e+01
2.922196006774902344e+01
2.908032417297363281e+01
