2.942352104187011719e+01
2.999648475646972656e+01
2.923183822631835938e+01
2.836997604370117188e+01
2.840139389038085938e+01
2.837543296813964844e+01
2.867230033874511719e+01
2.867872428894042969e+01
2.843038558959960938e+01
2.843328094482421875e+01
2.854900169372558594e+01
2.879687500000000000e+01
2.898465538024902344e+01
2.900072097778320312e+01
2.905284500122070312e+01
2.929629516601562500e+01
2.941565704345703125e+01
2.959980773925781250e+01
2.985646057128906250e+01
2.975725173950195312e+01
2.964856338500976562e+01
2.961022567749023438e+01
2.953658294677734375e+01
2.956895065307617188e+01
2.955178070068359375e+01
2.956567764282226562e+01
2.944038581848144531e+01
2.929718780517578125e+01
2.925509452819824219e+01
2.966401481628417969e+01
2.981960868835449219e+01
2.986982917785644531e+01
2.991248893737792969e+01
2.974652862548828125e+01
2.931757926940917969e+01
2.905099678039550781e+01
2.911240959167480469e+01
2.904327011108398438e+01
2.910377502441406250e+01
2.947715187072753906e+01
2.960153388977050781e+01
2.973274230957031250e+01
2.993005943298339844e+01
2.994481468200683594e+01
2.915646743774414062e+01
2.826487731933593750e+01
2.754273796081542969e+01
2.741350936889648438e+01
2.736940002441406250e+01
2.804346084594726562e+01
2.817245483398437500e+01
2.798585510253906250e+01
2.770744705200195312e+01
2.758490180969238281e+01
2.773883438110351562e+01
2.855055236816406250e+01
2.863020515441894531e+01
2.862305831909179688e+01
2.802133941650390625e+01
2.770055580139160156e+01
2.764695549011230469e+01
2.761480140686035156e+01
2.742866516113281250e+01
2.740689849853515625e+01
2.755070877075195312e+01
2.809754180908203125e+01
2.897089576721191406e+01
2.942463302612304688e+01
2.949237823486328125e+01
2.942196083068847656e+01
2.937767982482910156e+01
2.916624450683593750e+01
2.899255371093750000e+01
2.872215461730957031e+01
2.864730262756347656e+01
2.862679290771484375e+01
2.858731460571289062e+01
2.851583099365234375e+01
2.837135314941406250e+01
2.824364662170410156e+01
2.832199478149414062e+01
2.829790115356445312e+01
2.838559722900390625e+01
2.844258117675781250e+01
2.840783309936523438e+01
2.844963455200195312e+01
2.841728782653808594e+01
2.838371467590332031e+01
2.835331153869628906e+01
2.838586235046386719e+01
2.848879241943359375e+01
2.864179420471191406e+01
2.897951698303222656e+01
2.934198379516601562e+01
2.977698326110839844e+01
2.997745513916015625e+01
3.008990669250488281e+01
3.016297531127929688e+01
3.015416336059570312e+01
3.034746742248535156e+01
3.018400955200195312e+01
2.964242172241210938e+01
2.903483581542968750e+01
2.855037879943847656e+01
