3.819126892089843750e+01
3.821545410156250000e+01
3.812835311889648438e+01
3.800996398925781250e+01
3.793452453613281250e+01
3.796554183959960938e+01
3.786691284179687500e+01
3.784734725952148438e+01
3.784608459472656250e+01
3.780883407592773438e+01
3.780368804931640625e+01
3.765553283691406250e+01
3.751945495605468750e+01
3.746132659912109375e+01
3.726686859130859375e+01
3.711938476562500000e+01
3.721269989013671875e+01
3.711353302001953125e+01
3.700061798095703125e+01
3.725303268432617188e+01
3.758597564697265625e+01
3.792704391479492188e+01
3.814260864257812500e+01
3.808207321166992188e+01
3.785567855834960938e+01
3.770675277709960938e+01
3.755135345458984375e+01
3.740941238403320312e+01
3.762742996215820312e+01
3.771921920776367188e+01
3.763304138183593750e+01
3.752708816528320312e+01
3.738199996948242188e+01
3.700044250488281250e+01
3.693911743164062500e+01
3.660198593139648438e+01
3.640683746337890625e+01
3.715913391113281250e+01
3.755587387084960938e+01
3.798970794677734375e+01
3.805867767333984375e+01
3.802276611328125000e+01
3.800063323974609375e+01
3.793980407714843750e+01
3.786864089965820312e+01
3.764744949340820312e+01
3.753967285156250000e+01
3.730531311035156250e+01
3.722323989868164062e+01
3.719168090820312500e+01
3.723120117187500000e+01
3.741318130493164062e+01
3.707076644897460938e+01
3.710591506958007812e+01
3.739821624755859375e+01
3.756819152832031250e+01
3.762167739868164062e+01
3.775599288940429688e+01
3.781497955322265625e+01
3.800280380249023438e+01
3.798476409912109375e+01
3.796113586425781250e+01
3.795376968383789062e+01
3.801534652709960938e+01
3.780656051635742188e+01
3.756934356689453125e+01
3.730837249755859375e+01
3.725828933715820312e+01
3.731493759155273438e+01
3.747064971923828125e+01
3.744110488891601562e+01
3.733793258666992188e+01
3.713865661621093750e+01
3.717407989501953125e+01
3.735540390014648438e+01
3.735136032104492188e+01
3.740732574462890625e+01
3.733613204956054688e+01
3.691077804565429688e+01
3.682096099853515625e+01
3.654570007324218750e+01
3.668123626708984375e+01
3.713816833496093750e+01
3.727806854248046875e+01
3.758215713500976562e+01
3.775837707519531250e+01
3.748491668701171875e+01
3.725630569458007812e+01
3.736428070068359375e+01
3.744695663452148438e+01
3.742664718627929688e+01
3.744131469726562500e+01
3.770368957519531250e+01
3.781253051757812500e+01
3.761456680297851562e+01
3.745959854125976562e+01
3.750197601318359375e+01
3.736275482177734375e+01
3.721235275268554688e+01
3.685808563232421875e+01
3.699131774902343750e+01
3.694620895385742188e+01
3.645289993286132812e+01
3.539733123779296875e+01
