3.085296821594238281e+01
3.051353645324707031e+01
3.040134239196777344e+01
3.066540336608886719e+01
3.086061286926269531e+01
3.109523200988769531e+01
3.145299148559570312e+01
3.154608345031738281e+01
3.137919425964355469e+01
3.119951248168945312e+01
3.101258850097656250e+01
3.065288162231445312e+01
3.060678672790527344e+01
3.083134841918945312e+01
3.077259445190429688e+01
3.099802970886230469e+01
3.075417327880859375e+01
3.056602859497070312e+01
3.048958396911621094e+01
3.070632934570312500e+01
3.106169128417968750e+01
3.151340484619140625e+01
3.151832962036132812e+01
3.133969497680664062e+01
3.125202369689941406e+01
3.145503425598144531e+01
3.180518150329589844e+01
3.179203987121582031e+01
3.174116706848144531e+01
3.198418617248535156e+01
3.170225715637207031e+01
3.126357078552246094e+01
3.100153160095214844e+01
3.069125366210937500e+01
3.073746490478515625e+01
3.105843925476074219e+01
3.133580207824707031e+01
3.151090431213378906e+01
3.151602172851562500e+01
3.125369262695312500e+01
3.111702537536621094e+01
3.099440574645996094e+01
3.089804077148437500e+01
3.097975349426269531e+01
3.110822868347167969e+01
3.106181716918945312e+01
3.093827056884765625e+01
3.077513122558593750e+01
3.085299491882324219e+01
3.119061470031738281e+01
3.124725723266601562e+01
3.145794486999511719e+01
3.153289222717285156e+01
3.153908157348632812e+01
3.156273841857910156e+01
3.152562332153320312e+01
3.147975730895996094e+01
3.147055244445800781e+01
3.134559822082519531e+01
3.153055953979492188e+01
3.155648422241210938e+01
3.139731407165527344e+01
3.152149581909179688e+01
3.171025276184082031e+01
3.154416847229003906e+01
3.110734748840332031e+01
3.098984336853027344e+01
3.098998069763183594e+01
3.077944755554199219e+01
3.061609649658203125e+01
3.073644256591796875e+01
3.086983299255371094e+01
3.085603523254394531e+01
3.078865242004394531e+01
3.082016944885253906e+01
3.125471305847167969e+01
3.133606529235839844e+01
3.114444923400878906e+01
3.108096122741699219e+01
3.115305709838867188e+01
3.141607284545898438e+01
3.154168319702148438e+01
3.107809638977050781e+01
3.058511543273925781e+01
3.004567909240722656e+01
2.945957756042480469e+01
2.922859573364257812e+01
2.947546768188476562e+01
2.976591682434082031e+01
2.996866989135742188e+01
3.026218032836914062e+01
3.004122734069824219e+01
3.006645774841308594e+01
3.001030921936035156e+01
3.003641128540039062e+01
3.012920761108398438e+01
3.026513671875000000e+01
2.981416702270507812e+01
2.921838569641113281e+01
2.903524208068847656e+01
2.898006248474121094e+01
2.894392776489257812e+01
