3.169981765747070312e+01
3.186110687255859375e+01
3.201311874389648438e+01
3.167676925659179688e+01
3.188072395324707031e+01
3.196929359436035156e+01
3.190920257568359375e+01
3.107546997070312500e+01
3.036259078979492188e+01
3.006643676757812500e+01
2.993038558959960938e+01
2.999885559082031250e+01
3.047169113159179688e+01
3.080427169799804688e+01
3.102962684631347656e+01
3.148138618469238281e+01
3.190581130981445312e+01
3.208826446533203125e+01
3.212837219238281250e+01
3.239963531494140625e+01
3.234084701538085938e+01
3.191570091247558594e+01
3.175180816650390625e+01
3.160392570495605469e+01
3.145522689819335938e+01
3.140578651428222656e+01
3.154997444152832031e+01
3.165376663208007812e+01
3.162283515930175781e+01
3.170864486694335938e+01
3.167202758789062500e+01
3.156318473815917969e+01
3.149061965942382812e+01
3.147724533081054688e+01
3.143650817871093750e+01
3.130400848388671875e+01
3.134986305236816406e+01
3.136581802368164062e+01
3.150234985351562500e+01
3.164748954772949219e+01
3.146228981018066406e+01
3.138847541809082031e+01
3.152165031433105469e+01
3.154358291625976562e+01
3.161815834045410156e+01
3.184132957458496094e+01
3.236798095703125000e+01
3.243711090087890625e+01
3.224009704589843750e+01
3.199693679809570312e+01
3.209074783325195312e+01
3.235359191894531250e+01
3.231917572021484375e+01
3.231821060180664062e+01
3.211805343627929688e+01
3.190360069274902344e+01
3.160024833679199219e+01
3.120832633972167969e+01
3.114517593383789062e+01
3.161675071716308594e+01
3.148248672485351562e+01
3.121688461303710938e+01
3.118978500366210938e+01
3.122585678100585938e+01
3.133974075317382812e+01
3.156000328063964844e+01
3.196300506591796875e+01
3.206721496582031250e+01
3.210780715942382812e+01
3.202654647827148438e+01
3.182315635681152344e+01
3.175685691833496094e+01
3.183716201782226562e+01
3.223342895507812500e+01
3.237253952026367188e+01
3.236999130249023438e+01
3.209907531738281250e+01
3.198054122924804688e+01
3.188734054565429688e+01
3.201520156860351562e+01
3.215006637573242188e+01
3.203930664062500000e+01
3.224816894531250000e+01
3.233972930908203125e+01
3.230560302734375000e+01
3.268920516967773438e+01
3.269458007812500000e+01
3.264561843872070312e+01
3.272919082641601562e+01
3.295829391479492188e+01
3.295577621459960938e+01
3.298577117919921875e+01
3.285968017578125000e+01
3.267712783813476562e+01
3.273279953002929688e+01
3.264671707153320312e+01
3.233273696899414062e+01
3.198478698730468750e+01
3.166343498229980469e+01
3.162814903259277344e+01
3.186593055725097656e+01
3.152935981750488281e+01
3.097146415710449219e+01
3.089963722229003906e+01
3.075809097290039062e+01
2.818557357788085938e+01
