3.305353164672851562e+01
3.301470947265625000e+01
3.303887176513671875e+01
3.298028182983398438e+01
3.270616912841796875e+01
3.247903060913085938e+01
3.217691040039062500e+01
3.179372406005859375e+01
3.184405326843261719e+01
3.182433700561523438e+01
3.201456069946289062e+01
3.217982101440429688e+01
3.214399719238281250e+01
3.194513130187988281e+01
3.125678825378417969e+01
3.117970848083496094e+01
3.146259689331054688e+01
3.172874641418457031e+01
3.199193763732910156e+01
3.215134429931640625e+01
3.218723678588867188e+01
3.208190536499023438e+01
3.212645721435546875e+01
3.224613571166992188e+01
3.217580032348632812e+01
3.210841369628906250e+01
3.225223922729492188e+01
3.254397201538085938e+01
3.265019607543945312e+01
3.270427703857421875e+01
3.280845260620117188e+01
3.292417526245117188e+01
3.292849349975585938e+01
3.280834960937500000e+01
3.268306732177734375e+01
3.254000473022460938e+01
3.241515731811523438e+01
3.221105575561523438e+01
3.213681793212890625e+01
3.209111785888671875e+01
3.196550369262695312e+01
3.207025527954101562e+01
3.240194320678710938e+01
3.256278991699218750e+01
3.253240203857421875e+01
3.235877990722656250e+01
3.209157562255859375e+01
3.105363464355468750e+01
3.211161422729492188e+01
3.246952438354492188e+01
3.256374740600585938e+01
3.238885498046875000e+01
3.242781066894531250e+01
3.284703445434570312e+01
3.318972396850585938e+01
3.322632598876953125e+01
3.312118530273437500e+01
3.313408279418945312e+01
3.303808593750000000e+01
3.301061630249023438e+01
3.296297836303710938e+01
3.285197830200195312e+01
3.284720611572265625e+01
3.289199829101562500e+01
3.287070846557617188e+01
3.269237518310546875e+01
3.270277404785156250e+01
3.288784408569335938e+01
3.303746414184570312e+01
3.296049499511718750e+01
3.283690261840820312e+01
3.265133666992187500e+01
3.243331146240234375e+01
3.246519088745117188e+01
3.254898452758789062e+01
3.244577026367187500e+01
3.232277679443359375e+01
3.215989303588867188e+01
3.199329757690429688e+01
3.199216270446777344e+01
3.189931488037109375e+01
3.200658798217773438e+01
3.209695816040039062e+01
3.207904052734375000e+01
3.228378677368164062e+01
3.212542343139648438e+01
3.193975830078125000e+01
3.159906196594238281e+01
3.156525611877441406e+01
3.166645812988281250e+01
3.202048873901367188e+01
3.199510002136230469e+01
3.171499443054199219e+01
3.132381629943847656e+01
3.193848609924316406e+01
3.308605194091796875e+01
3.364652252197265625e+01
3.319688034057617188e+01
3.281508636474609375e+01
3.246381378173828125e+01
