3.810171127319335938e+01
3.770701980590820312e+01
3.752745056152343750e+01
3.800574874877929688e+01
3.810634994506835938e+01
3.816752243041992188e+01
3.824032974243164062e+01
3.824551391601562500e+01
3.845271682739257812e+01
3.853407669067382812e+01
3.825114822387695312e+01
3.831648254394531250e+01
3.809111404418945312e+01
3.805438613891601562e+01
3.809804916381835938e+01
3.834582901000976562e+01
3.848816299438476562e+01
3.807996749877929688e+01
3.800538253784179688e+01
3.797504043579101562e+01
3.815362167358398438e+01
3.818403244018554688e+01
3.813330078125000000e+01
3.809085464477539062e+01
3.794709777832031250e+01
3.770236968994140625e+01
3.730025482177734375e+01
3.711369323730468750e+01
3.757194519042968750e+01
3.773343276977539062e+01
3.747874832153320312e+01
3.722821426391601562e+01
3.744470214843750000e+01
3.738367843627929688e+01
3.734285354614257812e+01
3.727155685424804688e+01
3.776841354370117188e+01
3.754475402832031250e+01
3.742897415161132812e+01
3.695873260498046875e+01
3.699452972412109375e+01
3.720613861083984375e+01
3.683298873901367188e+01
3.656339263916015625e+01
3.668823623657226562e+01
3.686805343627929688e+01
3.658784484863281250e+01
3.637028121948242188e+01
3.691427612304687500e+01
3.711743927001953125e+01
3.700603866577148438e+01
3.705751037597656250e+01
3.712918472290039062e+01
3.768807983398437500e+01
3.801951980590820312e+01
3.794365692138671875e+01
3.801390838623046875e+01
3.827631378173828125e+01
3.814488601684570312e+01
3.802272796630859375e+01
3.822055435180664062e+01
3.866918182373046875e+01
3.871790313720703125e+01
3.860167694091796875e+01
3.821482467651367188e+01
3.824944305419921875e+01
3.835433197021484375e+01
3.822946548461914062e+01
3.772578811645507812e+01
3.693043136596679688e+01
3.699670410156250000e+01
3.749453735351562500e+01
3.809563446044921875e+01
3.853721618652343750e+01
3.853998947143554688e+01
3.829878234863281250e+01
3.817665863037109375e+01
3.817886734008789062e+01
3.812888717651367188e+01
3.790509033203125000e+01
3.768643951416015625e+01
3.766188812255859375e+01
3.764049148559570312e+01
3.756276321411132812e+01
3.740999603271484375e+01
3.747872161865234375e+01
3.787785720825195312e+01
3.837151718139648438e+01
3.852416992187500000e+01
3.846065902709960938e+01
3.818362045288085938e+01
3.801842498779296875e+01
3.814735031127929688e+01
3.829484176635742188e+01
3.828669357299804688e+01
3.847621917724609375e+01
3.869715118408203125e+01
3.876256179809570312e+01
3.873008346557617188e+01
3.869276809692382812e+01
