2.734027290344238281e+01
2.714089393615722656e+01
2.716922378540039062e+01
2.784208106994628906e+01
2.969436264038085938e+01
3.184971809387207031e+01
3.311250686645507812e+01
3.231921005249023438e+01
2.969180870056152344e+01
2.772629737854003906e+01
2.779390716552734375e+01
2.700390815734863281e+01
2.728103065490722656e+01
2.826211357116699219e+01
2.769400215148925781e+01
2.659956169128417969e+01
2.606270408630371094e+01
2.613770103454589844e+01
2.618980026245117188e+01
2.659221649169921875e+01
2.635012626647949219e+01
2.624276351928710938e+01
2.615127372741699219e+01
2.580452156066894531e+01
2.537120246887207031e+01
2.513724136352539062e+01
2.520524787902832031e+01
2.536440467834472656e+01
2.565592002868652344e+01
2.574140357971191406e+01
2.593331336975097656e+01
2.572421264648437500e+01
2.560909080505371094e+01
2.552161216735839844e+01
2.544061660766601562e+01
2.547644805908203125e+01
2.548700523376464844e+01
2.580496215820312500e+01
2.590783882141113281e+01
2.604544448852539062e+01
2.577957916259765625e+01
2.570565605163574219e+01
2.561816978454589844e+01
2.532590866088867188e+01
2.505747795104980469e+01
2.469167327880859375e+01
2.443200683593750000e+01
2.424993133544921875e+01
2.418675804138183594e+01
2.405334663391113281e+01
2.403478813171386719e+01
2.412134170532226562e+01
2.417412567138671875e+01
2.432328414916992188e+01
2.424404144287109375e+01
2.431522941589355469e+01
2.438941764831542969e+01
2.449713897705078125e+01
2.458938598632812500e+01
2.459160423278808594e+01
2.455203437805175781e+01
2.447170448303222656e+01
2.456321144104003906e+01
2.454434013366699219e+01
2.461701965332031250e+01
2.452328109741210938e+01
2.463171768188476562e+01
2.467713928222656250e+01
2.470646476745605469e+01
2.470969963073730469e+01
2.474836158752441406e+01
2.499293518066406250e+01
2.494138908386230469e+01
2.504726409912109375e+01
2.459169197082519531e+01
2.444744491577148438e+01
2.412952995300292969e+01
2.397466087341308594e+01
2.388189888000488281e+01
2.379664993286132812e+01
2.387389564514160156e+01
2.399424552917480469e+01
2.424837493896484375e+01
2.410730171203613281e+01
2.433814430236816406e+01
2.442663574218750000e+01
2.439653968811035156e+01
2.446581649780273438e+01
2.482759475708007812e+01
2.511326789855957031e+01
2.453666877746582031e+01
2.407868194580078125e+01
2.368880653381347656e+01
2.396297645568847656e+01
2.441378211975097656e+01
2.580056953430175781e+01
2.691489601135253906e+01
2.619909858703613281e+01
2.677983093261718750e+01
2.671216964721679688e+01
