2.421903610229492188e+01
2.439423370361328125e+01
2.461529541015625000e+01
2.510440063476562500e+01
2.505778503417968750e+01
2.531806755065917969e+01
2.564277267456054688e+01
2.562759971618652344e+01
2.542816162109375000e+01
2.547733116149902344e+01
2.559221458435058594e+01
2.557901382446289062e+01
2.567661857604980469e+01
2.581872367858886719e+01
2.577028274536132812e+01
2.584791946411132812e+01
2.604641342163085938e+01
2.618174743652343750e+01
2.619447898864746094e+01
2.615355873107910156e+01
2.608519554138183594e+01
2.598698425292968750e+01
2.586539649963378906e+01
2.575803756713867188e+01
2.573042678833007812e+01
2.579639625549316406e+01
2.593491554260253906e+01
2.592555427551269531e+01
2.596462059020996094e+01
2.592710304260253906e+01
2.597177314758300781e+01
2.607031250000000000e+01
2.613780975341796875e+01
2.612793159484863281e+01
2.616837501525878906e+01
2.623056983947753906e+01
2.625421524047851562e+01
2.618612098693847656e+01
2.615983009338378906e+01
2.621981048583984375e+01
2.623579216003417969e+01
2.629717254638671875e+01
2.629092025756835938e+01
2.618165397644042969e+01
2.609249877929687500e+01
2.604585838317871094e+01
2.587778663635253906e+01
2.563119125366210938e+01
2.551369476318359375e+01
2.547697257995605469e+01
2.546605491638183594e+01
2.543512153625488281e+01
2.541903877258300781e+01
2.543837738037109375e+01
2.538646125793457031e+01
2.537800025939941406e+01
2.541563034057617188e+01
2.545548057556152344e+01
2.555657768249511719e+01
2.565269851684570312e+01
2.572334289550781250e+01
2.579165840148925781e+01
2.585218811035156250e+01
2.587655830383300781e+01
2.589179992675781250e+01
2.589394760131835938e+01
2.594522857666015625e+01
2.602068710327148438e+01
2.608698272705078125e+01
2.607313346862792969e+01
2.598301124572753906e+01
2.596615982055664062e+01
2.588937568664550781e+01
2.580324172973632812e+01
2.570633888244628906e+01
2.565980720520019531e+01
2.559814071655273438e+01
2.555286598205566406e+01
2.548505401611328125e+01
2.532237815856933594e+01
2.526682090759277344e+01
2.535329818725585938e+01
2.548223876953125000e+01
2.544063949584960938e+01
2.534756278991699219e+01
2.525284385681152344e+01
2.514146232604980469e+01
2.518412780761718750e+01
2.532332992553710938e+01
2.534027481079101562e+01
2.532346534729003906e+01
2.535977554321289062e+01
2.556129455566406250e+01
2.571974372863769531e+01
2.594242286682128906e+01
2.614903831481933594e+01
2.612750816345214844e+01
2.603290176391601562e+01
2.613236618041992188e+01
2.637128639221191406e+01
2.643188667297363281e+01
2.646863555908203125e+01
2.653582572937011719e+01
2.648584938049316406e+01
2.633901596069335938e+01
2.621257781982421875e+01
2.584376907348632812e+01
2.580803489685058594e+01
