2.426497268676757812e+01
2.368993949890136719e+01
2.332200813293457031e+01
2.339085769653320312e+01
2.360535812377929688e+01
2.397980308532714844e+01
2.429416084289550781e+01
2.448529434204101562e+01
2.463683891296386719e+01
2.484606742858886719e+01
2.497307205200195312e+01
2.500629997253417969e+01
2.493966865539550781e+01
2.511330604553222656e+01
2.536995887756347656e+01
2.557992935180664062e+01
2.566578674316406250e+01
2.565025329589843750e+01
2.580086326599121094e+01
2.596909332275390625e+01
2.602830505371093750e+01
2.592233276367187500e+01
2.577221107482910156e+01
2.570384979248046875e+01
2.576121139526367188e+01
2.575170326232910156e+01
2.569119644165039062e+01
2.565167045593261719e+01
2.566661262512207031e+01
2.569071388244628906e+01
2.568002319335937500e+01
2.552962684631347656e+01
2.543431282043457031e+01
2.538859558105468750e+01
2.541235733032226562e+01
2.555981826782226562e+01
2.579103851318359375e+01
2.603244972229003906e+01
2.605573081970214844e+01
2.619299888610839844e+01
2.626762199401855469e+01
2.626110267639160156e+01
2.620246315002441406e+01
2.610268211364746094e+01
2.603507232666015625e+01
2.609575271606445312e+01
2.616979789733886719e+01
2.619211196899414062e+01
2.615024375915527344e+01
2.615924453735351562e+01
2.613487815856933594e+01
2.597112083435058594e+01
2.583036994934082031e+01
2.571750450134277344e+01
2.563607215881347656e+01
2.557392692565917969e+01
2.573425102233886719e+01
2.597466850280761719e+01
2.616116333007812500e+01
2.613091468811035156e+01
2.600901794433593750e+01
2.592701530456542969e+01
2.582712173461914062e+01
2.574277877807617188e+01
2.563533973693847656e+01
2.550814247131347656e+01
2.540176200866699219e+01
2.531684684753417969e+01
2.539562988281250000e+01
2.552210044860839844e+01
2.558856010437011719e+01
2.564486312866210938e+01
2.571712303161621094e+01
2.567101097106933594e+01
2.552306556701660156e+01
2.544146728515625000e+01
2.547480392456054688e+01
2.554650688171386719e+01
2.566424751281738281e+01
2.592078590393066406e+01
2.608792495727539062e+01
2.607524108886718750e+01
2.602318572998046875e+01
2.591151428222656250e+01
2.587773513793945312e+01
2.588206672668457031e+01
2.582186126708984375e+01
2.581845664978027344e+01
2.578998184204101562e+01
2.577446746826171875e+01
2.580291748046875000e+01
2.596662330627441406e+01
2.612605285644531250e+01
2.603881263732910156e+01
2.596531295776367188e+01
2.576441955566406250e+01
2.573667907714843750e+01
2.591516304016113281e+01
2.604466629028320312e+01
2.612311935424804688e+01
2.622991371154785156e+01
2.660249137878417969e+01
