3.748871612548828125e+01
3.745377731323242188e+01
3.747755050659179688e+01
3.765368270874023438e+01
3.778229522705078125e+01
3.797045898437500000e+01
3.795674514770507812e+01
3.802882766723632812e+01
3.797529602050781250e+01
3.762731933593750000e+01
3.737919235229492188e+01
3.738178634643554688e+01
3.732167434692382812e+01
3.727966308593750000e+01
3.719148635864257812e+01
3.732759475708007812e+01
3.755344772338867188e+01
3.765667343139648438e+01
3.766204833984375000e+01
3.774673461914062500e+01
3.777793884277343750e+01
3.777231216430664062e+01
3.773661804199218750e+01
3.777776718139648438e+01
3.788199615478515625e+01
3.787791442871093750e+01
3.782002258300781250e+01
3.763866043090820312e+01
3.730884170532226562e+01
3.742525100708007812e+01
3.745333480834960938e+01
3.722122955322265625e+01
3.722039031982421875e+01
3.739767837524414062e+01
3.767264556884765625e+01
3.801818466186523438e+01
3.808708190917968750e+01
3.802420425415039062e+01
3.803717041015625000e+01
3.792349624633789062e+01
3.772643661499023438e+01
3.714257812500000000e+01
3.682799530029296875e+01
3.714076614379882812e+01
3.737543487548828125e+01
3.704159164428710938e+01
3.606835937500000000e+01
3.658384323120117188e+01
3.699927520751953125e+01
3.743846893310546875e+01
3.765702438354492188e+01
3.762231063842773438e+01
3.675621795654296875e+01
3.586930084228515625e+01
3.758390426635742188e+01
3.795109176635742188e+01
3.803812789916992188e+01
3.792293167114257812e+01
3.783658218383789062e+01
3.782595443725585938e+01
3.791664123535156250e+01
3.795057296752929688e+01
3.797208404541015625e+01
3.793249893188476562e+01
3.784688186645507812e+01
3.782804107666015625e+01
3.779024124145507812e+01
3.771278762817382812e+01
3.791128158569335938e+01
3.802318572998046875e+01
3.808067703247070312e+01
3.814866256713867188e+01
3.812913131713867188e+01
3.827468109130859375e+01
3.824219894409179688e+01
3.828036117553710938e+01
3.829993820190429688e+01
3.817817306518554688e+01
3.801420974731445312e+01
3.791370391845703125e+01
3.787982177734375000e+01
3.781127929687500000e+01
3.781244277954101562e+01
3.796134948730468750e+01
3.809381103515625000e+01
3.806373977661132812e+01
3.813574218750000000e+01
3.811613845825195312e+01
3.820383071899414062e+01
3.806452178955078125e+01
3.790789031982421875e+01
3.772118759155273438e+01
3.757741165161132812e+01
3.753706741333007812e+01
3.754420852661132812e+01
3.685626983642578125e+01
3.587279510498046875e+01
3.550265121459960938e+01
3.522675323486328125e+01
