3.452751159667968750e+01
3.474868774414062500e+01
3.518514251708984375e+01
3.550151824951171875e+01
3.627540969848632812e+01
3.680485153198242188e+01
3.687092208862304688e+01
3.646578979492187500e+01
3.567199707031250000e+01
3.527718353271484375e+01
3.599235916137695312e+01
3.631177902221679688e+01
3.635749053955078125e+01
3.640141677856445312e+01
3.632583618164062500e+01
3.615612792968750000e+01
3.500498199462890625e+01
3.451349639892578125e+01
3.436505889892578125e+01
3.458221435546875000e+01
3.614663696289062500e+01
3.614155578613281250e+01
3.479191207885742188e+01
3.463357162475585938e+01
3.429877853393554688e+01
3.414122009277343750e+01
3.406340026855468750e+01
3.401730346679687500e+01
3.396872711181640625e+01
3.389065933227539062e+01
3.367334365844726562e+01
3.366869354248046875e+01
3.383600234985351562e+01
3.411814880371093750e+01
3.442098999023437500e+01
3.441926956176757812e+01
3.457662200927734375e+01
3.460295486450195312e+01
3.449700164794921875e+01
3.442931365966796875e+01
3.425396728515625000e+01
3.415139389038085938e+01
3.399379730224609375e+01
3.389115905761718750e+01
3.385893630981445312e+01
3.400229263305664062e+01
3.426959991455078125e+01
3.442353057861328125e+01
3.426908111572265625e+01
3.422605133056640625e+01
3.474613952636718750e+01
3.510353088378906250e+01
3.479373168945312500e+01
3.469420242309570312e+01
3.517735290527343750e+01
3.605611038208007812e+01
3.547097396850585938e+01
3.499969100952148438e+01
3.459908676147460938e+01
3.600353240966796875e+01
3.655251693725585938e+01
3.676199722290039062e+01
3.606768035888671875e+01
3.448136138916015625e+01
3.399907684326171875e+01
3.383396911621093750e+01
3.369906997680664062e+01
3.355751800537109375e+01
3.357500457763671875e+01
3.370526885986328125e+01
3.373633575439453125e+01
3.395918655395507812e+01
3.424657821655273438e+01
3.429208374023437500e+01
3.413445281982421875e+01
3.376149749755859375e+01
3.344278717041015625e+01
3.342536544799804688e+01
3.358869171142578125e+01
3.370236206054687500e+01
3.380510711669921875e+01
3.397178268432617188e+01
3.418164443969726562e+01
3.430191040039062500e+01
3.433799743652343750e+01
3.419077301025390625e+01
3.413097000122070312e+01
3.408696365356445312e+01
3.396618270874023438e+01
3.394783782958984375e+01
3.376800918579101562e+01
3.364434814453125000e+01
3.359841918945312500e+01
3.364336776733398438e+01
3.370588684082031250e+01
3.378442001342773438e+01
3.375648880004882812e+01
3.419182968139648438e+01
3.541699981689453125e+01
3.475978088378906250e+01
3.446630477905273438e+01
3.416150665283203125e+01
3.389601516723632812e+01
3.348216629028320312e+01
3.335670089721679688e+01
3.325232315063476562e+01
