3.284159851074218750e+01
3.233790588378906250e+01
3.200163650512695312e+01
3.078001403808593750e+01
3.044002914428710938e+01
3.023657798767089844e+01
2.952785682678222656e+01
2.988161277770996094e+01
3.024048805236816406e+01
2.980748176574707031e+01
2.981014823913574219e+01
3.002264404296875000e+01
2.969699287414550781e+01
2.935528755187988281e+01
2.920558166503906250e+01
2.917078208923339844e+01
2.921724128723144531e+01
2.932565689086914062e+01
2.941524696350097656e+01
2.935449028015136719e+01
2.903493118286132812e+01
2.874276542663574219e+01
2.871553230285644531e+01
2.873526000976562500e+01
2.873932266235351562e+01
2.898098373413085938e+01
2.909229278564453125e+01
2.907442283630371094e+01
2.906012153625488281e+01
2.897697067260742188e+01
2.887046623229980469e+01
2.880766105651855469e+01
2.871832847595214844e+01
2.866065979003906250e+01
2.864687347412109375e+01
2.872187232971191406e+01
2.890207481384277344e+01
2.907980728149414062e+01
2.901436042785644531e+01
2.887674522399902344e+01
2.880493164062500000e+01
2.869349861145019531e+01
2.861974143981933594e+01
2.862063598632812500e+01
2.855480766296386719e+01
2.864965248107910156e+01
2.886459159851074219e+01
2.913507461547851562e+01
2.958838081359863281e+01
3.010496520996093750e+01
3.049379539489746094e+01
3.064565658569335938e+01
3.065501213073730469e+01
3.046500396728515625e+01
3.028550338745117188e+01
3.020741844177246094e+01
3.011096382141113281e+01
2.983601570129394531e+01
2.960447120666503906e+01
2.959823417663574219e+01
2.967559051513671875e+01
2.987851333618164062e+01
2.998026657104492188e+01
2.988024520874023438e+01
2.960021209716796875e+01
2.946897697448730469e+01
2.939103507995605469e+01
2.911434555053710938e+01
2.859404373168945312e+01
2.837304496765136719e+01
2.840948867797851562e+01
2.847355079650878906e+01
2.850688171386718750e+01
2.880896759033203125e+01
2.922219276428222656e+01
2.951624488830566406e+01
2.968842315673828125e+01
2.933231735229492188e+01
2.907872390747070312e+01
2.903375816345214844e+01
2.930309867858886719e+01
2.929240798950195312e+01
2.906046104431152344e+01
2.882098770141601562e+01
2.889946937561035156e+01
2.900920677185058594e+01
2.923545265197753906e+01
2.917567634582519531e+01
2.904535865783691406e+01
2.906691169738769531e+01
2.936224937438964844e+01
2.961845397949218750e+01
2.928996086120605469e+01
2.896428871154785156e+01
2.889253234863281250e+01
2.936100769042968750e+01
3.073851585388183594e+01
