2.662444496154785156e+01
2.650739669799804688e+01
2.614148521423339844e+01
2.599106979370117188e+01
2.603023529052734375e+01
2.605199241638183594e+01
2.607745361328125000e+01
2.612132644653320312e+01
2.610531425476074219e+01
2.602252388000488281e+01
2.597140312194824219e+01
2.606376647949218750e+01
2.609742546081542969e+01
2.609457206726074219e+01
2.607389450073242188e+01
2.594335746765136719e+01
2.585691261291503906e+01
2.591305541992187500e+01
2.602352714538574219e+01
2.612231063842773438e+01
2.618579292297363281e+01
2.623319244384765625e+01
2.632883071899414062e+01
2.640688323974609375e+01
2.639430427551269531e+01
2.637153816223144531e+01
2.621395683288574219e+01
2.609727859497070312e+01
2.597804641723632812e+01
2.595191764831542969e+01
2.596843147277832031e+01
2.601349830627441406e+01
2.605907630920410156e+01
2.609174156188964844e+01
2.616602134704589844e+01
2.621276283264160156e+01
2.609435272216796875e+01
2.590069007873535156e+01
2.581348228454589844e+01
2.579263877868652344e+01
2.587444114685058594e+01
2.598288536071777344e+01
2.605871772766113281e+01
2.602802467346191406e+01
2.599410820007324219e+01
2.592869186401367188e+01
2.582921409606933594e+01
2.572223854064941406e+01
2.558326339721679688e+01
2.540965461730957031e+01
2.536554145812988281e+01
2.545037460327148438e+01
2.548292160034179688e+01
2.548412704467773438e+01
2.554826927185058594e+01
2.557059288024902344e+01
2.561645698547363281e+01
2.568306350708007812e+01
2.572841835021972656e+01
2.574043464660644531e+01
2.581069946289062500e+01
2.591437911987304688e+01
2.602299880981445312e+01
2.623933410644531250e+01
2.636845016479492188e+01
2.638866043090820312e+01
2.647454452514648438e+01
2.656579399108886719e+01
2.663978385925292969e+01
2.676475906372070312e+01
2.691914558410644531e+01
2.695762825012207031e+01
2.700759696960449219e+01
2.709774398803710938e+01
2.715335464477539062e+01
2.709796905517578125e+01
2.705801963806152344e+01
2.702652359008789062e+01
2.696776771545410156e+01
2.687104225158691406e+01
2.680156517028808594e+01
2.677406311035156250e+01
2.670207023620605469e+01
2.655110740661621094e+01
2.655986213684082031e+01
2.659148788452148438e+01
2.666959190368652344e+01
2.669023704528808594e+01
2.656300163269042969e+01
2.641828536987304688e+01
2.631438446044921875e+01
2.632017517089843750e+01
2.622351646423339844e+01
2.610642814636230469e+01
2.602583503723144531e+01
2.595700645446777344e+01
2.594645500183105469e+01
2.586761283874511719e+01
2.605220985412597656e+01
2.606618309020996094e+01
2.601547813415527344e+01
