2.757931709289550781e+01
2.761726951599121094e+01
2.757937240600585938e+01
2.737017059326171875e+01
2.744939231872558594e+01
2.720713806152343750e+01
2.707812118530273438e+01
2.728719711303710938e+01
2.715091896057128906e+01
2.681126594543457031e+01
2.696248435974121094e+01
2.678388786315917969e+01
2.696620559692382812e+01
2.717266082763671875e+01
2.710811805725097656e+01
2.676539421081542969e+01
2.646732330322265625e+01
2.630309677124023438e+01
2.648454666137695312e+01
2.664959335327148438e+01
2.701463508605957031e+01
2.745250511169433594e+01
2.771449851989746094e+01
2.789881706237792969e+01
2.788605690002441406e+01
2.784280014038085938e+01
2.772557258605957031e+01
2.757781791687011719e+01
2.729784584045410156e+01
2.713823509216308594e+01
2.687249946594238281e+01
2.680628585815429688e+01
2.692581939697265625e+01
2.699788856506347656e+01
2.706904411315917969e+01
2.703695678710937500e+01
2.701543998718261719e+01
2.709452247619628906e+01
2.703067970275878906e+01
2.698492622375488281e+01
2.703370857238769531e+01
2.706126976013183594e+01
2.702806091308593750e+01
2.703653907775878906e+01
2.703839492797851562e+01
2.702794647216796875e+01
2.691429519653320312e+01
2.680775451660156250e+01
2.688699340820312500e+01
2.694506645202636719e+01
2.714613533020019531e+01
2.740535545349121094e+01
2.750426673889160156e+01
2.748267936706542969e+01
2.733769607543945312e+01
2.718694686889648438e+01
2.715791130065917969e+01
2.721773147583007812e+01
2.737640380859375000e+01
2.752144813537597656e+01
2.766355895996093750e+01
2.773062896728515625e+01
2.778092384338378906e+01
2.773412322998046875e+01
2.769638061523437500e+01
2.764986991882324219e+01
2.762444114685058594e+01
2.756755256652832031e+01
2.743932914733886719e+01
2.746098327636718750e+01
2.749739837646484375e+01
2.757551765441894531e+01
2.764043045043945312e+01
2.766059875488281250e+01
2.758979415893554688e+01
2.769205093383789062e+01
2.770904350280761719e+01
2.764678955078125000e+01
2.765588188171386719e+01
2.748093605041503906e+01
2.746478271484375000e+01
2.748616218566894531e+01
2.739843177795410156e+01
2.759820747375488281e+01
2.767560577392578125e+01
2.765559577941894531e+01
2.781173515319824219e+01
2.787551498413085938e+01
2.788193893432617188e+01
2.793043136596679688e+01
2.777417755126953125e+01
2.778522872924804688e+01
2.774849700927734375e+01
2.774950408935546875e+01
2.787588882446289062e+01
2.787118721008300781e+01
2.761071777343750000e+01
