3.635412216186523438e+01
3.734484481811523438e+01
3.735649108886718750e+01
3.700234222412109375e+01
3.647794342041015625e+01
3.678071594238281250e+01
3.739568328857421875e+01
3.733375167846679688e+01
3.727944564819335938e+01
3.715388870239257812e+01
3.704410934448242188e+01
3.680560684204101562e+01
3.645718383789062500e+01
3.594744491577148438e+01
3.648538208007812500e+01
3.660448074340820312e+01
3.609137344360351562e+01
3.660058212280273438e+01
3.681375122070312500e+01
3.696609497070312500e+01
3.696176528930664062e+01
3.699416351318359375e+01
3.637715911865234375e+01
3.507966995239257812e+01
3.481925964355468750e+01
3.548308181762695312e+01
3.469195556640625000e+01
3.495948791503906250e+01
3.504652786254882812e+01
3.436571884155273438e+01
3.435665130615234375e+01
3.478269577026367188e+01
3.504708862304687500e+01
3.519070434570312500e+01
3.544290542602539062e+01
3.523114395141601562e+01
3.525020980834960938e+01
3.587269210815429688e+01
3.661608505249023438e+01
3.700307083129882812e+01
3.727796554565429688e+01
3.696393585205078125e+01
3.646072006225585938e+01
3.647564315795898438e+01
3.613909149169921875e+01
3.562660980224609375e+01
3.666671371459960938e+01
3.638749694824218750e+01
3.552534866333007812e+01
3.606665802001953125e+01
3.665134811401367188e+01
3.681978988647460938e+01
3.676211929321289062e+01
3.724680328369140625e+01
3.737242889404296875e+01
3.717752075195312500e+01
3.683111190795898438e+01
3.662121200561523438e+01
3.684925079345703125e+01
3.679257965087890625e+01
3.599525833129882812e+01
3.496437835693359375e+01
3.488228607177734375e+01
3.544944000244140625e+01
3.605133438110351562e+01
3.536107254028320312e+01
3.497522735595703125e+01
3.526656341552734375e+01
3.599745178222656250e+01
3.657915878295898438e+01
3.666460800170898438e+01
3.602734375000000000e+01
3.527179718017578125e+01
3.580494689941406250e+01
3.584012985229492188e+01
3.537086486816406250e+01
3.577661132812500000e+01
3.605833053588867188e+01
3.554540252685546875e+01
3.450056838989257812e+01
3.502336883544921875e+01
3.543203735351562500e+01
3.564395904541015625e+01
3.629662704467773438e+01
3.659555816650390625e+01
3.647763061523437500e+01
3.616538238525390625e+01
3.582376480102539062e+01
3.655086135864257812e+01
3.674089431762695312e+01
3.666433715820312500e+01
3.595379638671875000e+01
3.545162963867187500e+01
