3.533020782470703125e+01
3.454264831542968750e+01
3.525807571411132812e+01
3.638532638549804688e+01
3.635483551025390625e+01
3.624121475219726562e+01
3.624253845214843750e+01
3.571610260009765625e+01
3.481119918823242188e+01
3.462018585205078125e+01
3.438179779052734375e+01
3.423504638671875000e+01
3.411139297485351562e+01
3.431030273437500000e+01
3.471896362304687500e+01
3.497250366210937500e+01
3.489846038818359375e+01
3.502487564086914062e+01
3.668444061279296875e+01
3.727478027343750000e+01
3.703859329223632812e+01
3.625671005249023438e+01
3.521851348876953125e+01
3.498960113525390625e+01
3.478239059448242188e+01
3.481046295166015625e+01
3.501538467407226562e+01
3.503043365478515625e+01
3.507979965209960938e+01
3.527857589721679688e+01
3.526943969726562500e+01
3.498543548583984375e+01
3.494403457641601562e+01
3.505598449707031250e+01
3.536475372314453125e+01
3.559648132324218750e+01
3.560925292968750000e+01
3.554867553710937500e+01
3.547688674926757812e+01
3.512593078613281250e+01
3.514108276367187500e+01
3.534604263305664062e+01
3.552619552612304688e+01
3.579709243774414062e+01
3.610303115844726562e+01
3.656713485717773438e+01
3.642834091186523438e+01
3.609225463867187500e+01
3.588368606567382812e+01
3.618450546264648438e+01
3.633570480346679688e+01
3.573454666137695312e+01
3.512123107910156250e+01
3.508090209960937500e+01
3.595611953735351562e+01
3.623344039916992188e+01
3.613106918334960938e+01
3.596719360351562500e+01
3.588713073730468750e+01
3.596115493774414062e+01
3.595788574218750000e+01
3.595868682861328125e+01
3.587220764160156250e+01
3.584112548828125000e+01
3.594889450073242188e+01
3.594189071655273438e+01
3.591904830932617188e+01
3.593341064453125000e+01
3.567267227172851562e+01
3.580796051025390625e+01
3.591218185424804688e+01
3.616442871093750000e+01
3.625871276855468750e+01
3.636246871948242188e+01
3.602997589111328125e+01
3.543344879150390625e+01
3.474880599975585938e+01
3.471799850463867188e+01
3.517636871337890625e+01
3.566941452026367188e+01
3.605724334716796875e+01
3.635582733154296875e+01
3.671828842163085938e+01
3.634452438354492188e+01
3.583463668823242188e+01
3.525741577148437500e+01
3.488914108276367188e+01
3.482383728027343750e+01
3.487649154663085938e+01
3.493440628051757812e+01
3.490604782104492188e+01
3.463965606689453125e+01
3.457901000976562500e+01
3.463038253784179688e+01
3.473046112060546875e+01
3.480556869506835938e+01
3.480116653442382812e+01
3.474518966674804688e+01
3.470014953613281250e+01
3.467359161376953125e+01
3.465287780761718750e+01
3.474243927001953125e+01
