3.526661682128906250e+01
3.569164276123046875e+01
3.803220367431640625e+01
3.818124008178710938e+01
3.787765121459960938e+01
3.803398895263671875e+01
3.844948196411132812e+01
3.866613006591796875e+01
3.860074615478515625e+01
3.814493942260742188e+01
3.693358612060546875e+01
3.560249710083007812e+01
3.524068450927734375e+01
3.529063796997070312e+01
3.618989562988281250e+01
3.726954269409179688e+01
3.757915115356445312e+01
3.787362289428710938e+01
3.785305404663085938e+01
3.752444839477539062e+01
3.769982910156250000e+01
3.786660385131835938e+01
3.773594665527343750e+01
3.755660629272460938e+01
3.755841445922851562e+01
3.782401275634765625e+01
3.785641860961914062e+01
3.783839416503906250e+01
3.785972976684570312e+01
3.780752182006835938e+01
3.770671463012695312e+01
3.730564117431640625e+01
3.653552627563476562e+01
3.606673431396484375e+01
3.579215240478515625e+01
3.554673385620117188e+01
3.538449478149414062e+01
3.536370468139648438e+01
3.534789276123046875e+01
3.529932022094726562e+01
3.565457916259765625e+01
3.533751678466796875e+01
3.500989532470703125e+01
3.499273300170898438e+01
3.541886138916015625e+01
3.688253402709960938e+01
3.707429885864257812e+01
3.577882385253906250e+01
3.503805541992187500e+01
3.550388336181640625e+01
3.498960113525390625e+01
3.546520233154296875e+01
3.712857055664062500e+01
3.728327941894531250e+01
3.740083312988281250e+01
3.741794204711914062e+01
3.628897094726562500e+01
3.516427993774414062e+01
3.505889511108398438e+01
3.547333908081054688e+01
3.642500305175781250e+01
3.695662689208984375e+01
3.710579681396484375e+01
3.720626831054687500e+01
3.722272491455078125e+01
3.705781173706054688e+01
3.706555938720703125e+01
3.723461151123046875e+01
3.737541580200195312e+01
3.731654739379882812e+01
3.736038589477539062e+01
3.739720535278320312e+01
3.702468490600585938e+01
3.574836730957031250e+01
3.527793121337890625e+01
3.684367752075195312e+01
3.743725204467773438e+01
3.747175598144531250e+01
3.746818923950195312e+01
3.726126861572265625e+01
3.690477752685546875e+01
3.600864791870117188e+01
3.499313735961914062e+01
3.478303146362304688e+01
3.490776443481445312e+01
3.552260971069335938e+01
3.594972610473632812e+01
3.772555923461914062e+01
3.814206314086914062e+01
3.792396545410156250e+01
3.787287139892578125e+01
3.728926467895507812e+01
3.623922729492187500e+01
3.588801193237304688e+01
3.590727615356445312e+01
3.566510391235351562e+01
3.571568679809570312e+01
3.596600341796875000e+01
3.561471176147460938e+01
3.559026336669921875e+01
3.643255615234375000e+01
3.703203582763671875e+01
3.740333557128906250e+01
3.600445938110351562e+01
3.501872253417968750e+01
