3.477325057983398438e+01
3.463924407958984375e+01
3.500460815429687500e+01
3.437005615234375000e+01
3.441299057006835938e+01
3.488648986816406250e+01
3.527952575683593750e+01
3.505755996704101562e+01
3.477590942382812500e+01
3.480346298217773438e+01
3.500930786132812500e+01
3.519610977172851562e+01
3.550640106201171875e+01
3.570978164672851562e+01
3.612238311767578125e+01
3.640338134765625000e+01
3.685367584228515625e+01
3.545788192749023438e+01
3.552675247192382812e+01
3.702357101440429688e+01
3.659084701538085938e+01
3.519656753540039062e+01
3.492019271850585938e+01
3.480340194702148438e+01
3.498076629638671875e+01
3.500551223754882812e+01
3.504331207275390625e+01
3.602505874633789062e+01
3.565929794311523438e+01
3.493180847167968750e+01
3.469281005859375000e+01
3.459301376342773438e+01
3.461448287963867188e+01
3.439812850952148438e+01
3.443455123901367188e+01
3.437789535522460938e+01
3.427140808105468750e+01
3.438744354248046875e+01
3.441792678833007812e+01
3.479811096191406250e+01
3.487657928466796875e+01
3.425046920776367188e+01
3.416703414916992188e+01
3.441744995117187500e+01
3.482199478149414062e+01
3.517168426513671875e+01
3.587867355346679688e+01
3.479862594604492188e+01
3.522419738769531250e+01
3.538321304321289062e+01
3.530720520019531250e+01
3.459378433227539062e+01
3.459859466552734375e+01
3.478970718383789062e+01
3.466140365600585938e+01
3.444650650024414062e+01
3.487584304809570312e+01
3.532430267333984375e+01
3.485145950317382812e+01
3.623072052001953125e+01
3.780775451660156250e+01
3.787808990478515625e+01
3.751327133178710938e+01
3.766821670532226562e+01
3.781092071533203125e+01
3.703825759887695312e+01
3.709252548217773438e+01
3.597412490844726562e+01
3.531582260131835938e+01
3.505024337768554688e+01
3.472166061401367188e+01
3.460024642944335938e+01
3.442158508300781250e+01
3.439660644531250000e+01
3.425799942016601562e+01
3.446082305908203125e+01
3.488628768920898438e+01
3.499404144287109375e+01
3.508381271362304688e+01
3.487710189819335938e+01
3.447256088256835938e+01
3.469355392456054688e+01
3.495129776000976562e+01
3.511493301391601562e+01
3.501103591918945312e+01
3.455456161499023438e+01
3.443663406372070312e+01
3.469557189941406250e+01
3.503820800781250000e+01
3.513014984130859375e+01
3.501208877563476562e+01
3.508348083496093750e+01
3.483628463745117188e+01
3.472596359252929688e+01
3.436613845825195312e+01
3.439463424682617188e+01
3.528856277465820312e+01
3.622335815429687500e+01
3.646195602416992188e+01
3.698454284667968750e+01
3.686919784545898438e+01
3.567023468017578125e+01
3.540096664428710938e+01
3.517491531372070312e+01
