3.750924682617187500e+01
3.734070205688476562e+01
3.722855377197265625e+01
3.731625366210937500e+01
3.773548126220703125e+01
3.766319656372070312e+01
3.664740371704101562e+01
3.722661209106445312e+01
3.664676666259765625e+01
3.746734237670898438e+01
3.751174545288085938e+01
3.745382690429687500e+01
3.753871917724609375e+01
3.755455398559570312e+01
3.755789566040039062e+01
3.757604217529296875e+01
3.758925247192382812e+01
3.779948425292968750e+01
3.769659805297851562e+01
3.743592834472656250e+01
3.754475784301757812e+01
3.757656478881835938e+01
3.747948074340820312e+01
3.724834060668945312e+01
3.757693862915039062e+01
3.764025115966796875e+01
3.759981536865234375e+01
3.773805236816406250e+01
3.791071319580078125e+01
3.796324539184570312e+01
3.790993881225585938e+01
3.765254211425781250e+01
3.723246383666992188e+01
3.717070770263671875e+01
3.731520843505859375e+01
3.742100906372070312e+01
3.756853485107421875e+01
3.775099945068359375e+01
3.787873840332031250e+01
3.802799606323242188e+01
3.818470001220703125e+01
3.821493148803710938e+01
3.810422515869140625e+01
3.793947601318359375e+01
3.791334152221679688e+01
3.768054580688476562e+01
3.751688003540039062e+01
3.788397216796875000e+01
3.798388671875000000e+01
3.801445388793945312e+01
3.806031799316406250e+01
3.821398544311523438e+01
3.840894317626953125e+01
3.825849533081054688e+01
3.797390747070312500e+01
3.754300308227539062e+01
3.753936004638671875e+01
3.794911193847656250e+01
3.819480133056640625e+01
3.830633163452148438e+01
3.821699142456054688e+01
3.827069091796875000e+01
3.822218704223632812e+01
3.821257781982421875e+01
3.818270874023437500e+01
3.827040481567382812e+01
3.837629699707031250e+01
3.826830291748046875e+01
3.809384155273437500e+01
3.793519973754882812e+01
3.785348510742187500e+01
3.781750106811523438e+01
3.771669387817382812e+01
3.766479492187500000e+01
3.735982513427734375e+01
3.732592010498046875e+01
3.719075012207031250e+01
3.718695068359375000e+01
3.755591583251953125e+01
3.765176010131835938e+01
3.767265701293945312e+01
3.753857803344726562e+01
3.729033279418945312e+01
3.704525375366210938e+01
3.716035842895507812e+01
3.750157928466796875e+01
3.744911575317382812e+01
3.728499603271484375e+01
3.719180297851562500e+01
3.715110778808593750e+01
3.738491058349609375e+01
3.776071548461914062e+01
3.770578002929687500e+01
