3.146883010864257812e+01
3.136425018310546875e+01
3.137962150573730469e+01
3.146541786193847656e+01
3.149588012695312500e+01
3.154981994628906250e+01
3.154274749755859375e+01
3.140604209899902344e+01
3.109140968322753906e+01
3.098504638671875000e+01
3.095670700073242188e+01
3.092168235778808594e+01
3.089424896240234375e+01
3.100020790100097656e+01
3.115454101562500000e+01
3.126606369018554688e+01
3.141862678527832031e+01
3.138642311096191406e+01
3.144778442382812500e+01
3.156521224975585938e+01
3.168170356750488281e+01
3.160092353820800781e+01
3.145424461364746094e+01
3.132334709167480469e+01
3.124059677124023438e+01
3.130956459045410156e+01
3.120623397827148438e+01
3.098543548583984375e+01
3.079446029663085938e+01
3.073105621337890625e+01
3.088583755493164062e+01
3.106514739990234375e+01
3.122462844848632812e+01
3.114680862426757812e+01
3.106661415100097656e+01
3.110448837280273438e+01
3.119741630554199219e+01
3.124372291564941406e+01
3.131538391113281250e+01
3.132780456542968750e+01
3.135362625122070312e+01
3.140209579467773438e+01
3.144008064270019531e+01
3.146912765502929688e+01
3.149544334411621094e+01
3.154211235046386719e+01
3.153485488891601562e+01
3.155507278442382812e+01
3.154730987548828125e+01
3.137252235412597656e+01
3.119099807739257812e+01
3.101488494873046875e+01
3.088090896606445312e+01
3.074721717834472656e+01
3.061124038696289062e+01
3.063585281372070312e+01
3.070108413696289062e+01
3.074971771240234375e+01
3.083209228515625000e+01
3.086721611022949219e+01
3.101597976684570312e+01
3.131414413452148438e+01
3.173403358459472656e+01
3.175433349609375000e+01
3.152534294128417969e+01
3.121145057678222656e+01
3.086499214172363281e+01
3.074921417236328125e+01
3.073471069335937500e+01
3.071787643432617188e+01
3.073837852478027344e+01
3.075296974182128906e+01
3.078290557861328125e+01
3.088962554931640625e+01
3.098842811584472656e+01
3.115714836120605469e+01
3.127394104003906250e+01
3.126517295837402344e+01
3.115083122253417969e+01
3.119542312622070312e+01
3.110756111145019531e+01
3.090386199951171875e+01
3.087770462036132812e+01
3.113617134094238281e+01
3.131757545471191406e+01
3.132227325439453125e+01
3.128822517395019531e+01
3.129457664489746094e+01
3.119566726684570312e+01
3.105585479736328125e+01
3.093188095092773438e+01
3.089772796630859375e+01
3.102787780761718750e+01
3.114792060852050781e+01
3.115398216247558594e+01
3.122627830505371094e+01
3.126385116577148438e+01
3.111641693115234375e+01
3.102544784545898438e+01
3.115509986877441406e+01
