2.545474433898925781e+01
2.481077194213867188e+01
2.486046981811523438e+01
2.495693969726562500e+01
2.494159698486328125e+01
2.478368949890136719e+01
2.481353187561035156e+01
2.501653099060058594e+01
2.540850448608398438e+01
2.590636444091796875e+01
2.603837203979492188e+01
2.595455169677734375e+01
2.582119560241699219e+01
2.588643455505371094e+01
2.594222068786621094e+01
2.598520088195800781e+01
2.602739143371582031e+01
2.609952354431152344e+01
2.617006492614746094e+01
2.600990104675292969e+01
2.591476440429687500e+01
2.600299644470214844e+01
2.622533988952636719e+01
2.655104637145996094e+01
2.665890121459960938e+01
2.652218246459960938e+01
2.628272628784179688e+01
2.609766960144042969e+01
2.598859214782714844e+01
2.585873794555664062e+01
2.576206588745117188e+01
2.577564430236816406e+01
2.592820358276367188e+01
2.594545364379882812e+01
2.582192039489746094e+01
2.561638641357421875e+01
2.548015785217285156e+01
2.552267646789550781e+01
2.559753608703613281e+01
2.558131408691406250e+01
2.549491500854492188e+01
2.541970252990722656e+01
2.541564559936523438e+01
2.541485595703125000e+01
2.540787124633789062e+01
2.546431159973144531e+01
2.552325248718261719e+01
2.560606575012207031e+01
2.571938514709472656e+01
2.575745773315429688e+01
2.574432945251464844e+01
2.581693267822265625e+01
2.577715301513671875e+01
2.573748397827148438e+01
2.567005538940429688e+01
2.555749511718750000e+01
2.537464714050292969e+01
2.519427490234375000e+01
2.504799079895019531e+01
2.500180244445800781e+01
2.497937583923339844e+01
2.503134346008300781e+01
2.516714286804199219e+01
2.539583206176757812e+01
2.554440307617187500e+01
2.555076026916503906e+01
2.561934852600097656e+01
2.564572143554687500e+01
2.572309303283691406e+01
2.571055412292480469e+01
2.574311256408691406e+01
2.560249328613281250e+01
2.545435523986816406e+01
2.542721366882324219e+01
2.529492378234863281e+01
2.534924697875976562e+01
2.547611427307128906e+01
2.566648483276367188e+01
2.574577713012695312e+01
2.571852874755859375e+01
2.561140441894531250e+01
2.548810386657714844e+01
2.552032089233398438e+01
2.549114418029785156e+01
2.534255027770996094e+01
2.525140953063964844e+01
2.514680862426757812e+01
2.514108657836914062e+01
2.516223335266113281e+01
2.508638954162597656e+01
2.488850593566894531e+01
2.472384071350097656e+01
2.470103645324707031e+01
2.484949684143066406e+01
2.489749336242675781e+01
2.491647911071777344e+01
2.482329177856445312e+01
2.464027214050292969e+01
2.454691505432128906e+01
2.456985282897949219e+01
2.475194740295410156e+01
2.511063385009765625e+01
2.503667449951171875e+01
2.484795951843261719e+01
