2.543330192565917969e+01
2.523942756652832031e+01
2.505976676940917969e+01
2.487158203125000000e+01
2.478087043762207031e+01
2.483298110961914062e+01
2.472947692871093750e+01
2.470483016967773438e+01
2.480130004882812500e+01
2.488337326049804688e+01
2.508130455017089844e+01
2.525982856750488281e+01
2.544244384765625000e+01
2.566681861877441406e+01
2.559580230712890625e+01
2.555411529541015625e+01
2.552580642700195312e+01
2.547797584533691406e+01
2.558023452758789062e+01
2.571343612670898438e+01
2.565757179260253906e+01
2.565285491943359375e+01
2.566129493713378906e+01
2.564529800415039062e+01
2.573298263549804688e+01
2.574468421936035156e+01
2.570088958740234375e+01
2.583333969116210938e+01
2.592015457153320312e+01
2.605314254760742188e+01
2.615501594543457031e+01
2.618620872497558594e+01
2.614068412780761719e+01
2.615338134765625000e+01
2.621360206604003906e+01
2.624470329284667969e+01
2.620584869384765625e+01
2.616051864624023438e+01
2.604659080505371094e+01
2.586485671997070312e+01
2.571499824523925781e+01
2.555534362792968750e+01
2.548624801635742188e+01
2.549210357666015625e+01
2.558305931091308594e+01
2.570377349853515625e+01
2.582540512084960938e+01
2.597759628295898438e+01
2.599836921691894531e+01
2.589971351623535156e+01
2.562375068664550781e+01
2.530373954772949219e+01
2.507494354248046875e+01
2.499985122680664062e+01
2.505931091308593750e+01
2.520449066162109375e+01
2.544619178771972656e+01
2.570924377441406250e+01
2.593132972717285156e+01
2.589530372619628906e+01
2.584595680236816406e+01
2.576528930664062500e+01
2.576147460937500000e+01
2.607053947448730469e+01
2.632402038574218750e+01
2.639538764953613281e+01
2.640274238586425781e+01
2.624517440795898438e+01
2.616597175598144531e+01
2.624694824218750000e+01
2.614797019958496094e+01
2.607448196411132812e+01
2.615094947814941406e+01
2.606239700317382812e+01
2.608825492858886719e+01
2.601762008666992188e+01
2.565382575988769531e+01
2.543033790588378906e+01
2.511577415466308594e+01
2.498775100708007812e+01
2.516443634033203125e+01
2.523186302185058594e+01
2.511676788330078125e+01
2.499156951904296875e+01
2.488565254211425781e+01
2.501945114135742188e+01
