2.843602943420410156e+01
2.875718688964843750e+01
2.931293487548828125e+01
2.944704055786132812e+01
2.941952133178710938e+01
2.953723144531250000e+01
2.936924934387207031e+01
2.869067001342773438e+01
2.767916107177734375e+01
2.738190269470214844e+01
2.740018081665039062e+01
2.735763931274414062e+01
2.731987190246582031e+01
2.725028991699218750e+01
2.729956245422363281e+01
2.742572975158691406e+01
2.761701965332031250e+01
2.778808212280273438e+01
2.795056152343750000e+01
2.820092582702636719e+01
2.843145751953125000e+01
2.832658576965332031e+01
2.819077110290527344e+01
2.825813674926757812e+01
2.827976226806640625e+01
2.820992279052734375e+01
2.822403144836425781e+01
2.811029243469238281e+01
2.784410667419433594e+01
2.769693565368652344e+01
2.761774826049804688e+01
2.758793640136718750e+01
2.765479660034179688e+01
2.771397399902343750e+01
2.773792457580566406e+01
2.774581718444824219e+01
2.769160461425781250e+01
2.779136657714843750e+01
2.791744613647460938e+01
2.796645927429199219e+01
2.787042617797851562e+01
2.791317749023437500e+01
2.800763320922851562e+01
2.795572853088378906e+01
2.777258300781250000e+01
2.764052581787109375e+01
2.751847457885742188e+01
2.749449729919433594e+01
2.754444694519042969e+01
2.821193313598632812e+01
2.882353973388671875e+01
2.915151786804199219e+01
2.917695236206054688e+01
2.872829055786132812e+01
2.831715774536132812e+01
2.824686431884765625e+01
2.825774574279785156e+01
2.824498939514160156e+01
2.828851509094238281e+01
2.825890541076660156e+01
2.832776832580566406e+01
2.843906402587890625e+01
2.875537490844726562e+01
2.890812683105468750e+01
2.879494094848632812e+01
2.876497268676757812e+01
2.864908599853515625e+01
2.850343704223632812e+01
2.825240325927734375e+01
2.807168388366699219e+01
2.811340141296386719e+01
2.792555618286132812e+01
2.757402420043945312e+01
2.746906280517578125e+01
2.735507583618164062e+01
2.717899131774902344e+01
2.709429359436035156e+01
2.730065345764160156e+01
2.704043006896972656e+01
2.705109596252441406e+01
2.719604873657226562e+01
2.728436660766601562e+01
2.740260887145996094e+01
2.729142189025878906e+01
2.710006904602050781e+01
2.682424545288085938e+01
2.685319900512695312e+01
2.710052299499511719e+01
2.717116737365722656e+01
2.719278717041015625e+01
2.738876342773437500e+01
2.776359558105468750e+01
2.811416244506835938e+01
2.826436614990234375e+01
2.812758636474609375e+01
2.797325706481933594e+01
2.799244499206542969e+01
2.793908500671386719e+01
2.807954597473144531e+01
2.821009254455566406e+01
2.808038711547851562e+01
2.755324363708496094e+01
