3.837354660034179688e+01
3.870372009277343750e+01
3.887564468383789062e+01
3.884134674072265625e+01
3.874002075195312500e+01
3.843848419189453125e+01
3.771509170532226562e+01
3.697023010253906250e+01
3.662729644775390625e+01
3.670848846435546875e+01
3.681115341186523438e+01
3.698501968383789062e+01
3.723062515258789062e+01
3.742055511474609375e+01
3.756903457641601562e+01
3.759304809570312500e+01
3.747603225708007812e+01
3.749599838256835938e+01
3.758836364746093750e+01
3.756289672851562500e+01
3.742244720458984375e+01
3.741899871826171875e+01
3.733880996704101562e+01
3.726802444458007812e+01
3.726304244995117188e+01
3.716414642333984375e+01
3.722890853881835938e+01
3.755088806152343750e+01
3.778193283081054688e+01
3.769941329956054688e+01
3.757494354248046875e+01
3.751340484619140625e+01
3.748057174682617188e+01
3.742453002929687500e+01
3.733622741699218750e+01
3.720281219482421875e+01
3.695841598510742188e+01
3.702782440185546875e+01
3.717150497436523438e+01
3.725098800659179688e+01
3.717071533203125000e+01
3.718106842041015625e+01
3.722072982788085938e+01
3.721361541748046875e+01
3.744015121459960938e+01
3.769585418701171875e+01
3.776412963867187500e+01
3.769247436523437500e+01
3.750534057617187500e+01
3.753079986572265625e+01
3.751054763793945312e+01
3.751040267944335938e+01
3.767919158935546875e+01
3.769229507446289062e+01
3.763362121582031250e+01
3.753500747680664062e+01
3.745005035400390625e+01
3.728956604003906250e+01
3.721029281616210938e+01
3.735852813720703125e+01
3.741482925415039062e+01
3.744545364379882812e+01
3.730584716796875000e+01
3.704765319824218750e+01
3.717859649658203125e+01
3.724223709106445312e+01
3.716551971435546875e+01
3.682252502441406250e+01
3.671527099609375000e+01
3.666897583007812500e+01
3.677916336059570312e+01
3.692796325683593750e+01
3.703884887695312500e+01
3.721343231201171875e+01
3.733962631225585938e+01
3.739356231689453125e+01
3.731333923339843750e+01
3.694703292846679688e+01
3.667675399780273438e+01
3.664091110229492188e+01
3.658999252319335938e+01
3.640523910522460938e+01
3.650643157958984375e+01
3.667118835449218750e+01
3.682135772705078125e+01
3.695699310302734375e+01
3.704647064208984375e+01
3.700183105468750000e+01
3.686316680908203125e+01
3.720160293579101562e+01
3.751329040527343750e+01
3.771097564697265625e+01
3.750456237792968750e+01
3.724857330322265625e+01
3.706507873535156250e+01
3.702186203002929688e+01
3.687267684936523438e+01
3.649925613403320312e+01
3.631898498535156250e+01
3.660662841796875000e+01
3.685378265380859375e+01
3.730027770996093750e+01
3.756185913085937500e+01
3.783271789550781250e+01
3.724624633789062500e+01
3.719422531127929688e+01
