2.021789741516113281e+01
2.020518684387207031e+01
2.027402305603027344e+01
2.036874008178710938e+01
2.058717536926269531e+01
2.088599205017089844e+01
2.108793830871582031e+01
2.129356575012207031e+01
2.145300483703613281e+01
2.158770751953125000e+01
2.172380256652832031e+01
2.163280677795410156e+01
2.161578750610351562e+01
2.148367500305175781e+01
2.136250305175781250e+01
2.118392753601074219e+01
2.118815612792968750e+01
2.111188888549804688e+01
2.123962974548339844e+01
2.097277450561523438e+01
2.099247169494628906e+01
2.101802062988281250e+01
2.143642044067382812e+01
2.181397438049316406e+01
2.209790611267089844e+01
2.224373245239257812e+01
2.182292747497558594e+01
2.190596771240234375e+01
2.197907829284667969e+01
2.241479682922363281e+01
2.251253700256347656e+01
2.268415641784667969e+01
2.267417907714843750e+01
2.258387756347656250e+01
2.268836212158203125e+01
2.295861816406250000e+01
2.307212638854980469e+01
2.310006713867187500e+01
2.301584434509277344e+01
2.289016723632812500e+01
2.278674888610839844e+01
2.246279716491699219e+01
2.259120750427246094e+01
2.263306045532226562e+01
2.262448692321777344e+01
2.236875724792480469e+01
2.241329956054687500e+01
2.247372055053710938e+01
2.260406494140625000e+01
2.274316978454589844e+01
2.300779724121093750e+01
2.327638626098632812e+01
2.354893112182617188e+01
2.378920364379882812e+01
2.389884567260742188e+01
2.402727890014648438e+01
2.372744750976562500e+01
2.337574768066406250e+01
2.296591758728027344e+01
2.270970726013183594e+01
2.257410049438476562e+01
2.255528450012207031e+01
2.251793479919433594e+01
2.228984069824218750e+01
2.218755531311035156e+01
2.211636734008789062e+01
2.226817512512207031e+01
2.238067436218261719e+01
2.276512718200683594e+01
2.282491683959960938e+01
2.313069915771484375e+01
2.294803237915039062e+01
2.272623443603515625e+01
2.251715469360351562e+01
2.234500885009765625e+01
2.231051445007324219e+01
2.227721977233886719e+01
2.213349723815917969e+01
2.197510147094726562e+01
2.195442771911621094e+01
2.181223678588867188e+01
2.188805770874023438e+01
2.184935379028320312e+01
2.199497604370117188e+01
2.183070373535156250e+01
2.149406242370605469e+01
2.130699539184570312e+01
2.130136108398437500e+01
2.162157058715820312e+01
2.172093200683593750e+01
2.168799209594726562e+01
2.162843322753906250e+01
2.167690849304199219e+01
2.169841194152832031e+01
2.176357078552246094e+01
2.178920364379882812e+01
2.164906120300292969e+01
2.154737472534179688e+01
2.152376365661621094e+01
2.168991470336914062e+01
2.261711311340332031e+01
2.302424621582031250e+01
2.277982139587402344e+01
2.164351463317871094e+01
