3.295607376098632812e+01
3.291988754272460938e+01
3.280829620361328125e+01
3.278256988525390625e+01
3.277667999267578125e+01
3.292427444458007812e+01
3.318548202514648438e+01
3.328902053833007812e+01
3.301493835449218750e+01
3.274155426025390625e+01
3.253204727172851562e+01
3.250333023071289062e+01
3.264316940307617188e+01
3.274419784545898438e+01
3.268395996093750000e+01
3.271006011962890625e+01
3.284298706054687500e+01
3.286854553222656250e+01
3.284566116333007812e+01
3.274150466918945312e+01
3.269141769409179688e+01
3.266979980468750000e+01
3.268623352050781250e+01
3.250101470947265625e+01
3.223707962036132812e+01
3.226957702636718750e+01
3.237855529785156250e+01
3.253631973266601562e+01
3.263283538818359375e+01
3.268345260620117188e+01
3.276193237304687500e+01
3.281025695800781250e+01
3.289720916748046875e+01
3.282883071899414062e+01
3.277986907958984375e+01
3.306835174560546875e+01
3.322747421264648438e+01
3.323070144653320312e+01
3.333532333374023438e+01
3.369612121582031250e+01
3.375492858886718750e+01
3.369136428833007812e+01
3.349354934692382812e+01
3.328186798095703125e+01
3.320335388183593750e+01
3.326491546630859375e+01
3.345101165771484375e+01
3.313786315917968750e+01
3.305449676513671875e+01
3.337129211425781250e+01
3.411251068115234375e+01
3.394134140014648438e+01
3.299948120117187500e+01
3.280082702636718750e+01
3.276223754882812500e+01
3.270964813232421875e+01
3.279355239868164062e+01
3.292796707153320312e+01
3.301153564453125000e+01
3.308927154541015625e+01
3.334239196777343750e+01
3.370037460327148438e+01
3.370105743408203125e+01
3.374354934692382812e+01
3.353422164916992188e+01
3.336370468139648438e+01
3.341404342651367188e+01
3.348345565795898438e+01
3.354624176025390625e+01
3.328468322753906250e+01
3.298273086547851562e+01
3.268738555908203125e+01
3.257080459594726562e+01
3.246095657348632812e+01
3.243571472167968750e+01
3.248828887939453125e+01
3.243254470825195312e+01
3.232735443115234375e+01
3.232610702514648438e+01
3.238881683349609375e+01
3.255013275146484375e+01
3.270560073852539062e+01
3.278947067260742188e+01
3.276098632812500000e+01
3.269970703125000000e+01
3.266064453125000000e+01
3.278329849243164062e+01
3.285956192016601562e+01
3.273861312866210938e+01
3.268787384033203125e+01
3.261412811279296875e+01
3.254865646362304688e+01
3.257692337036132812e+01
3.261457824707031250e+01
3.290636444091796875e+01
3.290582656860351562e+01
3.320581054687500000e+01
3.374235534667968750e+01
3.396491241455078125e+01
3.381874465942382812e+01
3.373885726928710938e+01
3.358708190917968750e+01
3.337380218505859375e+01
3.278548431396484375e+01
3.248089599609375000e+01
3.265371322631835938e+01
