2.631831550598144531e+01
2.624952316284179688e+01
2.626116371154785156e+01
2.612887382507324219e+01
2.606462287902832031e+01
2.617041397094726562e+01
2.631270980834960938e+01
2.645804405212402344e+01
2.635750198364257812e+01
2.635901260375976562e+01
2.635766410827636719e+01
2.624053573608398438e+01
2.626009941101074219e+01
2.626338195800781250e+01
2.632744407653808594e+01
2.628308677673339844e+01
2.621912193298339844e+01
2.621574020385742188e+01
2.619458389282226562e+01
2.622953987121582031e+01
2.628183555603027344e+01
2.631198120117187500e+01
2.648844909667968750e+01
2.662413597106933594e+01
2.677744674682617188e+01
2.678388786315917969e+01
2.674203491210937500e+01
2.669048309326171875e+01
2.669999504089355469e+01
2.674154090881347656e+01
2.671055221557617188e+01
2.669207763671875000e+01
2.660211944580078125e+01
2.656141853332519531e+01
2.650320625305175781e+01
2.640407562255859375e+01
2.625715255737304688e+01
2.616577911376953125e+01
2.609471702575683594e+01
2.608076667785644531e+01
2.599069976806640625e+01
2.597060203552246094e+01
2.598490333557128906e+01
2.599124336242675781e+01
2.602168273925781250e+01
2.606025886535644531e+01
2.608364868164062500e+01
2.605646705627441406e+01
2.596445846557617188e+01
2.588537025451660156e+01
2.574030494689941406e+01
2.560281944274902344e+01
2.548907852172851562e+01
2.545182037353515625e+01
2.552850914001464844e+01
2.554086875915527344e+01
2.560622596740722656e+01
2.561447334289550781e+01
2.556913375854492188e+01
2.553216934204101562e+01
2.546846389770507812e+01
2.541684150695800781e+01
2.534332656860351562e+01
2.528068542480468750e+01
2.519725799560546875e+01
2.520433235168457031e+01
2.524726104736328125e+01
2.528425788879394531e+01
2.521255493164062500e+01
2.513933944702148438e+01
2.507820701599121094e+01
2.499805450439453125e+01
2.488824462890625000e+01
2.492417335510253906e+01
2.500337791442871094e+01
2.507298278808593750e+01
2.516196441650390625e+01
2.509207725524902344e+01
2.495558357238769531e+01
2.484505462646484375e+01
2.474210739135742188e+01
2.472861480712890625e+01
2.475037765502929688e+01
2.489266204833984375e+01
2.507262420654296875e+01
2.512530899047851562e+01
2.523990058898925781e+01
2.519048309326171875e+01
2.515557479858398438e+01
2.482483100891113281e+01
2.462895774841308594e+01
2.457871437072753906e+01
2.429962348937988281e+01
2.452127075195312500e+01
2.485488700866699219e+01
2.503201675415039062e+01
2.493621253967285156e+01
2.457729148864746094e+01
2.461031913757324219e+01
2.451423835754394531e+01
2.476877975463867188e+01
2.535752296447753906e+01
2.537269592285156250e+01
