3.237741851806640625e+01
3.217083740234375000e+01
3.213981246948242188e+01
3.266758346557617188e+01
3.292801666259765625e+01
3.296432113647460938e+01
3.302188110351562500e+01
3.293486022949218750e+01
3.251271438598632812e+01
3.215182876586914062e+01
3.190472984313964844e+01
3.167773056030273438e+01
3.158419609069824219e+01
3.164567375183105469e+01
3.164745712280273438e+01
3.192169380187988281e+01
3.233104324340820312e+01
3.245902633666992188e+01
3.244397354125976562e+01
3.240882110595703125e+01
3.228174209594726562e+01
3.212206649780273438e+01
3.204712295532226562e+01
3.192976760864257812e+01
3.201508712768554688e+01
3.229325103759765625e+01
3.239756011962890625e+01
3.230374145507812500e+01
3.215354156494140625e+01
3.204173660278320312e+01
3.207663726806640625e+01
3.214378356933593750e+01
3.233485412597656250e+01
3.242936325073242188e+01
3.236294174194335938e+01
3.204378890991210938e+01
3.167697143554687500e+01
3.150410461425781250e+01
3.159791946411132812e+01
3.184373283386230469e+01
3.182342720031738281e+01
3.160138130187988281e+01
3.126987266540527344e+01
3.095589828491210938e+01
3.094800567626953125e+01
3.109642982482910156e+01
3.111627578735351562e+01
3.103794670104980469e+01
3.096767234802246094e+01
3.104175949096679688e+01
3.123689079284667969e+01
3.133934974670410156e+01
3.136727333068847656e+01
3.132454872131347656e+01
3.136730766296386719e+01
3.139810752868652344e+01
3.141468238830566406e+01
3.130569267272949219e+01
3.128543472290039062e+01
3.132915878295898438e+01
3.130880928039550781e+01
3.139586067199707031e+01
3.145943260192871094e+01
3.151017570495605469e+01
3.149819946289062500e+01
3.147618484497070312e+01
3.155522155761718750e+01
3.176607322692871094e+01
3.163263511657714844e+01
3.163088798522949219e+01
3.164838600158691406e+01
3.146678733825683594e+01
3.128780555725097656e+01
3.115478324890136719e+01
3.121507835388183594e+01
3.098155975341796875e+01
3.079089736938476562e+01
3.057592582702636719e+01
3.081926918029785156e+01
3.095726203918457031e+01
3.093505668640136719e+01
3.096489906311035156e+01
3.088243865966796875e+01
3.097529029846191406e+01
3.145954513549804688e+01
3.163717460632324219e+01
3.158951377868652344e+01
3.144998359680175781e+01
3.140126228332519531e+01
3.143939018249511719e+01
3.143922805786132812e+01
3.163006401062011719e+01
3.152067565917968750e+01
3.137915039062500000e+01
3.137779617309570312e+01
3.157655143737792969e+01
3.179501914978027344e+01
3.202325820922851562e+01
3.204154968261718750e+01
3.198498535156250000e+01
3.198439025878906250e+01
3.204280853271484375e+01
3.185330772399902344e+01
