3.762553787231445312e+01
3.754217147827148438e+01
3.760565948486328125e+01
3.809920501708984375e+01
3.802008438110351562e+01
3.733754348754882812e+01
3.712789154052734375e+01
3.728558731079101562e+01
3.686573791503906250e+01
3.660825347900390625e+01
3.683627700805664062e+01
3.598533248901367188e+01
3.525841140747070312e+01
3.475548171997070312e+01
3.440245056152343750e+01
3.459175491333007812e+01
3.495824813842773438e+01
3.521894073486328125e+01
3.571723937988281250e+01
3.582578659057617188e+01
3.602066040039062500e+01
3.613977432250976562e+01
3.641483306884765625e+01
3.631255722045898438e+01
3.598072052001953125e+01
3.571183013916015625e+01
3.547742080688476562e+01
3.547913742065429688e+01
3.557556915283203125e+01
3.548558044433593750e+01
3.488019180297851562e+01
3.437862777709960938e+01
3.418198013305664062e+01
3.445443725585937500e+01
3.488432312011718750e+01
3.511655807495117188e+01
3.529737854003906250e+01
3.527257537841796875e+01
3.536323547363281250e+01
3.538739013671875000e+01
3.521645736694335938e+01
3.508307647705078125e+01
3.506642150878906250e+01
3.523353195190429688e+01
3.585320281982421875e+01
3.556982803344726562e+01
3.501859283447265625e+01
3.524786758422851562e+01
3.535797119140625000e+01
3.528802108764648438e+01
3.542603302001953125e+01
3.451622390747070312e+01
3.462363433837890625e+01
3.539979934692382812e+01
3.583878707885742188e+01
3.591743087768554688e+01
3.583385467529296875e+01
3.523303985595703125e+01
3.505030059814453125e+01
3.516327285766601562e+01
3.524920654296875000e+01
3.517245101928710938e+01
3.557034683227539062e+01
3.587305831909179688e+01
3.572529602050781250e+01
3.544417953491210938e+01
3.499518203735351562e+01
3.449662780761718750e+01
3.462689971923828125e+01
3.485962677001953125e+01
3.420834350585937500e+01
3.424064636230468750e+01
3.450192642211914062e+01
3.469393157958984375e+01
3.473497772216796875e+01
3.471871948242187500e+01
3.479045104980468750e+01
3.510199356079101562e+01
3.549309158325195312e+01
3.578965377807617188e+01
3.597892379760742188e+01
3.560341644287109375e+01
3.494576263427734375e+01
3.458261871337890625e+01
3.514144515991210938e+01
3.538708877563476562e+01
3.567053985595703125e+01
3.537241363525390625e+01
3.501728057861328125e+01
3.520806884765625000e+01
3.595402526855468750e+01
3.624310302734375000e+01
3.664709472656250000e+01
3.711670684814453125e+01
3.758033752441406250e+01
3.761633682250976562e+01
3.746041107177734375e+01
3.713727951049804688e+01
3.700835418701171875e+01
3.699019241333007812e+01
3.654299163818359375e+01
3.646332550048828125e+01
3.651774597167968750e+01
3.626781463623046875e+01
