3.683051300048828125e+01
3.703352355957031250e+01
3.718760681152343750e+01
3.725623321533203125e+01
3.734841156005859375e+01
3.747984313964843750e+01
3.760911560058593750e+01
3.757417297363281250e+01
3.743500137329101562e+01
3.741765213012695312e+01
3.752341461181640625e+01
3.754387664794921875e+01
3.756102752685546875e+01
3.755168533325195312e+01
3.754409408569335938e+01
3.763302230834960938e+01
3.753338241577148438e+01
3.725671386718750000e+01
3.675518035888671875e+01
3.657576370239257812e+01
3.686700439453125000e+01
3.692249298095703125e+01
3.702593612670898438e+01
3.715272521972656250e+01
3.721112442016601562e+01
3.716363143920898438e+01
3.704359817504882812e+01
3.699916839599609375e+01
3.718168258666992188e+01
3.734781265258789062e+01
3.753310394287109375e+01
3.768902969360351562e+01
3.774045181274414062e+01
3.776143646240234375e+01
3.757764434814453125e+01
3.737401962280273438e+01
3.737346649169921875e+01
3.747422790527343750e+01
3.746525192260742188e+01
3.736732482910156250e+01
3.731529235839843750e+01
3.739536666870117188e+01
3.752452850341796875e+01
3.761917114257812500e+01
3.745175552368164062e+01
3.731573867797851562e+01
3.716348266601562500e+01
3.724481964111328125e+01
3.726810073852539062e+01
3.710923385620117188e+01
3.715112304687500000e+01
3.728569030761718750e+01
3.731417083740234375e+01
3.744313812255859375e+01
3.738590621948242188e+01
3.726242828369140625e+01
3.722448348999023438e+01
3.716569137573242188e+01
3.708953857421875000e+01
3.700046157836914062e+01
3.686461257934570312e+01
3.681480407714843750e+01
3.675080871582031250e+01
3.672688293457031250e+01
3.681284332275390625e+01
3.708139801025390625e+01
3.738568878173828125e+01
3.740630340576171875e+01
3.738296508789062500e+01
3.726331329345703125e+01
3.706768417358398438e+01
3.696599960327148438e+01
3.679362487792968750e+01
3.673454284667968750e+01
3.676148223876953125e+01
3.668945693969726562e+01
3.679950332641601562e+01
3.690846252441406250e+01
3.656924819946289062e+01
3.553084945678710938e+01
3.518820190429687500e+01
3.588716125488281250e+01
3.642067718505859375e+01
3.681394577026367188e+01
3.663913345336914062e+01
3.698546600341796875e+01
3.664470672607421875e+01
3.691680145263671875e+01
3.726015472412109375e+01
3.717594528198242188e+01
3.700955581665039062e+01
3.692771911621093750e+01
3.693405914306640625e+01
3.689965057373046875e+01
3.688440322875976562e+01
3.675030899047851562e+01
3.646007156372070312e+01
3.647731781005859375e+01
3.607691574096679688e+01
3.497049331665039062e+01
3.465787506103515625e+01
3.477314376831054688e+01
