3.781687927246093750e+01
3.779743957519531250e+01
3.779291534423828125e+01
3.792334365844726562e+01
3.771532058715820312e+01
3.719564819335937500e+01
3.689882278442382812e+01
3.736546707153320312e+01
3.759243392944335938e+01
3.749759674072265625e+01
3.791061019897460938e+01
3.780852508544921875e+01
3.733406066894531250e+01
3.751612854003906250e+01
3.806211090087890625e+01
3.813744354248046875e+01
3.807094192504882812e+01
3.791923904418945312e+01
3.757168197631835938e+01
3.702592849731445312e+01
3.656529235839843750e+01
3.633929824829101562e+01
3.623542785644531250e+01
3.605801010131835938e+01
3.622068405151367188e+01
3.714324951171875000e+01
3.721314239501953125e+01
3.618804168701171875e+01
3.582853317260742188e+01
3.569131851196289062e+01
3.685968399047851562e+01
3.790064239501953125e+01
3.815929794311523438e+01
3.827939224243164062e+01
3.817426300048828125e+01
3.809483337402343750e+01
3.811902236938476562e+01
3.806314468383789062e+01
3.766799163818359375e+01
3.700114059448242188e+01
3.613036346435546875e+01
3.658320617675781250e+01
3.744020462036132812e+01
3.698142242431640625e+01
3.618750000000000000e+01
3.725308990478515625e+01
3.734183120727539062e+01
3.663365554809570312e+01
3.668783569335937500e+01
3.636809921264648438e+01
3.496100234985351562e+01
3.511208343505859375e+01
3.481319808959960938e+01
3.472981262207031250e+01
3.471634674072265625e+01
3.534946060180664062e+01
3.722427749633789062e+01
3.754494857788085938e+01
3.711321640014648438e+01
3.702849960327148438e+01
3.697274780273437500e+01
3.739731979370117188e+01
3.796045303344726562e+01
3.794983673095703125e+01
3.792967987060546875e+01
3.799618911743164062e+01
3.798943328857421875e+01
3.786630249023437500e+01
3.770147705078125000e+01
3.728755569458007812e+01
3.688433074951171875e+01
3.671175765991210938e+01
3.718210601806640625e+01
3.741054153442382812e+01
3.733462905883789062e+01
3.729381942749023438e+01
3.721364593505859375e+01
3.697282028198242188e+01
3.756116867065429688e+01
3.781708526611328125e+01
3.793759536743164062e+01
3.790217208862304688e+01
3.784133148193359375e+01
3.791191101074218750e+01
3.798256301879882812e+01
3.799066162109375000e+01
3.791547012329101562e+01
3.785443496704101562e+01
3.785258483886718750e+01
3.781040573120117188e+01
3.776684570312500000e+01
3.769544601440429688e+01
3.764341354370117188e+01
3.768766021728515625e+01
3.753628158569335938e+01
3.714804458618164062e+01
3.616970062255859375e+01
3.512756729125976562e+01
3.503152465820312500e+01
3.498363113403320312e+01
3.583193206787109375e+01
3.551171112060546875e+01
3.525883102416992188e+01
