3.664003372192382812e+01
3.668380355834960938e+01
3.719956588745117188e+01
3.719709777832031250e+01
3.720165252685546875e+01
3.704489135742187500e+01
3.704203414916992188e+01
3.700154113769531250e+01
3.744542694091796875e+01
3.738425445556640625e+01
3.753125762939453125e+01
3.766964340209960938e+01
3.780242919921875000e+01
3.793543243408203125e+01
3.797236251831054688e+01
3.772066116333007812e+01
3.757035446166992188e+01
3.759095001220703125e+01
3.736181259155273438e+01
3.723662185668945312e+01
3.672415161132812500e+01
3.674114608764648438e+01
3.723105621337890625e+01
3.767338562011718750e+01
3.804319000244140625e+01
3.790200424194335938e+01
3.769463348388671875e+01
3.757495498657226562e+01
3.756740570068359375e+01
3.762818908691406250e+01
3.788822937011718750e+01
3.803762435913085938e+01
3.816539001464843750e+01
3.809603881835937500e+01
3.805187606811523438e+01
3.798183059692382812e+01
3.805510330200195312e+01
3.797991943359375000e+01
3.797378921508789062e+01
3.813148498535156250e+01
3.815095520019531250e+01
3.807162857055664062e+01
3.809870910644531250e+01
3.816948699951171875e+01
3.810736846923828125e+01
3.798077392578125000e+01
3.774254608154296875e+01
3.783427047729492188e+01
3.791550445556640625e+01
3.785416793823242188e+01
3.786464309692382812e+01
3.769716262817382812e+01
3.770222854614257812e+01
3.763674545288085938e+01
3.748929977416992188e+01
3.763615417480468750e+01
3.756365203857421875e+01
3.747112274169921875e+01
3.779762268066406250e+01
3.781429290771484375e+01
3.801639556884765625e+01
3.798487091064453125e+01
3.762287521362304688e+01
3.766906356811523438e+01
3.776745986938476562e+01
3.767160415649414062e+01
3.761644744873046875e+01
3.764682388305664062e+01
3.754597473144531250e+01
3.724571990966796875e+01
3.714014816284179688e+01
3.711052703857421875e+01
3.725833511352539062e+01
3.737186050415039062e+01
3.677413177490234375e+01
3.640179443359375000e+01
3.687815475463867188e+01
3.748756790161132812e+01
3.747664260864257812e+01
3.773433685302734375e+01
3.793848037719726562e+01
3.779272460937500000e+01
3.752027130126953125e+01
3.733816146850585938e+01
3.728014755249023438e+01
3.717991638183593750e+01
3.693286895751953125e+01
3.721454238891601562e+01
3.748480224609375000e+01
3.738841247558593750e+01
3.740584564208984375e+01
3.724229431152343750e+01
3.704211044311523438e+01
3.679821777343750000e+01
3.669432830810546875e+01
3.685250854492187500e+01
3.725125885009765625e+01
3.750457000732421875e+01
3.744411849975585938e+01
3.752462768554687500e+01
3.741984939575195312e+01
3.737767410278320312e+01
3.721872329711914062e+01
