2.750737380981445312e+01
2.761799240112304688e+01
2.779674720764160156e+01
2.803303146362304688e+01
2.821724128723144531e+01
2.893135070800781250e+01
2.950294303894042969e+01
2.964856529235839844e+01
3.000944709777832031e+01
3.026965522766113281e+01
3.024588584899902344e+01
2.989003944396972656e+01
2.954906463623046875e+01
2.939623832702636719e+01
2.954229927062988281e+01
2.937809181213378906e+01
2.937280654907226562e+01
2.934240150451660156e+01
2.918276596069335938e+01
2.917206764221191406e+01
2.927827835083007812e+01
2.928112602233886719e+01
2.933124923706054688e+01
2.892965888977050781e+01
2.828362274169921875e+01
2.815163612365722656e+01
2.831185531616210938e+01
2.838194465637207031e+01
2.854746246337890625e+01
2.864834213256835938e+01
2.857921028137207031e+01
2.861494445800781250e+01
2.877366828918457031e+01
2.892785453796386719e+01
2.903711318969726562e+01
2.911728096008300781e+01
2.878026962280273438e+01
2.848797035217285156e+01
2.844463729858398438e+01
2.836125183105468750e+01
2.825190544128417969e+01
2.837726211547851562e+01
2.821431732177734375e+01
2.842555236816406250e+01
2.863485908508300781e+01
2.874027442932128906e+01
2.854154014587402344e+01
2.824014282226562500e+01
2.846001052856445312e+01
2.871833229064941406e+01
2.880970001220703125e+01
2.908317184448242188e+01
2.950435829162597656e+01
2.977610588073730469e+01
2.999845886230468750e+01
3.009710693359375000e+01
3.007614326477050781e+01
2.982966995239257812e+01
2.959798049926757812e+01
2.931183242797851562e+01
2.921706199645996094e+01
2.938751983642578125e+01
2.938452720642089844e+01
2.952005195617675781e+01
2.968077278137207031e+01
2.961955642700195312e+01
2.957547187805175781e+01
2.959606552124023438e+01
3.002477264404296875e+01
3.021815299987792969e+01
3.024549293518066406e+01
3.019926071166992188e+01
3.009133148193359375e+01
3.013813972473144531e+01
3.006232833862304688e+01
2.996334266662597656e+01
2.990390777587890625e+01
2.959577751159667969e+01
2.917554092407226562e+01
2.880556869506835938e+01
2.867144203186035156e+01
2.882223129272460938e+01
2.891903305053710938e+01
2.855480003356933594e+01
2.824956321716308594e+01
2.829896545410156250e+01
2.855147933959960938e+01
2.868381500244140625e+01
2.874689102172851562e+01
2.895810699462890625e+01
2.909002304077148438e+01
2.903414535522460938e+01
2.939487075805664062e+01
2.960120582580566406e+01
2.942650413513183594e+01
2.962471580505371094e+01
3.000084686279296875e+01
3.073358917236328125e+01
3.112195777893066406e+01
3.117325210571289062e+01
3.110339546203613281e+01
3.135023498535156250e+01
3.164523315429687500e+01
3.172412872314453125e+01
3.179762268066406250e+01
