3.500806808471679688e+01
3.517529678344726562e+01
3.553379058837890625e+01
3.551604843139648438e+01
3.504652023315429688e+01
3.492607498168945312e+01
3.468964767456054688e+01
3.498852920532226562e+01
3.527229309082031250e+01
3.564509582519531250e+01
3.584686279296875000e+01
3.570547485351562500e+01
3.574652099609375000e+01
3.561568069458007812e+01
3.596500778198242188e+01
3.582096481323242188e+01
3.586386489868164062e+01
3.622542953491210938e+01
3.623035430908203125e+01
3.625008773803710938e+01
3.624728393554687500e+01
3.626776885986328125e+01
3.616979598999023438e+01
3.594950103759765625e+01
3.536304092407226562e+01
3.501825332641601562e+01
3.532840347290039062e+01
3.591802978515625000e+01
3.603724288940429688e+01
3.555235290527343750e+01
3.514564895629882812e+01
3.496193695068359375e+01
3.497396850585937500e+01
3.482728958129882812e+01
3.467825317382812500e+01
3.481395721435546875e+01
3.508992385864257812e+01
3.530107116699218750e+01
3.538084793090820312e+01
3.561020278930664062e+01
3.542762756347656250e+01
3.552056503295898438e+01
3.576132202148437500e+01
3.591221237182617188e+01
3.594442749023437500e+01
3.583863067626953125e+01
3.594465255737304688e+01
3.598873138427734375e+01
3.627429962158203125e+01
3.646377182006835938e+01
3.651868438720703125e+01
3.671702194213867188e+01
3.709691238403320312e+01
3.730089569091796875e+01
3.725590896606445312e+01
3.718247985839843750e+01
3.721819305419921875e+01
3.729663085937500000e+01
3.740258789062500000e+01
3.750999069213867188e+01
3.748253631591796875e+01
3.759445571899414062e+01
3.786412811279296875e+01
3.792609405517578125e+01
3.786740875244140625e+01
3.760701370239257812e+01
3.707773971557617188e+01
3.648821640014648438e+01
3.608533859252929688e+01
3.608192062377929688e+01
3.652033615112304688e+01
3.698095703125000000e+01
3.676011657714843750e+01
3.698906326293945312e+01
3.738270950317382812e+01
3.780265808105468750e+01
3.809933853149414062e+01
3.808138275146484375e+01
3.797853469848632812e+01
3.789807128906250000e+01
3.760055160522460938e+01
3.718223571777343750e+01
3.690130615234375000e+01
3.689672088623046875e+01
3.687141036987304688e+01
3.659099578857421875e+01
3.626695251464843750e+01
3.519780349731445312e+01
3.458685302734375000e+01
3.414780044555664062e+01
3.396473693847656250e+01
