3.609883117675781250e+01
3.676560211181640625e+01
3.714154434204101562e+01
3.725880432128906250e+01
3.694675827026367188e+01
3.663374328613281250e+01
3.674641799926757812e+01
3.585244369506835938e+01
3.456472015380859375e+01
3.399009704589843750e+01
3.493487548828125000e+01
3.694784545898437500e+01
3.736122894287109375e+01
3.735927963256835938e+01
3.725560379028320312e+01
3.691448593139648438e+01
3.663195800781250000e+01
3.667647933959960938e+01
3.682110214233398438e+01
3.728556442260742188e+01
3.750948715209960938e+01
3.765945053100585938e+01
3.765322494506835938e+01
3.702290725708007812e+01
3.672017669677734375e+01
3.654044342041015625e+01
3.682330322265625000e+01
3.697301483154296875e+01
3.716159439086914062e+01
3.696274185180664062e+01
3.719486236572265625e+01
3.742828750610351562e+01
3.720153427124023438e+01
3.693375015258789062e+01
3.636997985839843750e+01
3.618479156494140625e+01
3.604154968261718750e+01
3.570593261718750000e+01
3.563094329833984375e+01
3.608802032470703125e+01
3.636672973632812500e+01
3.684005737304687500e+01
3.720901870727539062e+01
3.729658508300781250e+01
3.722969436645507812e+01
3.715708541870117188e+01
3.708339309692382812e+01
3.669749832153320312e+01
3.618680191040039062e+01
3.619400405883789062e+01
3.685872268676757812e+01
3.685561752319335938e+01
3.681418991088867188e+01
3.679112625122070312e+01
3.703284454345703125e+01
3.679782867431640625e+01
3.650009536743164062e+01
3.638312530517578125e+01
3.645148468017578125e+01
3.601849746704101562e+01
3.591194915771484375e+01
3.580999374389648438e+01
3.510566711425781250e+01
3.522293853759765625e+01
3.581526184082031250e+01
3.604235458374023438e+01
3.599470138549804688e+01
3.636500930786132812e+01
3.641314315795898438e+01
3.621464157104492188e+01
3.608372879028320312e+01
3.600341033935546875e+01
3.563111495971679688e+01
3.557732009887695312e+01
3.583935928344726562e+01
3.613946914672851562e+01
3.604816436767578125e+01
3.615976715087890625e+01
3.645198822021484375e+01
3.654120635986328125e+01
3.640833282470703125e+01
3.661467361450195312e+01
3.693762207031250000e+01
3.693616104125976562e+01
3.658987808227539062e+01
3.634086990356445312e+01
3.651758193969726562e+01
3.672491836547851562e+01
3.690892410278320312e+01
3.729737472534179688e+01
3.734001541137695312e+01
3.699371337890625000e+01
3.673903274536132812e+01
3.606251907348632812e+01
3.674870300292968750e+01
3.678184509277343750e+01
3.662473678588867188e+01
3.544727706909179688e+01
3.548135375976562500e+01
3.585391616821289062e+01
