3.645382308959960938e+01
3.686514282226562500e+01
3.681862640380859375e+01
3.688927459716796875e+01
3.702740478515625000e+01
3.724291992187500000e+01
3.725926971435546875e+01
3.744290924072265625e+01
3.755813598632812500e+01
3.739318466186523438e+01
3.732425308227539062e+01
3.738690948486328125e+01
3.736294937133789062e+01
3.727460861206054688e+01
3.723527145385742188e+01
3.713494873046875000e+01
3.684565734863281250e+01
3.684030532836914062e+01
3.715108489990234375e+01
3.725205230712890625e+01
3.712659072875976562e+01
3.727687454223632812e+01
3.762178039550781250e+01
3.757323074340820312e+01
3.753102111816406250e+01
3.741328048706054688e+01
3.769614410400390625e+01
3.780918121337890625e+01
3.772936630249023438e+01
3.789825057983398438e+01
3.793305587768554688e+01
3.778375244140625000e+01
3.789918899536132812e+01
3.796159744262695312e+01
3.801612854003906250e+01
3.794833374023437500e+01
3.771156692504882812e+01
3.749788284301757812e+01
3.722147369384765625e+01
3.731189346313476562e+01
3.746240234375000000e+01
3.756773376464843750e+01
3.770410156250000000e+01
3.804388809204101562e+01
3.812404251098632812e+01
3.806798934936523438e+01
3.773372268676757812e+01
3.762474822998046875e+01
3.768711090087890625e+01
3.782631683349609375e+01
3.771256637573242188e+01
3.785898590087890625e+01
3.780421447753906250e+01
3.797178649902343750e+01
3.812206649780273438e+01
3.825688552856445312e+01
3.832477188110351562e+01
3.844933700561523438e+01
3.831727218627929688e+01
3.816569137573242188e+01
3.800265884399414062e+01
3.777631378173828125e+01
3.769872665405273438e+01
3.776589202880859375e+01
3.765277099609375000e+01
3.780859756469726562e+01
3.796853256225585938e+01
3.819253921508789062e+01
3.820973205566406250e+01
3.813628387451171875e+01
3.770458602905273438e+01
3.725383758544921875e+01
3.706168746948242188e+01
3.717121887207031250e+01
3.723652267456054688e+01
3.706195831298828125e+01
3.675435256958007812e+01
3.719426345825195312e+01
3.742251968383789062e+01
3.737239837646484375e+01
3.696875381469726562e+01
3.685613632202148438e+01
3.719869995117187500e+01
3.734600448608398438e+01
3.735271835327148438e+01
3.722004318237304688e+01
3.737340545654296875e+01
3.742435836791992188e+01
3.760716629028320312e+01
3.762708663940429688e+01
3.797905349731445312e+01
3.808763885498046875e+01
3.781724166870117188e+01
3.758489227294921875e+01
3.741660690307617188e+01
3.750006103515625000e+01
3.761556243896484375e+01
3.768200683593750000e+01
3.792615509033203125e+01
3.822216033935546875e+01
3.799704360961914062e+01
