3.424488067626953125e+01
3.495581436157226562e+01
3.443872070312500000e+01
3.447389984130859375e+01
3.509024810791015625e+01
3.659513092041015625e+01
3.585538482666015625e+01
3.515066146850585938e+01
3.534798431396484375e+01
3.575519561767578125e+01
3.680245590209960938e+01
3.735336303710937500e+01
3.743677139282226562e+01
3.736192703247070312e+01
3.721402740478515625e+01
3.680657958984375000e+01
3.688932037353515625e+01
3.670740509033203125e+01
3.634732055664062500e+01
3.576837158203125000e+01
3.536279678344726562e+01
3.559944152832031250e+01
3.576329803466796875e+01
3.584431457519531250e+01
3.604679107666015625e+01
3.711477279663085938e+01
3.694674301147460938e+01
3.623627471923828125e+01
3.552497100830078125e+01
3.537496185302734375e+01
3.539147949218750000e+01
3.492634963989257812e+01
3.475583267211914062e+01
3.439599990844726562e+01
3.417684936523437500e+01
3.401624679565429688e+01
3.416006469726562500e+01
3.437874603271484375e+01
3.468795013427734375e+01
3.472294998168945312e+01
3.467102432250976562e+01
3.467844390869140625e+01
3.493605422973632812e+01
3.511145401000976562e+01
3.461562347412109375e+01
3.439877319335937500e+01
3.418187332153320312e+01
3.400001907348632812e+01
3.406014633178710938e+01
3.411979675292968750e+01
3.411091995239257812e+01
3.417570495605468750e+01
3.433327865600585938e+01
3.434463500976562500e+01
3.430857467651367188e+01
3.437981033325195312e+01
3.458330154418945312e+01
3.470371627807617188e+01
3.478099060058593750e+01
3.477568435668945312e+01
3.471646118164062500e+01
3.490792465209960938e+01
3.540951919555664062e+01
3.594907760620117188e+01
3.565671539306640625e+01
3.543532562255859375e+01
3.535577392578125000e+01
3.543135070800781250e+01
3.578347396850585938e+01
3.664522552490234375e+01
3.659379577636718750e+01
3.629695510864257812e+01
3.570497894287109375e+01
3.559230422973632812e+01
3.597094726562500000e+01
3.648300933837890625e+01
3.582740020751953125e+01
3.533617019653320312e+01
3.536598968505859375e+01
3.554751205444335938e+01
3.628295898437500000e+01
3.605450057983398438e+01
3.612614822387695312e+01
3.684763336181640625e+01
3.714074325561523438e+01
3.706779479980468750e+01
3.702357482910156250e+01
3.698627090454101562e+01
3.710455322265625000e+01
3.702338790893554688e+01
3.434809875488281250e+01
3.408702087402343750e+01
