2.945101737976074219e+01
2.882096290588378906e+01
2.950643920898437500e+01
2.915227127075195312e+01
2.842977523803710938e+01
2.803300666809082031e+01
2.814517021179199219e+01
2.822818183898925781e+01
2.822541427612304688e+01
2.870401763916015625e+01
2.916839027404785156e+01
2.915963745117187500e+01
2.892274284362792969e+01
2.878450775146484375e+01
2.882370376586914062e+01
2.884973144531250000e+01
2.869698143005371094e+01
2.871702575683593750e+01
2.856872749328613281e+01
2.843108177185058594e+01
2.847802543640136719e+01
2.852592086791992188e+01
2.861143875122070312e+01
2.861008453369140625e+01
2.849128723144531250e+01
2.839952659606933594e+01
2.874510192871093750e+01
2.898625755310058594e+01
2.907009124755859375e+01
2.861175346374511719e+01
2.833798408508300781e+01
2.837497138977050781e+01
2.858865547180175781e+01
2.882307434082031250e+01
2.889055824279785156e+01
2.884701156616210938e+01
2.895267868041992188e+01
2.878860473632812500e+01
2.850940513610839844e+01
2.831888771057128906e+01
2.839064788818359375e+01
2.836691665649414062e+01
2.829207420349121094e+01
2.821643829345703125e+01
2.807501411437988281e+01
2.793041229248046875e+01
2.791481590270996094e+01
2.792781257629394531e+01
2.791312980651855469e+01
2.786899757385253906e+01
2.773565101623535156e+01
2.768269157409667969e+01
2.767322731018066406e+01
2.769929885864257812e+01
2.763934326171875000e+01
2.759951591491699219e+01
2.760110664367675781e+01
2.768675422668457031e+01
2.781244850158691406e+01
2.778009033203125000e+01
2.777427291870117188e+01
2.780008125305175781e+01
2.786830711364746094e+01
2.803467178344726562e+01
2.818807792663574219e+01
2.823735618591308594e+01
2.828123664855957031e+01
2.823589706420898438e+01
2.816139411926269531e+01
2.807274246215820312e+01
2.795538711547851562e+01
2.776494598388671875e+01
2.764591598510742188e+01
2.752934646606445312e+01
2.745728492736816406e+01
2.742534446716308594e+01
2.738076400756835938e+01
2.754471588134765625e+01
2.772650337219238281e+01
2.774072265625000000e+01
2.768412399291992188e+01
2.781750679016113281e+01
2.803230857849121094e+01
2.808935546875000000e+01
2.835757446289062500e+01
2.848630142211914062e+01
2.845138549804687500e+01
2.842275428771972656e+01
2.829285812377929688e+01
2.824426269531250000e+01
2.840547943115234375e+01
2.856860733032226562e+01
2.852663803100585938e+01
2.846504020690917969e+01
2.843629837036132812e+01
2.855138587951660156e+01
2.857285118103027344e+01
2.866571426391601562e+01
2.874368858337402344e+01
2.884203147888183594e+01
2.887314605712890625e+01
2.889685821533203125e+01
2.945750045776367188e+01
3.074620628356933594e+01
3.317374038696289062e+01
