3.193070602416992188e+01
3.195736885070800781e+01
3.218148040771484375e+01
3.252173614501953125e+01
3.275685501098632812e+01
3.269710540771484375e+01
3.260763168334960938e+01
3.262876510620117188e+01
3.267475128173828125e+01
3.241588211059570312e+01
3.262449645996093750e+01
3.245381164550781250e+01
3.226526260375976562e+01
3.199099540710449219e+01
3.168846511840820312e+01
3.141961288452148438e+01
3.132929420471191406e+01
3.148320388793945312e+01
3.160470008850097656e+01
3.169346809387207031e+01
3.185133743286132812e+01
3.205691909790039062e+01
3.218461227416992188e+01
3.250006866455078125e+01
3.285593032836914062e+01
3.271717834472656250e+01
3.274326705932617188e+01
3.288068008422851562e+01
3.285881423950195312e+01
3.269773864746093750e+01
3.245444107055664062e+01
3.258573150634765625e+01
3.315282058715820312e+01
3.323518371582031250e+01
3.304324722290039062e+01
3.325906753540039062e+01
3.336030578613281250e+01
3.339999389648437500e+01
3.316389846801757812e+01
3.310564041137695312e+01
3.315054321289062500e+01
3.323350143432617188e+01
3.248597335815429688e+01
3.208631896972656250e+01
3.219749832153320312e+01
3.208894348144531250e+01
3.201521301269531250e+01
3.131199645996093750e+01
3.267515945434570312e+01
3.300926971435546875e+01
3.269341278076171875e+01
3.211153793334960938e+01
3.130456733703613281e+01
2.989627075195312500e+01
2.962305068969726562e+01
3.173669052124023438e+01
3.212770843505859375e+01
3.211682891845703125e+01
3.231661224365234375e+01
3.170071601867675781e+01
3.154586601257324219e+01
3.155048370361328125e+01
3.285227966308593750e+01
3.348488998413085938e+01
3.395806121826171875e+01
3.346353912353515625e+01
3.313798904418945312e+01
3.253118896484375000e+01
3.235059356689453125e+01
3.224247741699218750e+01
3.235097885131835938e+01
3.261412048339843750e+01
3.273191452026367188e+01
3.264599609375000000e+01
3.250556945800781250e+01
3.254375457763671875e+01
3.268425750732421875e+01
3.243836212158203125e+01
3.219541931152343750e+01
3.184428405761718750e+01
3.179718399047851562e+01
3.174442863464355469e+01
3.177997398376464844e+01
3.205424880981445312e+01
3.213986206054687500e+01
3.212588882446289062e+01
3.208734512329101562e+01
3.203268814086914062e+01
3.227428436279296875e+01
3.236059951782226562e+01
3.232359313964843750e+01
3.201330184936523438e+01
3.199114227294921875e+01
3.199455833435058594e+01
3.224170684814453125e+01
3.243768310546875000e+01
3.213997268676757812e+01
3.220794677734375000e+01
3.266131210327148438e+01
3.272270584106445312e+01
3.254401016235351562e+01
3.234531784057617188e+01
3.240731048583984375e+01
