2.830475044250488281e+01
2.835976791381835938e+01
2.816237068176269531e+01
2.800913429260253906e+01
2.805709266662597656e+01
2.802047348022460938e+01
2.801962661743164062e+01
2.793238830566406250e+01
2.766500663757324219e+01
2.737671279907226562e+01
2.707760620117187500e+01
2.699905967712402344e+01
2.723394393920898438e+01
2.742410278320312500e+01
2.748427200317382812e+01
2.767794227600097656e+01
2.798506164550781250e+01
2.812898635864257812e+01
2.802032852172851562e+01
2.797982788085937500e+01
2.831635093688964844e+01
2.856690788269042969e+01
2.860800170898437500e+01
2.876320266723632812e+01
2.885745429992675781e+01
2.890009689331054688e+01
2.885050010681152344e+01
2.921211624145507812e+01
2.914545440673828125e+01
2.875335693359375000e+01
2.875066184997558594e+01
2.881284713745117188e+01
2.884313392639160156e+01
2.874155998229980469e+01
2.861419296264648438e+01
2.864797592163085938e+01
2.872390747070312500e+01
2.875671768188476562e+01
2.863588905334472656e+01
2.860853195190429688e+01
2.880851745605468750e+01
2.890643882751464844e+01
2.881819915771484375e+01
2.872659492492675781e+01
2.852853393554687500e+01
2.846827507019042969e+01
2.857413482666015625e+01
2.874894714355468750e+01
2.885180091857910156e+01
2.906002807617187500e+01
2.974554824829101562e+01
3.021663284301757812e+01
3.035884857177734375e+01
3.033806228637695312e+01
3.044075202941894531e+01
2.972166061401367188e+01
2.988115501403808594e+01
3.046110534667968750e+01
3.030368041992187500e+01
2.925824546813964844e+01
2.900165176391601562e+01
2.877560615539550781e+01
2.859807777404785156e+01
2.852475357055664062e+01
2.862282752990722656e+01
2.888807678222656250e+01
2.882169151306152344e+01
2.850711822509765625e+01
2.838161277770996094e+01
2.839214706420898438e+01
2.851028442382812500e+01
2.853333854675292969e+01
2.848580932617187500e+01
2.839571189880371094e+01
2.825135612487792969e+01
2.816043663024902344e+01
2.809370613098144531e+01
2.806122016906738281e+01
2.796960639953613281e+01
2.790588378906250000e+01
2.798737525939941406e+01
2.799427986145019531e+01
2.808182334899902344e+01
2.816402244567871094e+01
2.811315917968750000e+01
2.801996040344238281e+01
2.798876380920410156e+01
2.805508804321289062e+01
2.825439834594726562e+01
2.852334594726562500e+01
2.855605125427246094e+01
2.847899055480957031e+01
2.844238662719726562e+01
2.836932563781738281e+01
2.830628204345703125e+01
2.833970451354980469e+01
2.833618545532226562e+01
2.830854415893554688e+01
2.839886856079101562e+01
2.873952865600585938e+01
2.881530189514160156e+01
