2.333051872253417969e+01
2.329543685913085938e+01
2.368343353271484375e+01
2.372161293029785156e+01
2.385083007812500000e+01
2.395237922668457031e+01
2.394728660583496094e+01
2.412557411193847656e+01
2.405295944213867188e+01
2.413779258728027344e+01
2.433690071105957031e+01
2.430519104003906250e+01
2.435928726196289062e+01
2.437442016601562500e+01
2.445313072204589844e+01
2.453869247436523438e+01
2.456203460693359375e+01
2.459193038940429688e+01
2.431690979003906250e+01
2.408388710021972656e+01
2.394804573059082031e+01
2.386334228515625000e+01
2.374562644958496094e+01
2.363845634460449219e+01
2.363047409057617188e+01
2.362753295898437500e+01
2.370065116882324219e+01
2.384285926818847656e+01
2.380124092102050781e+01
2.379275703430175781e+01
2.370747947692871094e+01
2.356275749206542969e+01
2.354929161071777344e+01
2.352756118774414062e+01
2.337350273132324219e+01
2.324693298339843750e+01
2.319494247436523438e+01
2.328901481628417969e+01
2.328058433532714844e+01
2.326413345336914062e+01
2.328397941589355469e+01
2.312774848937988281e+01
2.312325096130371094e+01
2.313727378845214844e+01
2.319744873046875000e+01
2.325312995910644531e+01
2.321168518066406250e+01
2.309642410278320312e+01
2.287979125976562500e+01
2.274259567260742188e+01
2.263824081420898438e+01
2.248036575317382812e+01
2.235862159729003906e+01
2.227674484252929688e+01
2.223659133911132812e+01
2.221028137207031250e+01
2.218213844299316406e+01
2.222943496704101562e+01
2.223616790771484375e+01
2.223627090454101562e+01
2.224686622619628906e+01
2.226870155334472656e+01
2.233690834045410156e+01
2.237032508850097656e+01
2.241889572143554688e+01
2.253198623657226562e+01
2.259623146057128906e+01
2.266229438781738281e+01
2.258701133728027344e+01
2.244464874267578125e+01
2.241786193847656250e+01
2.250402641296386719e+01
2.258034896850585938e+01
2.263452148437500000e+01
2.270080375671386719e+01
2.278675270080566406e+01
2.277219390869140625e+01
2.279849243164062500e+01
2.278327941894531250e+01
2.278910636901855469e+01
2.283561897277832031e+01
2.278873443603515625e+01
2.289793395996093750e+01
2.291678810119628906e+01
2.289266014099121094e+01
2.294919776916503906e+01
2.301188468933105469e+01
2.314127349853515625e+01
2.315453147888183594e+01
2.308988761901855469e+01
2.310267448425292969e+01
2.303200149536132812e+01
2.306101799011230469e+01
2.320668029785156250e+01
2.327339744567871094e+01
2.341351127624511719e+01
