3.523074340820312500e+01
3.563822555541992188e+01
3.562990188598632812e+01
3.503676986694335938e+01
3.434196090698242188e+01
3.362382507324218750e+01
3.438399505615234375e+01
3.630746078491210938e+01
3.656415557861328125e+01
3.633322525024414062e+01
3.436968231201171875e+01
3.308360671997070312e+01
3.394714736938476562e+01
3.504198455810546875e+01
3.589284133911132812e+01
3.661648178100585938e+01
3.687928390502929688e+01
3.685315322875976562e+01
3.692086029052734375e+01
3.705645370483398438e+01
3.683607482910156250e+01
3.646407699584960938e+01
3.576141357421875000e+01
3.439147949218750000e+01
3.480252075195312500e+01
3.486597442626953125e+01
3.515368652343750000e+01
3.490723419189453125e+01
3.440034103393554688e+01
3.419967651367187500e+01
3.409728240966796875e+01
3.415393447875976562e+01
3.405614471435546875e+01
3.392432785034179688e+01
3.435103225708007812e+01
3.475449371337890625e+01
3.471463012695312500e+01
3.452241897583007812e+01
3.444272613525390625e+01
3.476729965209960938e+01
3.463145828247070312e+01
3.460175704956054688e+01
3.557246780395507812e+01
3.548186492919921875e+01
3.522929000854492188e+01
3.455815124511718750e+01
3.382889556884765625e+01
3.337721633911132812e+01
3.359890747070312500e+01
3.465462875366210938e+01
3.515755844116210938e+01
3.553167724609375000e+01
3.598424148559570312e+01
3.598659896850585938e+01
3.605047988891601562e+01
3.601507949829101562e+01
3.612675094604492188e+01
3.640698623657226562e+01
3.624536514282226562e+01
3.590667724609375000e+01
3.542753982543945312e+01
3.454685974121093750e+01
3.392313385009765625e+01
3.417517089843750000e+01
3.464647674560546875e+01
3.505717086791992188e+01
3.476509857177734375e+01
3.479868316650390625e+01
3.449015426635742188e+01
3.431523513793945312e+01
3.407146072387695312e+01
3.416135787963867188e+01
3.455423736572265625e+01
3.548562622070312500e+01
3.562126922607421875e+01
3.540221023559570312e+01
3.556637191772460938e+01
3.561793136596679688e+01
3.581457138061523438e+01
3.626295852661132812e+01
3.645565795898437500e+01
3.661908721923828125e+01
3.675556182861328125e+01
3.663675308227539062e+01
3.620574951171875000e+01
3.547323608398437500e+01
3.549300384521484375e+01
3.584486770629882812e+01
3.646568679809570312e+01
3.691334915161132812e+01
3.695503234863281250e+01
3.682571029663085938e+01
3.629340362548828125e+01
3.576255035400390625e+01
3.534617233276367188e+01
3.587192535400390625e+01
3.615558624267578125e+01
3.608993148803710938e+01
3.593840789794921875e+01
3.608102416992187500e+01
3.590245819091796875e+01
3.507375335693359375e+01
3.521435165405273438e+01
3.496603393554687500e+01
3.404545593261718750e+01
3.288879776000976562e+01
