2.575830650329589844e+01
2.571537399291992188e+01
2.535762596130371094e+01
2.517512130737304688e+01
2.543544006347656250e+01
2.564539909362792969e+01
2.584293937683105469e+01
2.630970764160156250e+01
2.641195106506347656e+01
2.657180786132812500e+01
2.659468269348144531e+01
2.654803848266601562e+01
2.650476646423339844e+01
2.628190040588378906e+01
2.615689659118652344e+01
2.600653839111328125e+01
2.596080017089843750e+01
2.598783493041992188e+01
2.602048301696777344e+01
2.601585388183593750e+01
2.604168319702148438e+01
2.589848709106445312e+01
2.574003410339355469e+01
2.561867332458496094e+01
2.572859191894531250e+01
2.592102241516113281e+01
2.600998687744140625e+01
2.596940994262695312e+01
2.589667892456054688e+01
2.581722831726074219e+01
2.579286766052246094e+01
2.577692604064941406e+01
2.575404167175292969e+01
2.579032135009765625e+01
2.577871513366699219e+01
2.579000473022460938e+01
2.585890769958496094e+01
2.589656639099121094e+01
2.603106117248535156e+01
2.627628517150878906e+01
2.641876411437988281e+01
2.651072692871093750e+01
2.644999504089355469e+01
2.625142669677734375e+01
2.608974838256835938e+01
2.581272888183593750e+01
2.564106941223144531e+01
2.567764663696289062e+01
2.580092239379882812e+01
2.585608291625976562e+01
2.601554489135742188e+01
2.594403457641601562e+01
2.601408576965332031e+01
2.601109695434570312e+01
2.596983528137207031e+01
2.596622657775878906e+01
2.606428909301757812e+01
2.607740592956542969e+01
2.587549591064453125e+01
2.581345558166503906e+01
2.574450302124023438e+01
2.569268989562988281e+01
2.581122016906738281e+01
2.613270378112792969e+01
2.622733497619628906e+01
2.645183563232421875e+01
2.655275535583496094e+01
2.655364036560058594e+01
2.640797042846679688e+01
2.635926818847656250e+01
2.640410804748535156e+01
2.654725837707519531e+01
2.655589294433593750e+01
2.658543777465820312e+01
2.658818626403808594e+01
2.652805709838867188e+01
2.651478004455566406e+01
2.648857688903808594e+01
2.648272514343261719e+01
2.646437454223632812e+01
2.642375183105468750e+01
2.647015571594238281e+01
2.662022972106933594e+01
2.667197418212890625e+01
2.665805625915527344e+01
2.662658309936523438e+01
2.659777832031250000e+01
2.658426856994628906e+01
2.641859626770019531e+01
2.630150413513183594e+01
2.619088745117187500e+01
2.620784568786621094e+01
2.620807266235351562e+01
2.608188629150390625e+01
2.608481979370117188e+01
2.630447578430175781e+01
2.642460441589355469e+01
2.662308311462402344e+01
2.675707244873046875e+01
2.671253013610839844e+01
2.661754035949707031e+01
2.637552452087402344e+01
2.617874145507812500e+01
2.602426528930664062e+01
2.571895217895507812e+01
2.558108901977539062e+01
