3.131220245361328125e+01
3.135597991943359375e+01
3.175588607788085938e+01
3.155176544189453125e+01
3.135451889038085938e+01
3.094816589355468750e+01
3.040029144287109375e+01
3.020698165893554688e+01
3.018042182922363281e+01
3.042049598693847656e+01
3.067866706848144531e+01
3.129190635681152344e+01
3.137838745117187500e+01
3.095528411865234375e+01
3.073179626464843750e+01
3.113298416137695312e+01
3.126261329650878906e+01
3.134928321838378906e+01
3.158959579467773438e+01
3.163253784179687500e+01
3.172412109375000000e+01
3.182119750976562500e+01
3.165581512451171875e+01
3.138932037353515625e+01
3.125478744506835938e+01
3.135484313964843750e+01
3.167298507690429688e+01
3.179216957092285156e+01
3.186090469360351562e+01
3.180993080139160156e+01
3.178441619873046875e+01
3.154822158813476562e+01
3.157602310180664062e+01
3.184011840820312500e+01
3.197598457336425781e+01
3.167369461059570312e+01
3.152022552490234375e+01
3.145211410522460938e+01
3.141872406005859375e+01
3.123354721069335938e+01
3.101506805419921875e+01
3.092931747436523438e+01
3.097795104980468750e+01
3.090356063842773438e+01
3.050140571594238281e+01
3.018812179565429688e+01
3.015211105346679688e+01
3.023728561401367188e+01
3.032472038269042969e+01
3.033747100830078125e+01
3.036763000488281250e+01
3.043143844604492188e+01
3.058343696594238281e+01
3.077851295471191406e+01
3.101735305786132812e+01
3.114981079101562500e+01
3.123748588562011719e+01
3.115957832336425781e+01
3.107699775695800781e+01
3.118072700500488281e+01
3.142979621887207031e+01
3.161764144897460938e+01
3.163002395629882812e+01
3.175021171569824219e+01
3.199083709716796875e+01
3.198284530639648438e+01
3.176050949096679688e+01
3.149188613891601562e+01
3.112845420837402344e+01
3.091872406005859375e+01
3.090627479553222656e+01
3.115369415283203125e+01
3.145383644104003906e+01
3.158494949340820312e+01
3.141961097717285156e+01
3.150143432617187500e+01
3.157497024536132812e+01
3.167538452148437500e+01
3.164933586120605469e+01
3.155089378356933594e+01
3.148917388916015625e+01
3.151557731628417969e+01
3.144745635986328125e+01
3.143731498718261719e+01
3.132763671875000000e+01
3.122729301452636719e+01
3.129173851013183594e+01
3.163591384887695312e+01
3.161317062377929688e+01
3.174714660644531250e+01
3.178151512145996094e+01
3.167252349853515625e+01
3.165730857849121094e+01
3.140003013610839844e+01
3.134278678894042969e+01
3.127533721923828125e+01
3.074746704101562500e+01
3.015185928344726562e+01
2.961182403564453125e+01
2.735550308227539062e+01
