2.842765998840332031e+01
2.828688240051269531e+01
2.841751098632812500e+01
2.836446571350097656e+01
2.820445251464843750e+01
2.835889053344726562e+01
2.846760177612304688e+01
2.858858871459960938e+01
2.871904945373535156e+01
2.886755561828613281e+01
2.871530532836914062e+01
2.832526588439941406e+01
2.804205513000488281e+01
2.810657501220703125e+01
2.831185150146484375e+01
2.826437568664550781e+01
2.803121185302734375e+01
2.789953041076660156e+01
2.789155960083007812e+01
2.790207099914550781e+01
2.797967529296875000e+01
2.798226547241210938e+01
2.799061584472656250e+01
2.808915519714355469e+01
2.823383903503417969e+01
2.819963455200195312e+01
2.823047065734863281e+01
2.830782127380371094e+01
2.827177810668945312e+01
2.817379188537597656e+01
2.803091430664062500e+01
2.789353561401367188e+01
2.778893470764160156e+01
2.762219238281250000e+01
2.755049514770507812e+01
2.758191680908203125e+01
2.786894416809082031e+01
2.804423904418945312e+01
2.798630714416503906e+01
2.795422935485839844e+01
2.790761756896972656e+01
2.789006042480468750e+01
2.801001167297363281e+01
2.817862129211425781e+01
2.819770050048828125e+01
2.820319175720214844e+01
2.828258705139160156e+01
2.833336639404296875e+01
2.820701026916503906e+01
2.782051467895507812e+01
2.772263526916503906e+01
2.788461112976074219e+01
2.794354057312011719e+01
2.781309890747070312e+01
2.775210189819335938e+01
2.796894264221191406e+01
2.796860313415527344e+01
2.789932060241699219e+01
2.791923904418945312e+01
2.810021591186523438e+01
2.823669815063476562e+01
2.815711784362792969e+01
2.828019332885742188e+01
2.831467247009277344e+01
2.831517791748046875e+01
2.821791648864746094e+01
2.822184562683105469e+01
2.832227897644042969e+01
2.843023490905761719e+01
2.857111930847167969e+01
2.860109901428222656e+01
2.854559326171875000e+01
2.845034790039062500e+01
2.847154045104980469e+01
2.853657150268554688e+01
2.872261047363281250e+01
2.874496078491210938e+01
2.870729637145996094e+01
2.861808776855468750e+01
2.861708641052246094e+01
2.863937377929687500e+01
2.865412330627441406e+01
2.852790069580078125e+01
2.843863868713378906e+01
2.828853416442871094e+01
2.816479682922363281e+01
2.812803459167480469e+01
2.810308647155761719e+01
2.809304237365722656e+01
2.810932922363281250e+01
2.820133972167968750e+01
2.831748771667480469e+01
2.838702583312988281e+01
2.831951522827148438e+01
2.814979934692382812e+01
2.809967994689941406e+01
2.812597084045410156e+01
2.804622650146484375e+01
2.812337493896484375e+01
2.829698944091796875e+01
2.859965896606445312e+01
2.883700561523437500e+01
2.899950981140136719e+01
2.902083206176757812e+01
2.881534576416015625e+01
2.845551109313964844e+01
2.832069587707519531e+01
2.855524253845214844e+01
