2.676205635070800781e+01
2.719662666320800781e+01
2.772684669494628906e+01
2.764849662780761719e+01
2.750120735168457031e+01
2.714856529235839844e+01
2.606019973754882812e+01
2.559379768371582031e+01
2.539766502380371094e+01
2.529730606079101562e+01
2.559537124633789062e+01
2.573591423034667969e+01
2.539475250244140625e+01
2.511773681640625000e+01
2.524591636657714844e+01
2.505525588989257812e+01
2.503860664367675781e+01
2.496972656250000000e+01
2.495121765136718750e+01
2.517434120178222656e+01
2.532262420654296875e+01
2.533958625793457031e+01
2.518769836425781250e+01
2.506465148925781250e+01
2.506813430786132812e+01
2.526638603210449219e+01
2.551149749755859375e+01
2.596337318420410156e+01
2.630039787292480469e+01
2.650041007995605469e+01
2.647454261779785156e+01
2.614958763122558594e+01
2.581737899780273438e+01
2.534268569946289062e+01
2.511835098266601562e+01
2.512792396545410156e+01
2.514472007751464844e+01
2.510378837585449219e+01
2.522057342529296875e+01
2.529055023193359375e+01
2.527135658264160156e+01
2.537415885925292969e+01
2.550912666320800781e+01
2.567951583862304688e+01
2.586566162109375000e+01
2.625607109069824219e+01
2.669738769531250000e+01
2.629960632324218750e+01
2.585654258728027344e+01
2.550244712829589844e+01
2.500869941711425781e+01
2.487942886352539062e+01
2.496103858947753906e+01
2.511810302734375000e+01
2.522091293334960938e+01
2.499848365783691406e+01
2.474006652832031250e+01
2.459979248046875000e+01
2.464612388610839844e+01
2.467523574829101562e+01
2.474661254882812500e+01
2.456980514526367188e+01
2.435675239562988281e+01
2.424062728881835938e+01
2.435150527954101562e+01
2.448154449462890625e+01
2.472268104553222656e+01
2.475287437438964844e+01
2.483566856384277344e+01
2.497081184387207031e+01
2.513550758361816406e+01
2.542592620849609375e+01
2.542035865783691406e+01
2.533385276794433594e+01
2.542585754394531250e+01
2.547469520568847656e+01
2.550245285034179688e+01
2.551160812377929688e+01
2.552320480346679688e+01
2.563733482360839844e+01
2.574405670166015625e+01
2.574485778808593750e+01
2.531718826293945312e+01
2.498596954345703125e+01
2.521656608581542969e+01
2.559685325622558594e+01
2.560300445556640625e+01
2.562593460083007812e+01
2.556974029541015625e+01
2.551882934570312500e+01
2.557692718505859375e+01
2.568731117248535156e+01
2.589799880981445312e+01
2.616820907592773438e+01
2.606852722167968750e+01
2.595776748657226562e+01
2.595666885375976562e+01
2.607137680053710938e+01
2.645165252685546875e+01
2.684601211547851562e+01
2.715166854858398438e+01
2.725494384765625000e+01
2.720274734497070312e+01
2.708848953247070312e+01
2.700319671630859375e+01
2.702554130554199219e+01
2.701832389831542969e+01
