2.703673553466796875e+01
2.700227737426757812e+01
2.705906677246093750e+01
2.722265052795410156e+01
2.719605827331542969e+01
2.731599617004394531e+01
2.745906639099121094e+01
2.722306251525878906e+01
2.712255096435546875e+01
2.723285484313964844e+01
2.733885574340820312e+01
2.740315055847167969e+01
2.724063682556152344e+01
2.679317092895507812e+01
2.630122947692871094e+01
2.593092727661132812e+01
2.579548263549804688e+01
2.601343536376953125e+01
2.618858909606933594e+01
2.620165443420410156e+01
2.630903816223144531e+01
2.659110832214355469e+01
2.677406501770019531e+01
2.710618972778320312e+01
2.762360191345214844e+01
2.811243247985839844e+01
2.825373458862304688e+01
2.816802215576171875e+01
2.794547843933105469e+01
2.778523063659667969e+01
2.770588874816894531e+01
2.772238540649414062e+01
2.774069786071777344e+01
2.766210174560546875e+01
2.759743499755859375e+01
2.748329925537109375e+01
2.732107353210449219e+01
2.727805709838867188e+01
2.727183914184570312e+01
2.725529861450195312e+01
2.724103164672851562e+01
2.726597023010253906e+01
2.734310150146484375e+01
2.735069465637207031e+01
2.734819412231445312e+01
2.732297325134277344e+01
2.737825584411621094e+01
2.748968696594238281e+01
2.757666778564453125e+01
2.750937461853027344e+01
2.735829544067382812e+01
2.721508407592773438e+01
2.704572677612304688e+01
2.692095756530761719e+01
2.684093093872070312e+01
2.678039360046386719e+01
2.679269409179687500e+01
2.683835601806640625e+01
2.691682243347167969e+01
2.700321960449218750e+01
2.689385604858398438e+01
2.682343864440917969e+01
2.693999099731445312e+01
2.703174400329589844e+01
2.717381668090820312e+01
2.738544082641601562e+01
2.743772315979003906e+01
2.742567825317382812e+01
2.731584167480468750e+01
2.719641876220703125e+01
2.713241386413574219e+01
2.704838943481445312e+01
2.679995918273925781e+01
2.668948554992675781e+01
2.664832305908203125e+01
2.664047241210937500e+01
2.666833877563476562e+01
2.675455474853515625e+01
2.683044624328613281e+01
2.690326499938964844e+01
2.715991592407226562e+01
2.714387130737304688e+01
2.714249420166015625e+01
2.710967254638671875e+01
2.715085029602050781e+01
2.723370361328125000e+01
2.729578781127929688e+01
2.730008697509765625e+01
2.755945587158203125e+01
2.776853179931640625e+01
2.729381179809570312e+01
2.711499595642089844e+01
2.703290939331054688e+01
2.655821609497070312e+01
2.680461120605468750e+01
2.712329292297363281e+01
2.724045562744140625e+01
2.716078758239746094e+01
