3.463792037963867188e+01
3.613129806518554688e+01
3.662703704833984375e+01
3.578223419189453125e+01
3.662033081054687500e+01
3.730671310424804688e+01
3.730751037597656250e+01
3.739776229858398438e+01
3.760659408569335938e+01
3.776873397827148438e+01
3.782230758666992188e+01
3.783212280273437500e+01
3.792351150512695312e+01
3.794712066650390625e+01
3.807618713378906250e+01
3.803446197509765625e+01
3.785180282592773438e+01
3.777935409545898438e+01
3.762249755859375000e+01
3.783501815795898438e+01
3.801540374755859375e+01
3.802950286865234375e+01
3.770592117309570312e+01
3.605603027343750000e+01
3.647263717651367188e+01
3.719635391235351562e+01
3.745992279052734375e+01
3.743569946289062500e+01
3.750389099121093750e+01
3.749334716796875000e+01
3.733551788330078125e+01
3.713365936279296875e+01
3.689907073974609375e+01
3.639615631103515625e+01
3.561359024047851562e+01
3.527376174926757812e+01
3.552966690063476562e+01
3.593639373779296875e+01
3.658572006225585938e+01
3.680087280273437500e+01
3.646170425415039062e+01
3.634240341186523438e+01
3.669930648803710938e+01
3.706389236450195312e+01
3.721812438964843750e+01
3.727015686035156250e+01
3.721707153320312500e+01
3.731528854370117188e+01
3.735663223266601562e+01
3.740778732299804688e+01
3.727058029174804688e+01
3.624869918823242188e+01
3.444718551635742188e+01
3.463882827758789062e+01
3.560157394409179688e+01
3.691648864746093750e+01
3.757070922851562500e+01
3.760195159912109375e+01
3.760054016113281250e+01
3.765672302246093750e+01
3.732345962524414062e+01
3.681256484985351562e+01
3.651906967163085938e+01
3.605807876586914062e+01
3.525575637817382812e+01
3.472847366333007812e+01
3.447606277465820312e+01
3.444007873535156250e+01
3.512049484252929688e+01
3.631069564819335938e+01
3.647938537597656250e+01
3.637705612182617188e+01
3.625503158569335938e+01
3.599683761596679688e+01
3.597200012207031250e+01
3.632105255126953125e+01
3.647327423095703125e+01
3.627734756469726562e+01
3.615399169921875000e+01
3.562741851806640625e+01
3.480913543701171875e+01
3.457352828979492188e+01
3.516891860961914062e+01
3.550725555419921875e+01
3.576843643188476562e+01
3.621364212036132812e+01
3.652193832397460938e+01
3.702619171142578125e+01
3.704193878173828125e+01
3.706834793090820312e+01
3.701081085205078125e+01
3.714041519165039062e+01
3.684703826904296875e+01
3.682384872436523438e+01
3.679498291015625000e+01
3.678725051879882812e+01
3.664112091064453125e+01
3.637685775756835938e+01
3.524420928955078125e+01
3.430798721313476562e+01
