3.381580352783203125e+01
3.366142654418945312e+01
3.346610260009765625e+01
3.325767517089843750e+01
3.309821701049804688e+01
3.336854553222656250e+01
3.368387603759765625e+01
3.351333618164062500e+01
3.297834014892578125e+01
3.294545745849609375e+01
3.304116058349609375e+01
3.305202484130859375e+01
3.309011840820312500e+01
3.313989639282226562e+01
3.308157730102539062e+01
3.300726318359375000e+01
3.304106140136718750e+01
3.323155593872070312e+01
3.328792572021484375e+01
3.342605972290039062e+01
3.353121948242187500e+01
3.355977249145507812e+01
3.350285339355468750e+01
3.365195465087890625e+01
3.388735961914062500e+01
3.383007049560546875e+01
3.355750656127929688e+01
3.364574050903320312e+01
3.358180999755859375e+01
3.347452545166015625e+01
3.324509048461914062e+01
3.323301315307617188e+01
3.366288757324218750e+01
3.410466766357421875e+01
3.422261047363281250e+01
3.413380432128906250e+01
3.397438049316406250e+01
3.425819015502929688e+01
3.533445358276367188e+01
3.494326019287109375e+01
3.461103057861328125e+01
3.419612503051757812e+01
3.359674835205078125e+01
3.322350692749023438e+01
3.327670669555664062e+01
3.354573059082031250e+01
3.394684600830078125e+01
3.424026107788085938e+01
3.455367279052734375e+01
3.549350738525390625e+01
3.502797698974609375e+01
3.478475189208984375e+01
3.503662109375000000e+01
3.522309875488281250e+01
3.484947586059570312e+01
3.421179199218750000e+01
3.495873260498046875e+01
3.506486511230468750e+01
3.439295959472656250e+01
3.398488998413085938e+01
3.388242721557617188e+01
3.391878890991210938e+01
3.471480941772460938e+01
3.450361251831054688e+01
3.421138000488281250e+01
3.417622375488281250e+01
3.413787460327148438e+01
3.400386810302734375e+01
3.393275070190429688e+01
3.386038970947265625e+01
3.384247589111328125e+01
3.396355819702148438e+01
3.400545120239257812e+01
3.395980072021484375e+01
3.395097351074218750e+01
3.404282379150390625e+01
3.396952056884765625e+01
3.366490554809570312e+01
3.337333297729492188e+01
3.323321914672851562e+01
3.329744338989257812e+01
3.359632492065429688e+01
3.403475952148437500e+01
3.411780548095703125e+01
3.436316680908203125e+01
3.466296768188476562e+01
3.479099273681640625e+01
3.447034072875976562e+01
3.416041564941406250e+01
3.400437164306640625e+01
3.375897979736328125e+01
3.350682830810546875e+01
3.352172851562500000e+01
3.355118942260742188e+01
3.364777374267578125e+01
3.370322418212890625e+01
3.378310775756835938e+01
3.391118621826171875e+01
3.393297576904296875e+01
3.377629470825195312e+01
3.346958160400390625e+01
3.305894470214843750e+01
3.343308639526367188e+01
3.404850387573242188e+01
