2.713092994689941406e+01
2.713134765625000000e+01
2.707238388061523438e+01
2.699242401123046875e+01
2.676679229736328125e+01
2.666753005981445312e+01
2.663570785522460938e+01
2.668237876892089844e+01
2.683903884887695312e+01
2.691191482543945312e+01
2.707242965698242188e+01
2.727695083618164062e+01
2.736948204040527344e+01
2.745826911926269531e+01
2.727875518798828125e+01
2.697105407714843750e+01
2.686442375183105469e+01
2.684833526611328125e+01
2.686110496520996094e+01
2.671915817260742188e+01
2.652347564697265625e+01
2.649168777465820312e+01
2.660190773010253906e+01
2.661894607543945312e+01
2.675749778747558594e+01
2.684665679931640625e+01
2.678858566284179688e+01
2.677292060852050781e+01
2.659390258789062500e+01
2.660339164733886719e+01
2.672155380249023438e+01
2.684511566162109375e+01
2.692695045471191406e+01
2.716558265686035156e+01
2.742643928527832031e+01
2.744465827941894531e+01
2.736036300659179688e+01
2.728838539123535156e+01
2.718929862976074219e+01
2.715490150451660156e+01
2.715516281127929688e+01
2.721173286437988281e+01
2.741217422485351562e+01
2.764659118652343750e+01
2.775507926940917969e+01
2.767347526550292969e+01
2.744553565979003906e+01
2.718586730957031250e+01
2.709607124328613281e+01
2.683984947204589844e+01
2.665492248535156250e+01
2.656182289123535156e+01
2.654121208190917969e+01
2.663742828369140625e+01
2.685599899291992188e+01
2.692321395874023438e+01
2.694249725341796875e+01
2.697309303283691406e+01
2.686939239501953125e+01
2.672836494445800781e+01
2.667342567443847656e+01
2.675045967102050781e+01
2.691654205322265625e+01
2.700213050842285156e+01
2.697246932983398438e+01
2.695902252197265625e+01
2.690461921691894531e+01
2.683374595642089844e+01
2.724515914916992188e+01
2.763283538818359375e+01
2.791776657104492188e+01
2.811913871765136719e+01
2.811876678466796875e+01
2.800404739379882812e+01
2.782146644592285156e+01
2.794191169738769531e+01
2.817736434936523438e+01
2.840992355346679688e+01
2.842177772521972656e+01
2.817097091674804688e+01
2.810738182067871094e+01
2.823851966857910156e+01
2.832716178894042969e+01
2.831854629516601562e+01
2.860557746887207031e+01
2.871227836608886719e+01
2.951076698303222656e+01
2.998050880432128906e+01
2.908427238464355469e+01
2.834058380126953125e+01
2.817066001892089844e+01
2.828832244873046875e+01
2.883607482910156250e+01
2.944568443298339844e+01
3.042708778381347656e+01
