3.821681594848632812e+01
3.838473892211914062e+01
3.833481979370117188e+01
3.807995986938476562e+01
3.788240814208984375e+01
3.784333419799804688e+01
3.786820220947265625e+01
3.778383255004882812e+01
3.758412170410156250e+01
3.728150558471679688e+01
3.711694335937500000e+01
3.700111007690429688e+01
3.699455642700195312e+01
3.666565704345703125e+01
3.644709014892578125e+01
3.630603408813476562e+01
3.644075393676757812e+01
3.641321945190429688e+01
3.602524566650390625e+01
3.633794784545898438e+01
3.715063095092773438e+01
3.689110946655273438e+01
3.549177551269531250e+01
3.547417068481445312e+01
3.557584762573242188e+01
3.558170700073242188e+01
3.567716217041015625e+01
3.567589950561523438e+01
3.576736831665039062e+01
3.529871749877929688e+01
3.475333404541015625e+01
3.400399398803710938e+01
3.382896423339843750e+01
3.394499588012695312e+01
3.430844879150390625e+01
3.499668884277343750e+01
3.546483612060546875e+01
3.548184967041015625e+01
3.538465881347656250e+01
3.581412887573242188e+01
3.622673416137695312e+01
3.643367767333984375e+01
3.692341613769531250e+01
3.699999237060546875e+01
3.697271728515625000e+01
3.698144912719726562e+01
3.716093063354492188e+01
3.705021286010742188e+01
3.576212692260742188e+01
3.447672653198242188e+01
3.544639587402343750e+01
3.630410385131835938e+01
3.607968521118164062e+01
3.601673126220703125e+01
3.647212982177734375e+01
3.675415802001953125e+01
3.687332153320312500e+01
3.677863311767578125e+01
3.677770996093750000e+01
3.691299057006835938e+01
3.666590499877929688e+01
3.553669738769531250e+01
3.489781951904296875e+01
3.467407989501953125e+01
3.464398956298828125e+01
3.457629394531250000e+01
3.480351257324218750e+01
3.474375915527343750e+01
3.502284240722656250e+01
3.542163848876953125e+01
3.530049896240234375e+01
3.490807723999023438e+01
3.508225631713867188e+01
3.536787796020507812e+01
3.597115325927734375e+01
3.668452072143554688e+01
3.683119964599609375e+01
3.636792755126953125e+01
3.593313217163085938e+01
3.549925231933593750e+01
3.530451202392578125e+01
3.544507980346679688e+01
3.552753448486328125e+01
3.515320587158203125e+01
3.520433044433593750e+01
3.595478057861328125e+01
3.677408218383789062e+01
3.701046371459960938e+01
3.702063369750976562e+01
3.695744705200195312e+01
3.694915390014648438e+01
3.703959274291992188e+01
3.700519561767578125e+01
3.697709274291992188e+01
3.698052215576171875e+01
3.746943283081054688e+01
3.776146316528320312e+01
3.768426513671875000e+01
3.704997634887695312e+01
3.670165634155273438e+01
3.715933227539062500e+01
3.738866043090820312e+01
3.749781036376953125e+01
3.648882675170898438e+01
3.481011962890625000e+01
