3.344124984741210938e+01
3.336505889892578125e+01
3.311708068847656250e+01
3.297140502929687500e+01
3.296382522583007812e+01
3.301213455200195312e+01
3.311465454101562500e+01
3.308405685424804688e+01
3.293480682373046875e+01
3.272700881958007812e+01
3.268307113647460938e+01
3.256284713745117188e+01
3.235593795776367188e+01
3.254653549194335938e+01
3.286407470703125000e+01
3.288795471191406250e+01
3.286648941040039062e+01
3.292172241210937500e+01
3.288979339599609375e+01
3.293657684326171875e+01
3.299543762207031250e+01
3.294731903076171875e+01
3.295013046264648438e+01
3.303940582275390625e+01
3.314671325683593750e+01
3.317274856567382812e+01
3.324624252319335938e+01
3.332353973388671875e+01
3.347363662719726562e+01
3.377690887451171875e+01
3.391286468505859375e+01
3.408527755737304688e+01
3.430886077880859375e+01
3.432889175415039062e+01
3.425101470947265625e+01
3.421053695678710938e+01
3.440364456176757812e+01
3.470964431762695312e+01
3.477497482299804688e+01
3.478677368164062500e+01
3.465550231933593750e+01
3.439167404174804688e+01
3.427429962158203125e+01
3.429155349731445312e+01
3.417975616455078125e+01
3.403318786621093750e+01
3.394042587280273438e+01
3.384130859375000000e+01
3.370865631103515625e+01
3.363892745971679688e+01
3.339355087280273438e+01
3.326581954956054688e+01
3.326881408691406250e+01
3.339719009399414062e+01
3.354754638671875000e+01
3.353190612792968750e+01
3.397314834594726562e+01
3.415669250488281250e+01
3.418318939208984375e+01
3.427394866943359375e+01
3.436084747314453125e+01
3.449966812133789062e+01
3.469268035888671875e+01
3.475170516967773438e+01
3.455540847778320312e+01
3.426956939697265625e+01
3.407159423828125000e+01
3.379163742065429688e+01
3.369664382934570312e+01
3.364667510986328125e+01
3.374573516845703125e+01
3.385738372802734375e+01
3.383975219726562500e+01
3.383491897583007812e+01
3.384813308715820312e+01
3.367916107177734375e+01
3.344316864013671875e+01
3.321560287475585938e+01
3.310082626342773438e+01
3.315484619140625000e+01
3.324090576171875000e+01
3.321672058105468750e+01
3.316854476928710938e+01
3.315902328491210938e+01
3.315797424316406250e+01
3.326308822631835938e+01
3.332269668579101562e+01
3.336541366577148438e+01
3.337953186035156250e+01
3.329549789428710938e+01
3.310265731811523438e+01
3.309766006469726562e+01
3.330767440795898438e+01
3.333358001708984375e+01
3.332464981079101562e+01
3.333129501342773438e+01
3.325147628784179688e+01
3.305305099487304688e+01
3.298811340332031250e+01
3.294774246215820312e+01
3.284224700927734375e+01
3.288077926635742188e+01
3.278472900390625000e+01
3.281604766845703125e+01
3.285397720336914062e+01
3.239748001098632812e+01
