2.751379585266113281e+01
2.723461151123046875e+01
2.763837814331054688e+01
2.740664482116699219e+01
2.675055122375488281e+01
2.664632034301757812e+01
2.686448478698730469e+01
2.703556632995605469e+01
2.690601921081542969e+01
2.648177146911621094e+01
2.643266296386718750e+01
2.658350753784179688e+01
2.664330863952636719e+01
2.649038314819335938e+01
2.661953735351562500e+01
2.672083663940429688e+01
2.688710021972656250e+01
2.686117935180664062e+01
2.680588722229003906e+01
2.680723953247070312e+01
2.683995437622070312e+01
2.706322860717773438e+01
2.693903541564941406e+01
2.675991630554199219e+01
2.656126403808593750e+01
2.639870071411132812e+01
2.636093330383300781e+01
2.621037673950195312e+01
2.621830940246582031e+01
2.652264213562011719e+01
2.675794982910156250e+01
2.674720573425292969e+01
2.650803947448730469e+01
2.632914733886718750e+01
2.630455970764160156e+01
2.628733444213867188e+01
2.614528846740722656e+01
2.603785133361816406e+01
2.604442405700683594e+01
2.608608627319335938e+01
2.626939582824707031e+01
2.622598648071289062e+01
2.626595115661621094e+01
2.653197097778320312e+01
2.676330947875976562e+01
2.675054550170898438e+01
2.665802764892578125e+01
2.683918571472167969e+01
2.689782905578613281e+01
2.689790725708007812e+01
2.683555221557617188e+01
2.670562362670898438e+01
2.652736473083496094e+01
2.639796638488769531e+01
2.637505340576171875e+01
2.651217842102050781e+01
2.675559425354003906e+01
2.691199111938476562e+01
2.701316452026367188e+01
2.706645202636718750e+01
2.722857856750488281e+01
2.748594284057617188e+01
2.767937660217285156e+01
2.773867988586425781e+01
2.756774711608886719e+01
2.731073188781738281e+01
2.713270187377929688e+01
2.706419372558593750e+01
2.699829483032226562e+01
2.700219917297363281e+01
2.710608100891113281e+01
2.710174369812011719e+01
2.704697799682617188e+01
2.700862693786621094e+01
2.714829444885253906e+01
2.717655754089355469e+01
2.729117774963378906e+01
2.726959991455078125e+01
2.739151191711425781e+01
2.768051910400390625e+01
2.772049331665039062e+01
2.761315917968750000e+01
2.739808845520019531e+01
2.711698341369628906e+01
2.712233924865722656e+01
2.739440345764160156e+01
2.738904380798339844e+01
2.752604293823242188e+01
2.777965927124023438e+01
2.815719985961914062e+01
2.827519035339355469e+01
2.808934402465820312e+01
2.800465202331542969e+01
2.770081329345703125e+01
2.765955734252929688e+01
2.743972396850585938e+01
2.737565231323242188e+01
2.738901710510253906e+01
2.721608161926269531e+01
2.730581283569335938e+01
2.723508644104003906e+01
