3.760202789306640625e+01
3.746928405761718750e+01
3.528767776489257812e+01
3.482666015625000000e+01
3.481748199462890625e+01
3.454850387573242188e+01
3.538404846191406250e+01
3.566685104370117188e+01
3.540697097778320312e+01
3.508971023559570312e+01
3.560446166992187500e+01
3.590808486938476562e+01
3.650806427001953125e+01
3.696339416503906250e+01
3.694466400146484375e+01
3.701105117797851562e+01
3.655935287475585938e+01
3.695975112915039062e+01
3.640073013305664062e+01
3.617337036132812500e+01
3.628669738769531250e+01
3.614454650878906250e+01
3.554552078247070312e+01
3.560219955444335938e+01
3.597855758666992188e+01
3.609237670898437500e+01
3.616022872924804688e+01
3.636363983154296875e+01
3.569622802734375000e+01
3.560115051269531250e+01
3.632075500488281250e+01
3.675089263916015625e+01
3.663599395751953125e+01
3.680952072143554688e+01
3.718225097656250000e+01
3.737319946289062500e+01
3.712924575805664062e+01
3.630733489990234375e+01
3.645724105834960938e+01
3.634078216552734375e+01
3.615016174316406250e+01
3.575282287597656250e+01
3.624004364013671875e+01
3.645622253417968750e+01
3.610641860961914062e+01
3.584933090209960938e+01
3.581390762329101562e+01
3.602427673339843750e+01
3.678896713256835938e+01
3.652731323242187500e+01
3.671928024291992188e+01
3.589877319335937500e+01
3.575829315185546875e+01
3.591401672363281250e+01
3.616094207763671875e+01
3.642067337036132812e+01
3.652358245849609375e+01
3.689989471435546875e+01
3.673271942138671875e+01
3.656476211547851562e+01
3.648234558105468750e+01
3.650260925292968750e+01
3.652566528320312500e+01
3.639206695556640625e+01
3.644427871704101562e+01
3.632537841796875000e+01
3.657327651977539062e+01
3.681846618652343750e+01
3.691773986816406250e+01
3.663906097412109375e+01
3.600159072875976562e+01
3.580292129516601562e+01
3.606044769287109375e+01
3.630670547485351562e+01
3.639588928222656250e+01
3.604303359985351562e+01
3.554267883300781250e+01
3.555218887329101562e+01
3.486522293090820312e+01
3.480683135986328125e+01
3.498966598510742188e+01
3.539374542236328125e+01
3.586444091796875000e+01
3.523096084594726562e+01
3.523231887817382812e+01
3.593398666381835938e+01
3.639125061035156250e+01
3.667200088500976562e+01
3.662391662597656250e+01
3.680035018920898438e+01
3.707749938964843750e+01
3.698233795166015625e+01
3.681216812133789062e+01
3.698148727416992188e+01
3.696329879760742188e+01
3.662627410888671875e+01
3.608056259155273438e+01
3.466045379638671875e+01
3.507499313354492188e+01
3.665133666992187500e+01
3.662207794189453125e+01
3.620717239379882812e+01
3.637914276123046875e+01
