2.658528518676757812e+01
2.681781768798828125e+01
2.683772468566894531e+01
2.670278358459472656e+01
2.677708435058593750e+01
2.730144500732421875e+01
2.758551597595214844e+01
2.766950988769531250e+01
2.742132186889648438e+01
2.721006965637207031e+01
2.721929931640625000e+01
2.703248977661132812e+01
2.689931488037109375e+01
2.703997802734375000e+01
2.696902275085449219e+01
2.706099891662597656e+01
2.716999244689941406e+01
2.703750801086425781e+01
2.708232879638671875e+01
2.712596511840820312e+01
2.720828819274902344e+01
2.726165199279785156e+01
2.729934310913085938e+01
2.712298393249511719e+01
2.702722549438476562e+01
2.694750785827636719e+01
2.682090187072753906e+01
2.678021049499511719e+01
2.672001266479492188e+01
2.670094871520996094e+01
2.665783309936523438e+01
2.667617988586425781e+01
2.674575614929199219e+01
2.669363975524902344e+01
2.669612121582031250e+01
2.668412590026855469e+01
2.664160919189453125e+01
2.652198982238769531e+01
2.645573043823242188e+01
2.644919967651367188e+01
2.646101951599121094e+01
2.651675033569335938e+01
2.638793945312500000e+01
2.640925788879394531e+01
2.643698501586914062e+01
2.645832824707031250e+01
2.648543167114257812e+01
2.653465461730957031e+01
2.647091865539550781e+01
2.580439758300781250e+01
2.575070381164550781e+01
2.561696624755859375e+01
2.538382911682128906e+01
2.573491096496582031e+01
2.630748939514160156e+01
2.632868003845214844e+01
2.635732078552246094e+01
2.639148902893066406e+01
2.615270423889160156e+01
2.607886695861816406e+01
2.604604339599609375e+01
2.602970504760742188e+01
2.607434082031250000e+01
2.599796295166015625e+01
2.616639328002929688e+01
2.635961723327636719e+01
2.649406433105468750e+01
2.651691818237304688e+01
2.645969581604003906e+01
2.639262199401855469e+01
2.637949752807617188e+01
2.639703369140625000e+01
2.630882453918457031e+01
2.621984481811523438e+01
2.613107109069824219e+01
2.599768447875976562e+01
2.582244110107421875e+01
2.567380332946777344e+01
2.561658859252929688e+01
2.567107200622558594e+01
2.567304039001464844e+01
2.563399505615234375e+01
2.575107765197753906e+01
2.603326988220214844e+01
2.626926612854003906e+01
2.660094642639160156e+01
2.679349899291992188e+01
2.678937149047851562e+01
2.681770896911621094e+01
2.685450172424316406e+01
2.667696952819824219e+01
2.653594017028808594e+01
2.646258735656738281e+01
2.646128463745117188e+01
2.658911323547363281e+01
2.691937828063964844e+01
2.697458457946777344e+01
2.671113586425781250e+01
2.660068321228027344e+01
2.642646408081054688e+01
2.569283485412597656e+01
2.511513900756835938e+01
2.473234367370605469e+01
2.467921066284179688e+01
2.503539466857910156e+01
2.601054573059082031e+01
2.638051033020019531e+01
