2.920042228698730469e+01
2.904031753540039062e+01
2.905677795410156250e+01
2.902441406250000000e+01
2.915340232849121094e+01
2.939946365356445312e+01
2.971690940856933594e+01
2.943032646179199219e+01
2.906762313842773438e+01
2.901929092407226562e+01
2.912325286865234375e+01
2.913434791564941406e+01
2.901177024841308594e+01
2.896867370605468750e+01
2.902395248413085938e+01
2.931845664978027344e+01
2.930519866943359375e+01
2.926362228393554688e+01
2.907789421081542969e+01
2.886076354980468750e+01
2.846297454833984375e+01
2.844298744201660156e+01
2.849537658691406250e+01
2.858001136779785156e+01
2.845009613037109375e+01
2.826644325256347656e+01
2.826214981079101562e+01
2.832870483398437500e+01
2.847261810302734375e+01
2.867642974853515625e+01
2.842537879943847656e+01
2.818149375915527344e+01
2.825416755676269531e+01
2.841931533813476562e+01
2.846467781066894531e+01
2.831022834777832031e+01
2.836472320556640625e+01
2.854971885681152344e+01
2.898937606811523438e+01
2.916347503662109375e+01
2.927539253234863281e+01
2.952278137207031250e+01
2.975535202026367188e+01
2.976513290405273438e+01
2.969622802734375000e+01
2.945015525817871094e+01
2.935799598693847656e+01
2.944112968444824219e+01
2.958856010437011719e+01
2.978695297241210938e+01
2.985321807861328125e+01
2.995220756530761719e+01
3.002057456970214844e+01
3.003800964355468750e+01
3.014577865600585938e+01
3.014960670471191406e+01
3.013579750061035156e+01
3.018429756164550781e+01
3.020649909973144531e+01
3.016618919372558594e+01
2.991654777526855469e+01
2.951434326171875000e+01
2.948001861572265625e+01
2.945035552978515625e+01
2.923538780212402344e+01
2.902937698364257812e+01
2.896266365051269531e+01
2.904417419433593750e+01
2.912891387939453125e+01
2.913574600219726562e+01
2.899288940429687500e+01
2.882727241516113281e+01
2.870895767211914062e+01
2.871698379516601562e+01
2.857204055786132812e+01
2.847878837585449219e+01
2.843261337280273438e+01
2.843767166137695312e+01
2.833197784423828125e+01
2.818680191040039062e+01
2.807790756225585938e+01
2.796545219421386719e+01
2.805997276306152344e+01
2.806254577636718750e+01
2.809698104858398438e+01
2.810471534729003906e+01
2.803910827636718750e+01
2.811989212036132812e+01
2.835116004943847656e+01
2.863697242736816406e+01
2.871400070190429688e+01
2.860996818542480469e+01
2.851595878601074219e+01
2.833870315551757812e+01
2.826154518127441406e+01
2.827502441406250000e+01
2.848032951354980469e+01
2.879921531677246094e+01
2.900765228271484375e+01
2.911432456970214844e+01
2.900361251831054688e+01
2.873932456970214844e+01
2.855187988281250000e+01
2.880435180664062500e+01
2.902702713012695312e+01
