3.619564819335937500e+01
3.708981323242187500e+01
3.672852706909179688e+01
3.670391082763671875e+01
3.681389236450195312e+01
3.677846145629882812e+01
3.589474868774414062e+01
3.572451019287109375e+01
3.638989639282226562e+01
3.682214736938476562e+01
3.690011215209960938e+01
3.663475799560546875e+01
3.668141937255859375e+01
3.685466384887695312e+01
3.720806121826171875e+01
3.696881103515625000e+01
3.699365615844726562e+01
3.728359603881835938e+01
3.714906692504882812e+01
3.735752105712890625e+01
3.754561233520507812e+01
3.734256362915039062e+01
3.726933670043945312e+01
3.744546127319335938e+01
3.750074386596679688e+01
3.745796585083007812e+01
3.744469833374023438e+01
3.748639297485351562e+01
3.770332336425781250e+01
3.779156875610351562e+01
3.782404708862304688e+01
3.816657257080078125e+01
3.842230606079101562e+01
3.780014419555664062e+01
3.775708389282226562e+01
3.778205490112304688e+01
3.805025863647460938e+01
3.881809616088867188e+01
3.789895629882812500e+01
3.745159912109375000e+01
3.728192520141601562e+01
3.747848892211914062e+01
3.754187011718750000e+01
3.740366744995117188e+01
3.732975387573242188e+01
3.724029159545898438e+01
3.711722564697265625e+01
3.703262329101562500e+01
3.717773056030273438e+01
3.702829360961914062e+01
3.688062667846679688e+01
3.696152496337890625e+01
3.672296524047851562e+01
3.605903625488281250e+01
3.594768524169921875e+01
3.579052352905273438e+01
3.607979583740234375e+01
3.666398620605468750e+01
3.685727691650390625e+01
3.701824951171875000e+01
3.715816497802734375e+01
3.722268676757812500e+01
3.714410781860351562e+01
3.696660614013671875e+01
3.685451126098632812e+01
3.691138076782226562e+01
3.689091873168945312e+01
3.679798126220703125e+01
3.689707946777343750e+01
3.685765075683593750e+01
3.660521697998046875e+01
3.628004837036132812e+01
3.622303771972656250e+01
3.635803604125976562e+01
3.642456817626953125e+01
3.662339782714843750e+01
3.681898117065429688e+01
3.701707839965820312e+01
3.725999450683593750e+01
3.758349990844726562e+01
3.781199264526367188e+01
3.760122680664062500e+01
3.740269470214843750e+01
3.739106369018554688e+01
3.744224166870117188e+01
3.740689086914062500e+01
3.701930618286132812e+01
3.659409713745117188e+01
3.644406127929687500e+01
3.691141510009765625e+01
3.709432220458984375e+01
3.736825942993164062e+01
3.746657943725585938e+01
3.727814865112304688e+01
3.740904235839843750e+01
3.762282180786132812e+01
3.793378067016601562e+01
3.780601119995117188e+01
3.731838226318359375e+01
