2.603399276733398438e+01
2.601114845275878906e+01
2.611819839477539062e+01
2.643543434143066406e+01
2.613235282897949219e+01
2.616521835327148438e+01
2.608452606201171875e+01
2.603062629699707031e+01
2.627880096435546875e+01
2.622166633605957031e+01
2.628967285156250000e+01
2.618045234680175781e+01
2.609458923339843750e+01
2.624452400207519531e+01
2.625676727294921875e+01
2.636031913757324219e+01
2.638306999206542969e+01
2.620691108703613281e+01
2.617079544067382812e+01
2.606254196166992188e+01
2.603159141540527344e+01
2.610013580322265625e+01
2.610878562927246094e+01
2.615396499633789062e+01
2.617061805725097656e+01
2.622476959228515625e+01
2.632662582397460938e+01
2.637880325317382812e+01
2.647853660583496094e+01
2.654592132568359375e+01
2.650535583496093750e+01
2.662296295166015625e+01
2.651137161254882812e+01
2.647792243957519531e+01
2.654084396362304688e+01
2.666580581665039062e+01
2.683278274536132812e+01
2.694847869873046875e+01
2.702380943298339844e+01
2.694396781921386719e+01
2.682248878479003906e+01
2.681553268432617188e+01
2.691641998291015625e+01
2.700138282775878906e+01
2.696227455139160156e+01
2.669542121887207031e+01
2.653743934631347656e+01
2.656647682189941406e+01
2.658722114562988281e+01
2.671384048461914062e+01
2.649942207336425781e+01
2.633508872985839844e+01
2.615276527404785156e+01
2.617450141906738281e+01
2.641720771789550781e+01
2.640148735046386719e+01
2.645922851562500000e+01
2.653799247741699219e+01
2.659980964660644531e+01
2.672964096069335938e+01
2.655124855041503906e+01
2.658735466003417969e+01
2.666462135314941406e+01
2.665825653076171875e+01
2.661918640136718750e+01
2.649794387817382812e+01
2.645679473876953125e+01
2.635145187377929688e+01
2.620530319213867188e+01
2.619990921020507812e+01
2.622185897827148438e+01
2.622600746154785156e+01
2.623961257934570312e+01
2.620676422119140625e+01
2.626708030700683594e+01
2.628549003601074219e+01
2.630844497680664062e+01
2.634472084045410156e+01
2.635871696472167969e+01
2.641725921630859375e+01
2.651493072509765625e+01
2.646301269531250000e+01
2.644311523437500000e+01
2.631833457946777344e+01
2.624532508850097656e+01
2.628591346740722656e+01
2.631741714477539062e+01
2.638663673400878906e+01
2.625296974182128906e+01
2.617280006408691406e+01
2.616858291625976562e+01
2.605281639099121094e+01
2.606993865966796875e+01
2.608076858520507812e+01
2.617070198059082031e+01
2.636465072631835938e+01
2.635737228393554688e+01
2.637689590454101562e+01
2.635942649841308594e+01
2.621126365661621094e+01
2.631572151184082031e+01
2.638104438781738281e+01
2.649423980712890625e+01
2.668494415283203125e+01
2.666826629638671875e+01
2.684253311157226562e+01
