3.424737548828125000e+01
3.418975830078125000e+01
3.412087249755859375e+01
3.423087310791015625e+01
3.406889724731445312e+01
3.387920761108398438e+01
3.339568710327148438e+01
3.416840362548828125e+01
3.415496444702148438e+01
3.413222885131835938e+01
3.284377670288085938e+01
3.270976257324218750e+01
3.275856018066406250e+01
3.287679672241210938e+01
3.283349609375000000e+01
3.322113800048828125e+01
3.293284225463867188e+01
3.274092864990234375e+01
3.245867538452148438e+01
3.248945617675781250e+01
3.273631286621093750e+01
3.274650955200195312e+01
3.279055404663085938e+01
3.280468368530273438e+01
3.301061248779296875e+01
3.320416259765625000e+01
3.314678955078125000e+01
3.297880554199218750e+01
3.280353164672851562e+01
3.275115585327148438e+01
3.292973709106445312e+01
3.276914215087890625e+01
3.272747802734375000e+01
3.308583450317382812e+01
3.325971984863281250e+01
3.312687683105468750e+01
3.321654129028320312e+01
3.329366302490234375e+01
3.337974166870117188e+01
3.363462066650390625e+01
3.345056915283203125e+01
3.335651397705078125e+01
3.326747894287109375e+01
3.310365676879882812e+01
3.315764999389648438e+01
3.360551834106445312e+01
3.410474014282226562e+01
3.423325729370117188e+01
3.422679519653320312e+01
3.387492370605468750e+01
3.365802001953125000e+01
3.387746429443359375e+01
3.393332672119140625e+01
3.405422592163085938e+01
3.432783889770507812e+01
3.425886535644531250e+01
3.376161956787109375e+01
3.353585052490234375e+01
3.374333190917968750e+01
3.403261566162109375e+01
3.394534683227539062e+01
3.383170700073242188e+01
3.397475814819335938e+01
3.364145660400390625e+01
3.352298736572265625e+01
3.356122589111328125e+01
3.357221221923828125e+01
3.352917480468750000e+01
3.344477081298828125e+01
3.341312789916992188e+01
3.322831344604492188e+01
3.331879425048828125e+01
3.345372772216796875e+01
3.334989547729492188e+01
3.286980438232421875e+01
3.242615127563476562e+01
3.244068145751953125e+01
3.259349441528320312e+01
3.302939605712890625e+01
3.320000457763671875e+01
3.300655746459960938e+01
3.284552001953125000e+01
3.271337509155273438e+01
3.335121917724609375e+01
3.372896575927734375e+01
3.390940856933593750e+01
3.418243026733398438e+01
3.331526184082031250e+01
3.340269851684570312e+01
3.348007583618164062e+01
3.349742889404296875e+01
3.345619964599609375e+01
3.356369781494140625e+01
3.368183898925781250e+01
3.381584930419921875e+01
3.373254776000976562e+01
3.317506027221679688e+01
3.294024276733398438e+01
