2.550463867187500000e+01
2.518178939819335938e+01
2.472827720642089844e+01
2.446746635437011719e+01
2.475171470642089844e+01
2.508957099914550781e+01
2.526839447021484375e+01
2.603538894653320312e+01
2.692160415649414062e+01
2.726959037780761719e+01
2.734695053100585938e+01
2.753332710266113281e+01
2.747426223754882812e+01
2.712341880798339844e+01
2.677417373657226562e+01
2.663851547241210938e+01
2.607062721252441406e+01
2.532527160644531250e+01
2.505993461608886719e+01
2.475288009643554688e+01
2.474219703674316406e+01
2.471069717407226562e+01
2.453784179687500000e+01
2.447238922119140625e+01
2.462143135070800781e+01
2.483493804931640625e+01
2.492134475708007812e+01
2.480496788024902344e+01
2.485911560058593750e+01
2.500881767272949219e+01
2.525400733947753906e+01
2.550089073181152344e+01
2.573087501525878906e+01
2.597734260559082031e+01
2.631350326538085938e+01
2.655930900573730469e+01
2.660339355468750000e+01
2.653559684753417969e+01
2.652951049804687500e+01
2.645244026184082031e+01
2.647143745422363281e+01
2.667281150817871094e+01
2.691795921325683594e+01
2.697025108337402344e+01
2.709789276123046875e+01
2.723958206176757812e+01
2.725544548034667969e+01
2.719018173217773438e+01
2.711373329162597656e+01
2.688050079345703125e+01
2.672632789611816406e+01
2.691526603698730469e+01
2.702433013916015625e+01
2.679980659484863281e+01
2.639173507690429688e+01
2.610351943969726562e+01
2.601683425903320312e+01
2.592100524902343750e+01
2.591899108886718750e+01
2.595162963867187500e+01
2.604239082336425781e+01
2.614879798889160156e+01
2.602091598510742188e+01
2.580615425109863281e+01
2.541643714904785156e+01
2.519964027404785156e+01
2.525718688964843750e+01
2.534563636779785156e+01
2.546759605407714844e+01
2.561547660827636719e+01
2.574504280090332031e+01
2.585875129699707031e+01
2.584949493408203125e+01
2.591307067871093750e+01
2.611473464965820312e+01
2.611058425903320312e+01
2.601582145690917969e+01
2.597488594055175781e+01
2.583313369750976562e+01
2.567909622192382812e+01
2.508186149597167969e+01
2.442304229736328125e+01
2.408689880371093750e+01
2.438046264648437500e+01
2.487886810302734375e+01
2.506230163574218750e+01
2.562753105163574219e+01
2.630553054809570312e+01
