3.413179397583007812e+01
3.451277923583984375e+01
3.485873794555664062e+01
3.526588058471679688e+01
3.583168411254882812e+01
3.620782089233398438e+01
3.612666320800781250e+01
3.600588226318359375e+01
3.613891983032226562e+01
3.588397979736328125e+01
3.514825439453125000e+01
3.508110046386718750e+01
3.533372879028320312e+01
3.501290512084960938e+01
3.487156677246093750e+01
3.510771179199218750e+01
3.561464691162109375e+01
3.622507858276367188e+01
3.653826141357421875e+01
3.656866073608398438e+01
3.648562240600585938e+01
3.655734252929687500e+01
3.647789382934570312e+01
3.640159988403320312e+01
3.612666702270507812e+01
3.534794616699218750e+01
3.509766006469726562e+01
3.502993774414062500e+01
3.506266403198242188e+01
3.508078384399414062e+01
3.518069839477539062e+01
3.543009948730468750e+01
3.602412796020507812e+01
3.645333862304687500e+01
3.650298690795898438e+01
3.634106826782226562e+01
3.624057769775390625e+01
3.609352493286132812e+01
3.616806411743164062e+01
3.587976074218750000e+01
3.564900588989257812e+01
3.574901199340820312e+01
3.701294326782226562e+01
3.805951309204101562e+01
3.814468383789062500e+01
3.791372680664062500e+01
3.772889328002929688e+01
3.772142028808593750e+01
3.774225616455078125e+01
3.758488464355468750e+01
3.741378021240234375e+01
3.675909042358398438e+01
3.663841247558593750e+01
3.724840545654296875e+01
3.802105712890625000e+01
3.818371582031250000e+01
3.814962005615234375e+01
3.822445678710937500e+01
3.827103805541992188e+01
3.781430053710937500e+01
3.712509155273437500e+01
3.733131790161132812e+01
3.768918609619140625e+01
3.752817153930664062e+01
3.729788970947265625e+01
3.731048202514648438e+01
3.722411346435546875e+01
3.688753890991210938e+01
3.627705001831054688e+01
3.634795761108398438e+01
3.720593261718750000e+01
3.759093093872070312e+01
3.729808425903320312e+01
3.726887130737304688e+01
3.739407348632812500e+01
3.755613327026367188e+01
3.736979675292968750e+01
3.759932327270507812e+01
3.776510238647460938e+01
3.774986267089843750e+01
3.714239883422851562e+01
3.665201187133789062e+01
3.675063323974609375e+01
3.654595184326171875e+01
3.653356552124023438e+01
3.596262741088867188e+01
3.535104370117187500e+01
3.487099456787109375e+01
3.460168457031250000e+01
