2.654565811157226562e+01
2.653438377380371094e+01
2.680937576293945312e+01
2.670241165161132812e+01
2.641518020629882812e+01
2.630369186401367188e+01
2.689613723754882812e+01
2.734383010864257812e+01
2.720038795471191406e+01
2.703920936584472656e+01
2.693337249755859375e+01
2.705554389953613281e+01
2.711503028869628906e+01
2.725664710998535156e+01
2.748746681213378906e+01
2.767461967468261719e+01
2.782136344909667969e+01
2.790373229980468750e+01
2.786824989318847656e+01
2.783436393737792969e+01
2.780690765380859375e+01
2.779679679870605469e+01
2.769869995117187500e+01
2.759567642211914062e+01
2.747546195983886719e+01
2.738416290283203125e+01
2.732210922241210938e+01
2.725879096984863281e+01
2.727342987060546875e+01
2.737708663940429688e+01
2.741656494140625000e+01
2.743269538879394531e+01
2.739377593994140625e+01
2.742745590209960938e+01
2.747726058959960938e+01
2.747513198852539062e+01
2.753539466857910156e+01
2.753477478027343750e+01
2.746695709228515625e+01
2.736366844177246094e+01
2.726247024536132812e+01
2.727143478393554688e+01
2.737962913513183594e+01
2.735686874389648438e+01
2.726438522338867188e+01
2.722075271606445312e+01
2.721186065673828125e+01
2.719104766845703125e+01
2.724325752258300781e+01
2.726091194152832031e+01
2.733194160461425781e+01
2.746280479431152344e+01
2.725111961364746094e+01
2.719478034973144531e+01
2.714578437805175781e+01
2.717835807800292969e+01
2.714043426513671875e+01
2.717241287231445312e+01
2.720730400085449219e+01
2.708168792724609375e+01
2.709591865539550781e+01
2.710297775268554688e+01
2.708961105346679688e+01
2.710157012939453125e+01
2.714391708374023438e+01
2.708151054382324219e+01
2.696113967895507812e+01
2.693857955932617188e+01
2.697917747497558594e+01
2.705525779724121094e+01
2.706172752380371094e+01
2.711639595031738281e+01
2.720012283325195312e+01
2.719835281372070312e+01
2.724410629272460938e+01
2.736813163757324219e+01
2.753702163696289062e+01
2.762964248657226562e+01
2.770130538940429688e+01
2.763690757751464844e+01
2.770688629150390625e+01
2.789351081848144531e+01
2.798894119262695312e+01
2.804221725463867188e+01
2.798209953308105469e+01
2.786718559265136719e+01
2.777760314941406250e+01
2.764817047119140625e+01
2.750207710266113281e+01
2.728870964050292969e+01
2.709720802307128906e+01
2.691939353942871094e+01
2.681880378723144531e+01
2.691099739074707031e+01
2.707462501525878906e+01
2.718909263610839844e+01
2.727627944946289062e+01
2.747293090820312500e+01
2.737368965148925781e+01
2.730661964416503906e+01
2.733836555480957031e+01
2.719261360168457031e+01
2.709503555297851562e+01
2.718462371826171875e+01
2.738091659545898438e+01
2.738643455505371094e+01
2.723918724060058594e+01
2.711461067199707031e+01
2.749039840698242188e+01
