2.434450340270996094e+01
2.391086387634277344e+01
2.355209159851074219e+01
2.320732116699218750e+01
2.324827766418457031e+01
2.327839660644531250e+01
2.314612007141113281e+01
2.305425834655761719e+01
2.322537422180175781e+01
2.344677734375000000e+01
2.329158020019531250e+01
2.309858703613281250e+01
2.317105484008789062e+01
2.322866439819335938e+01
2.335048103332519531e+01
2.353829383850097656e+01
2.395202255249023438e+01
2.407584571838378906e+01
2.418139266967773438e+01
2.439657402038574219e+01
2.465605354309082031e+01
2.475684547424316406e+01
2.470704841613769531e+01
2.469866561889648438e+01
2.499519538879394531e+01
2.550101089477539062e+01
2.589195060729980469e+01
2.592765998840332031e+01
2.594877433776855469e+01
2.602713203430175781e+01
2.611247444152832031e+01
2.623268890380859375e+01
2.644204139709472656e+01
2.667150688171386719e+01
2.683400535583496094e+01
2.693183326721191406e+01
2.709022712707519531e+01
2.705870628356933594e+01
2.679789161682128906e+01
2.654540443420410156e+01
2.630931282043457031e+01
2.604290008544921875e+01
2.579490852355957031e+01
2.563490867614746094e+01
2.558893013000488281e+01
2.554412841796875000e+01
2.560894584655761719e+01
2.559108734130859375e+01
2.557547187805175781e+01
2.548867225646972656e+01
2.546455192565917969e+01
2.552752304077148438e+01
2.553768730163574219e+01
2.545253181457519531e+01
2.528643798828125000e+01
2.520381355285644531e+01
2.514575004577636719e+01
2.502037429809570312e+01
2.507686042785644531e+01
2.509744834899902344e+01
2.509794807434082031e+01
2.500206947326660156e+01
2.487758255004882812e+01
2.481369400024414062e+01
2.475173568725585938e+01
2.476190185546875000e+01
2.483902549743652344e+01
2.499626731872558594e+01
2.509462928771972656e+01
2.504441833496093750e+01
2.490553665161132812e+01
2.477835083007812500e+01
2.474141883850097656e+01
2.479852104187011719e+01
2.484912872314453125e+01
2.494264793395996094e+01
2.496654701232910156e+01
2.503025627136230469e+01
2.514262962341308594e+01
2.502775764465332031e+01
2.487428474426269531e+01
2.480878448486328125e+01
2.476593399047851562e+01
2.460374450683593750e+01
2.437674903869628906e+01
2.433630561828613281e+01
2.441526222229003906e+01
2.438560867309570312e+01
2.430336380004882812e+01
2.403401565551757812e+01
2.401148223876953125e+01
2.410511779785156250e+01
2.428665542602539062e+01
2.439085006713867188e+01
2.442144012451171875e+01
2.450361633300781250e+01
2.472260856628417969e+01
2.490094184875488281e+01
2.512377357482910156e+01
2.548154449462890625e+01
2.540079307556152344e+01
2.515724563598632812e+01
2.521932792663574219e+01
2.526506233215332031e+01
2.509194564819335938e+01
2.514913368225097656e+01
