2.866680717468261719e+01
2.896923255920410156e+01
2.912550163269042969e+01
2.923516845703125000e+01
2.929554557800292969e+01
2.931114578247070312e+01
2.919986724853515625e+01
2.896075057983398438e+01
2.871283340454101562e+01
2.869753265380859375e+01
2.881836700439453125e+01
2.882581138610839844e+01
2.856100273132324219e+01
2.842725372314453125e+01
2.841864585876464844e+01
2.845556068420410156e+01
2.840942764282226562e+01
2.845610237121582031e+01
2.849435615539550781e+01
2.869861793518066406e+01
2.907137489318847656e+01
2.878201484680175781e+01
2.851697158813476562e+01
2.851849937438964844e+01
2.837000083923339844e+01
2.814672279357910156e+01
2.818341636657714844e+01
2.845477104187011719e+01
2.855927276611328125e+01
2.853186607360839844e+01
2.866236114501953125e+01
2.897063446044921875e+01
2.900447463989257812e+01
2.884986495971679688e+01
2.891521072387695312e+01
2.895529174804687500e+01
2.882028770446777344e+01
2.860009956359863281e+01
2.855608367919921875e+01
2.860802078247070312e+01
2.863043594360351562e+01
2.854465293884277344e+01
2.857067108154296875e+01
2.865919113159179688e+01
2.880535316467285156e+01
2.888011932373046875e+01
2.840491676330566406e+01
2.787481307983398438e+01
2.781954193115234375e+01
2.833620643615722656e+01
2.844763374328613281e+01
2.816541671752929688e+01
2.817168617248535156e+01
2.835274887084960938e+01
2.838660240173339844e+01
2.839795875549316406e+01
2.848198127746582031e+01
2.884057426452636719e+01
2.892903327941894531e+01
2.895371818542480469e+01
2.900369453430175781e+01
2.891420364379882812e+01
2.872911834716796875e+01
2.843292808532714844e+01
2.798310089111328125e+01
2.795775032043457031e+01
2.798838615417480469e+01
2.796454811096191406e+01
2.788926124572753906e+01
2.778085899353027344e+01
2.768045043945312500e+01
2.765414619445800781e+01
2.779020118713378906e+01
2.788407516479492188e+01
2.792540550231933594e+01
2.798842620849609375e+01
2.812941169738769531e+01
2.828228569030761719e+01
2.837435340881347656e+01
2.837897300720214844e+01
2.847142982482910156e+01
2.872895622253417969e+01
2.883653831481933594e+01
2.886256217956542969e+01
2.890278434753417969e+01
2.884463882446289062e+01
2.867438507080078125e+01
2.857055664062500000e+01
2.853944778442382812e+01
2.869241333007812500e+01
2.877786445617675781e+01
2.873193740844726562e+01
2.877130317687988281e+01
2.894182014465332031e+01
2.894529724121093750e+01
2.895908927917480469e+01
2.866027641296386719e+01
2.854713249206542969e+01
2.856373405456542969e+01
2.847651481628417969e+01
2.852886772155761719e+01
