2.119822502136230469e+01
2.101799392700195312e+01
2.101111602783203125e+01
2.105204200744628906e+01
2.123181343078613281e+01
2.158774375915527344e+01
2.191713714599609375e+01
2.186632156372070312e+01
2.192920303344726562e+01
2.207372856140136719e+01
2.230606079101562500e+01
2.261248397827148438e+01
2.278076934814453125e+01
2.283103561401367188e+01
2.266086006164550781e+01
2.265707015991210938e+01
2.265294075012207031e+01
2.266118812561035156e+01
2.251974678039550781e+01
2.244820404052734375e+01
2.245200538635253906e+01
2.245944976806640625e+01
2.242931747436523438e+01
2.253008460998535156e+01
2.273868942260742188e+01
2.307004928588867188e+01
2.336876869201660156e+01
2.365011978149414062e+01
2.378314590454101562e+01
2.371410751342773438e+01
2.357766723632812500e+01
2.337285232543945312e+01
2.322085380554199219e+01
2.321455383300781250e+01
2.330695915222167969e+01
2.328646659851074219e+01
2.317456436157226562e+01
2.323336982727050781e+01
2.332578277587890625e+01
2.350714302062988281e+01
2.367420959472656250e+01
2.375826072692871094e+01
2.378141021728515625e+01
2.373518753051757812e+01
2.368649864196777344e+01
2.362206268310546875e+01
2.357816123962402344e+01
2.353453063964843750e+01
2.351805496215820312e+01
2.356061935424804688e+01
2.353890228271484375e+01
2.348189926147460938e+01
2.339535713195800781e+01
2.330384445190429688e+01
2.315771102905273438e+01
2.294401741027832031e+01
2.282166290283203125e+01
2.270555305480957031e+01
2.271588516235351562e+01
2.276540946960449219e+01
2.283168792724609375e+01
2.292635345458984375e+01
2.292185211181640625e+01
2.283345413208007812e+01
2.282250595092773438e+01
2.295481491088867188e+01
2.302944946289062500e+01
2.308666610717773438e+01
2.315470886230468750e+01
2.330770492553710938e+01
2.346462249755859375e+01
2.356549835205078125e+01
2.363858795166015625e+01
2.364271926879882812e+01
2.360356140136718750e+01
2.359181594848632812e+01
2.360564422607421875e+01
2.363036346435546875e+01
2.360553741455078125e+01
2.354980850219726562e+01
2.339075851440429688e+01
2.297033309936523438e+01
2.270500183105468750e+01
2.267873764038085938e+01
2.286737442016601562e+01
2.326113128662109375e+01
2.373989486694335938e+01
2.416166496276855469e+01
2.425718688964843750e+01
2.412707138061523438e+01
2.402247238159179688e+01
