3.007453536987304688e+01
3.019139671325683594e+01
3.037445449829101562e+01
3.053427314758300781e+01
3.052641296386718750e+01
3.058472061157226562e+01
3.082215118408203125e+01
3.093589019775390625e+01
3.105488204956054688e+01
3.121140670776367188e+01
3.162496948242187500e+01
3.181929969787597656e+01
3.162116813659667969e+01
3.130014991760253906e+01
3.095489883422851562e+01
3.075157165527343750e+01
3.068586730957031250e+01
3.060764694213867188e+01
3.052279281616210938e+01
3.038181877136230469e+01
3.039071655273437500e+01
3.022135925292968750e+01
3.006705284118652344e+01
2.999170494079589844e+01
3.007510948181152344e+01
3.017194747924804688e+01
3.090331077575683594e+01
3.167905044555664062e+01
3.157211875915527344e+01
3.151151847839355469e+01
3.122252082824707031e+01
3.129233932495117188e+01
3.143329620361328125e+01
3.137473487854003906e+01
3.113306999206542969e+01
3.117477989196777344e+01
3.166503715515136719e+01
3.204208755493164062e+01
3.241502380371093750e+01
3.205217742919921875e+01
3.137202262878417969e+01
3.098440170288085938e+01
3.081471824645996094e+01
3.058108329772949219e+01
3.031535720825195312e+01
3.016212081909179688e+01
3.034920692443847656e+01
3.036819267272949219e+01
3.039286994934082031e+01
3.019543075561523438e+01
2.964513397216796875e+01
2.925520133972167969e+01
2.872692871093750000e+01
2.902595329284667969e+01
2.910223388671875000e+01
2.903958511352539062e+01
2.948291397094726562e+01
2.964813804626464844e+01
2.988325309753417969e+01
3.000125312805175781e+01
3.028488159179687500e+01
3.022967720031738281e+01
3.073538780212402344e+01
3.147913932800292969e+01
3.187543869018554688e+01
3.191793632507324219e+01
3.142552375793457031e+01
3.096829414367675781e+01
3.105107688903808594e+01
3.178752708435058594e+01
3.164489364624023438e+01
3.102685356140136719e+01
3.065279579162597656e+01
3.014541816711425781e+01
2.999966621398925781e+01
3.008630943298339844e+01
3.016191864013671875e+01
3.027085876464843750e+01
3.049239158630371094e+01
3.056551933288574219e+01
3.076811599731445312e+01
3.095584487915039062e+01
3.107393455505371094e+01
3.120198631286621094e+01
3.127497100830078125e+01
3.119008827209472656e+01
3.122453689575195312e+01
3.157631683349609375e+01
3.195773696899414062e+01
3.206211090087890625e+01
3.208743667602539062e+01
3.206029891967773438e+01
3.179019355773925781e+01
3.157262611389160156e+01
3.152367019653320312e+01
3.140051651000976562e+01
3.120169448852539062e+01
3.150631904602050781e+01
3.174316215515136719e+01
3.164262390136718750e+01
3.112681579589843750e+01
3.026377677917480469e+01
2.926302337646484375e+01
2.902123451232910156e+01
