2.851319885253906250e+01
2.859107398986816406e+01
2.892726516723632812e+01
2.902979469299316406e+01
2.842864608764648438e+01
2.829344558715820312e+01
2.801017951965332031e+01
2.763234710693359375e+01
2.741274642944335938e+01
2.712832641601562500e+01
2.697516632080078125e+01
2.704135513305664062e+01
2.700775337219238281e+01
2.693949127197265625e+01
2.683847236633300781e+01
2.675636100769042969e+01
2.685651397705078125e+01
2.694024276733398438e+01
2.712527084350585938e+01
2.724882125854492188e+01
2.740533828735351562e+01
2.749558639526367188e+01
2.759947204589843750e+01
2.782221794128417969e+01
2.808372497558593750e+01
2.814431381225585938e+01
2.817367172241210938e+01
2.821364212036132812e+01
2.814718246459960938e+01
2.823320579528808594e+01
2.837326622009277344e+01
2.839408302307128906e+01
2.841773033142089844e+01
2.836315155029296875e+01
2.838064384460449219e+01
2.838747978210449219e+01
2.823950576782226562e+01
2.822892189025878906e+01
2.814706420898437500e+01
2.795776939392089844e+01
2.770478248596191406e+01
2.759689712524414062e+01
2.764901924133300781e+01
2.781486701965332031e+01
2.805566787719726562e+01
2.847907257080078125e+01
2.865720558166503906e+01
2.871804618835449219e+01
2.887158203125000000e+01
2.849360847473144531e+01
2.823053359985351562e+01
2.801626968383789062e+01
2.788812828063964844e+01
2.772308349609375000e+01
2.759733200073242188e+01
2.763631439208984375e+01
2.775438690185546875e+01
2.783224105834960938e+01
2.795648574829101562e+01
2.800367546081542969e+01
2.771509552001953125e+01
2.744814872741699219e+01
2.741475868225097656e+01
2.742243957519531250e+01
2.744612884521484375e+01
2.736916542053222656e+01
2.731666374206542969e+01
2.736085510253906250e+01
2.736763572692871094e+01
2.739288330078125000e+01
2.745193099975585938e+01
2.754253959655761719e+01
2.764712715148925781e+01
2.777327346801757812e+01
2.794437217712402344e+01
2.801052284240722656e+01
2.799816703796386719e+01
2.809427261352539062e+01
2.797489929199218750e+01
2.771605873107910156e+01
2.752546691894531250e+01
2.731863021850585938e+01
2.724983978271484375e+01
2.732699012756347656e+01
2.736344718933105469e+01
2.751751899719238281e+01
2.763953971862792969e+01
2.784067344665527344e+01
2.783043098449707031e+01
2.761065864562988281e+01
2.746545219421386719e+01
2.737252426147460938e+01
2.731689453125000000e+01
2.731024932861328125e+01
2.710600852966308594e+01
2.683012199401855469e+01
2.677158546447753906e+01
2.669026756286621094e+01
2.674993324279785156e+01
2.698777770996093750e+01
2.734106636047363281e+01
2.763401603698730469e+01
2.735459136962890625e+01
2.681958007812500000e+01
2.675478553771972656e+01
2.610470008850097656e+01
2.577148246765136719e+01
2.558582305908203125e+01
