3.340777969360351562e+01
3.302374267578125000e+01
3.271813201904296875e+01
3.267453384399414062e+01
3.244726562500000000e+01
3.247882461547851562e+01
3.281231307983398438e+01
3.300466537475585938e+01
3.332795333862304688e+01
3.358190917968750000e+01
3.374782562255859375e+01
3.370933914184570312e+01
3.376105117797851562e+01
3.386094665527343750e+01
3.412310409545898438e+01
3.421147155761718750e+01
3.374658584594726562e+01
3.319813156127929688e+01
3.315165710449218750e+01
3.341705322265625000e+01
3.363154983520507812e+01
3.383711624145507812e+01
3.420335006713867188e+01
3.529779434204101562e+01
3.651654434204101562e+01
3.669907379150390625e+01
3.658795928955078125e+01
3.639376068115234375e+01
3.601054382324218750e+01
3.579097366333007812e+01
3.564625167846679688e+01
3.510531234741210938e+01
3.470512771606445312e+01
3.437964248657226562e+01
3.431162643432617188e+01
3.443064880371093750e+01
3.429089355468750000e+01
3.440610885620117188e+01
3.497117233276367188e+01
3.518951034545898438e+01
3.483469772338867188e+01
3.457620239257812500e+01
3.437945938110351562e+01
3.454368591308593750e+01
3.495348739624023438e+01
3.533826446533203125e+01
3.520048141479492188e+01
3.537393188476562500e+01
3.640254592895507812e+01
3.672254180908203125e+01
3.658173370361328125e+01
3.622873687744140625e+01
3.533480453491210938e+01
3.465306091308593750e+01
3.435617828369140625e+01
3.435169982910156250e+01
3.436470031738281250e+01
3.436396408081054688e+01
3.455683898925781250e+01
3.500843811035156250e+01
3.515342330932617188e+01
3.524061584472656250e+01
3.460067749023437500e+01
3.404321289062500000e+01
3.383084869384765625e+01
3.407092666625976562e+01
3.431023788452148438e+01
3.409536361694335938e+01
3.389004516601562500e+01
3.353435516357421875e+01
3.331842422485351562e+01
3.336097335815429688e+01
3.343848419189453125e+01
3.352533721923828125e+01
3.364284896850585938e+01
3.379437637329101562e+01
3.391951751708984375e+01
3.393349075317382812e+01
3.382007217407226562e+01
3.377653884887695312e+01
3.376000595092773438e+01
3.394123840332031250e+01
3.399478149414062500e+01
3.365358352661132812e+01
3.335817718505859375e+01
3.325022506713867188e+01
3.318880462646484375e+01
3.323686981201171875e+01
3.352162551879882812e+01
3.379584884643554688e+01
3.376228713989257812e+01
3.357699966430664062e+01
3.328300476074218750e+01
3.306419372558593750e+01
3.280872726440429688e+01
3.253580093383789062e+01
3.251027297973632812e+01
3.253403472900390625e+01
3.276856613159179688e+01
3.325640106201171875e+01
3.368502044677734375e+01
