2.774903297424316406e+01
2.767560386657714844e+01
2.783531570434570312e+01
2.699548721313476562e+01
2.653298759460449219e+01
2.664282798767089844e+01
2.643120574951171875e+01
2.643207740783691406e+01
2.618219184875488281e+01
2.597802925109863281e+01
2.606008911132812500e+01
2.594931602478027344e+01
2.604920196533203125e+01
2.629183769226074219e+01
2.629586219787597656e+01
2.635190200805664062e+01
2.637363624572753906e+01
2.628637123107910156e+01
2.634858512878417969e+01
2.659814643859863281e+01
2.684436607360839844e+01
2.688710212707519531e+01
2.691595840454101562e+01
2.709147071838378906e+01
2.714244270324707031e+01
2.704603195190429688e+01
2.696192169189453125e+01
2.698756980895996094e+01
2.721421432495117188e+01
2.743988227844238281e+01
2.747555732727050781e+01
2.755680084228515625e+01
2.733733558654785156e+01
2.711460876464843750e+01
2.703565216064453125e+01
2.685245704650878906e+01
2.674932670593261719e+01
2.662142562866210938e+01
2.657681655883789062e+01
2.654694175720214844e+01
2.647358703613281250e+01
2.640579032897949219e+01
2.637579345703125000e+01
2.628312873840332031e+01
2.619461822509765625e+01
2.615209197998046875e+01
2.604388618469238281e+01
2.594624710083007812e+01
2.582140731811523438e+01
2.569356155395507812e+01
2.561206436157226562e+01
2.555031776428222656e+01
2.554164886474609375e+01
2.557666587829589844e+01
2.563396644592285156e+01
2.576189994812011719e+01
2.580805397033691406e+01
2.581203651428222656e+01
2.585093498229980469e+01
2.586490058898925781e+01
2.588287544250488281e+01
2.584975242614746094e+01
2.578919029235839844e+01
2.573110771179199219e+01
2.579059219360351562e+01
2.584573173522949219e+01
2.593368911743164062e+01
2.602092933654785156e+01
2.601286506652832031e+01
2.604290008544921875e+01
2.607298469543457031e+01
2.616347503662109375e+01
2.635738754272460938e+01
2.647425270080566406e+01
2.648152542114257812e+01
2.646298789978027344e+01
2.655258178710937500e+01
2.662317276000976562e+01
2.682737731933593750e+01
2.703655433654785156e+01
2.712669754028320312e+01
2.720351982116699219e+01
2.707843589782714844e+01
2.674616432189941406e+01
2.668555641174316406e+01
2.666313362121582031e+01
2.677995491027832031e+01
2.704016304016113281e+01
2.718839263916015625e+01
2.727434539794921875e+01
2.736369514465332031e+01
2.736484909057617188e+01
2.743629074096679688e+01
2.765892219543457031e+01
2.775551795959472656e+01
2.789059066772460938e+01
2.795940208435058594e+01
2.762701225280761719e+01
2.745004653930664062e+01
2.736602973937988281e+01
2.801675605773925781e+01
