2.780205917358398438e+01
2.793809890747070312e+01
2.828246307373046875e+01
2.923299217224121094e+01
3.069448471069335938e+01
3.059656333923339844e+01
3.060991287231445312e+01
2.977760887145996094e+01
2.906913757324218750e+01
2.837200164794921875e+01
2.786678504943847656e+01
2.752867889404296875e+01
2.772826957702636719e+01
2.754682540893554688e+01
2.754699516296386719e+01
2.777552223205566406e+01
2.767171669006347656e+01
2.763213348388671875e+01
2.781862068176269531e+01
2.781355285644531250e+01
2.785127067565917969e+01
2.781106758117675781e+01
2.779271507263183594e+01
2.798278617858886719e+01
2.830938148498535156e+01
2.815407562255859375e+01
2.798910331726074219e+01
2.789470863342285156e+01
2.801288223266601562e+01
2.817040443420410156e+01
2.818065643310546875e+01
2.806832504272460938e+01
2.781198883056640625e+01
2.745112609863281250e+01
2.737262725830078125e+01
2.749177169799804688e+01
2.763440132141113281e+01
2.774320983886718750e+01
2.762727928161621094e+01
2.761426544189453125e+01
2.772442245483398438e+01
2.775879669189453125e+01
2.760709762573242188e+01
2.751491928100585938e+01
2.752249526977539062e+01
2.753967857360839844e+01
2.759443473815917969e+01
2.766758918762207031e+01
2.775065040588378906e+01
2.784760856628417969e+01
2.796635055541992188e+01
2.806047630310058594e+01
2.811052322387695312e+01
2.794559097290039062e+01
2.777869415283203125e+01
2.781477546691894531e+01
2.807658195495605469e+01
2.827448272705078125e+01
2.846773910522460938e+01
2.864483451843261719e+01
2.899592208862304688e+01
2.932139778137207031e+01
2.950135231018066406e+01
2.952080345153808594e+01
2.949180412292480469e+01
2.951409912109375000e+01
2.941093826293945312e+01
2.927866935729980469e+01
2.923780441284179688e+01
2.924362945556640625e+01
2.935470581054687500e+01
2.959811592102050781e+01
3.002335166931152344e+01
3.044921684265136719e+01
3.100409698486328125e+01
3.055750465393066406e+01
3.019972610473632812e+01
2.993919754028320312e+01
2.952174186706542969e+01
2.930021476745605469e+01
2.896262550354003906e+01
2.845294761657714844e+01
2.809611511230468750e+01
2.774516868591308594e+01
2.762471580505371094e+01
2.745825767517089844e+01
2.737447738647460938e+01
2.743918418884277344e+01
2.752377128601074219e+01
2.775937652587890625e+01
2.779145050048828125e+01
2.759567832946777344e+01
2.760042381286621094e+01
2.764235496520996094e+01
2.768817901611328125e+01
2.762969207763671875e+01
2.776303672790527344e+01
