3.460699844360351562e+01
3.478326797485351562e+01
3.510529327392578125e+01
3.529828643798828125e+01
3.534136581420898438e+01
3.494096755981445312e+01
3.437279510498046875e+01
3.418708419799804688e+01
3.436964416503906250e+01
3.445149612426757812e+01
3.466857528686523438e+01
3.508765792846679688e+01
3.544223403930664062e+01
3.520818710327148438e+01
3.500021743774414062e+01
3.504137039184570312e+01
3.499197769165039062e+01
3.497359085083007812e+01
3.495192337036132812e+01
3.487287902832031250e+01
3.460818481445312500e+01
3.435799026489257812e+01
3.435940170288085938e+01
3.452999877929687500e+01
3.482370376586914062e+01
3.511397552490234375e+01
3.506865692138671875e+01
3.481882095336914062e+01
3.463010787963867188e+01
3.447229385375976562e+01
3.446695709228515625e+01
3.448439788818359375e+01
3.458585739135742188e+01
3.475513839721679688e+01
3.504082107543945312e+01
3.512007522583007812e+01
3.506157302856445312e+01
3.507109832763671875e+01
3.500194549560546875e+01
3.489638137817382812e+01
3.489500045776367188e+01
3.497715759277343750e+01
3.498561477661132812e+01
3.498231124877929688e+01
3.492997360229492188e+01
3.494722366333007812e+01
3.510949325561523438e+01
3.525040817260742188e+01
3.522875213623046875e+01
3.516301727294921875e+01
3.506414794921875000e+01
3.489248275756835938e+01
3.477458953857421875e+01
3.479589843750000000e+01
3.482101821899414062e+01
3.488431930541992188e+01
3.494178009033203125e+01
3.494194030761718750e+01
3.504872894287109375e+01
3.537897872924804688e+01
3.576072692871093750e+01
3.628427505493164062e+01
3.680012512207031250e+01
3.707945251464843750e+01
3.670430755615234375e+01
3.553574752807617188e+01
3.491296005249023438e+01
3.483197784423828125e+01
3.480651092529296875e+01
3.493096160888671875e+01
3.503088760375976562e+01
3.535260009765625000e+01
3.626265335083007812e+01
3.656856918334960938e+01
3.659458160400390625e+01
3.656511688232421875e+01
3.663755035400390625e+01
3.670546340942382812e+01
3.685197448730468750e+01
3.658299636840820312e+01
3.609938430786132812e+01
3.574689483642578125e+01
3.621567153930664062e+01
3.606833648681640625e+01
3.662203598022460938e+01
3.767074203491210938e+01
3.813795852661132812e+01
3.820341110229492188e+01
3.829213714599609375e+01
3.796093368530273438e+01
3.714543533325195312e+01
3.630332565307617188e+01
