2.543550872802734375e+01
2.553024291992187500e+01
2.574494934082031250e+01
2.543930244445800781e+01
2.547746849060058594e+01
2.562051773071289062e+01
2.566564369201660156e+01
2.568033409118652344e+01
2.570072746276855469e+01
2.569184303283691406e+01
2.586854553222656250e+01
2.581597328186035156e+01
2.578360939025878906e+01
2.589559555053710938e+01
2.584375953674316406e+01
2.582424545288085938e+01
2.600384140014648438e+01
2.613069152832031250e+01
2.622257614135742188e+01
2.625539779663085938e+01
2.612707328796386719e+01
2.615743827819824219e+01
2.628282546997070312e+01
2.620419692993164062e+01
2.609545135498046875e+01
2.595341873168945312e+01
2.577319908142089844e+01
2.561605262756347656e+01
2.537759399414062500e+01
2.525083160400390625e+01
2.512374496459960938e+01
2.512444114685058594e+01
2.514313125610351562e+01
2.518524742126464844e+01
2.518675804138183594e+01
2.503258895874023438e+01
2.486690711975097656e+01
2.478909683227539062e+01
2.482944297790527344e+01
2.499283027648925781e+01
2.519513130187988281e+01
2.518361282348632812e+01
2.516305351257324219e+01
2.509060668945312500e+01
2.506082344055175781e+01
2.497706604003906250e+01
2.478314590454101562e+01
2.466915130615234375e+01
2.461871337890625000e+01
2.449665451049804688e+01
2.447775840759277344e+01
2.450253105163574219e+01
2.444910240173339844e+01
2.439077186584472656e+01
2.438409805297851562e+01
2.431584358215332031e+01
2.428219985961914062e+01
2.424457550048828125e+01
2.415732383728027344e+01
2.410475730895996094e+01
2.407609939575195312e+01
2.405542945861816406e+01
2.411538696289062500e+01
2.425849151611328125e+01
2.436512184143066406e+01
2.445480537414550781e+01
2.453065872192382812e+01
2.453722190856933594e+01
2.454492378234863281e+01
2.459827423095703125e+01
2.468636322021484375e+01
2.479936790466308594e+01
2.485214996337890625e+01
2.485076713562011719e+01
2.490671920776367188e+01
2.497052574157714844e+01
2.500129890441894531e+01
2.505697250366210938e+01
2.494302368164062500e+01
2.492085456848144531e+01
2.492934036254882812e+01
2.470373535156250000e+01
2.445921707153320312e+01
2.436755180358886719e+01
2.428950119018554688e+01
2.420648002624511719e+01
2.425595474243164062e+01
2.430549812316894531e+01
2.430541229248046875e+01
2.430311584472656250e+01
2.440732192993164062e+01
2.456208419799804688e+01
2.473941612243652344e+01
2.464537429809570312e+01
2.445930099487304688e+01
2.437740135192871094e+01
2.444078445434570312e+01
2.458452415466308594e+01
2.475927925109863281e+01
2.479431533813476562e+01
2.480987739562988281e+01
2.491402816772460938e+01
2.521287918090820312e+01
2.547209358215332031e+01
2.554868316650390625e+01
2.548026084899902344e+01
2.574714088439941406e+01
2.495382690429687500e+01
2.420109176635742188e+01
