2.201326751708984375e+01
2.240682029724121094e+01
2.282882308959960938e+01
2.357268524169921875e+01
2.423264884948730469e+01
2.432258415222167969e+01
2.406595611572265625e+01
2.367188072204589844e+01
2.350181579589843750e+01
2.354339599609375000e+01
2.343929100036621094e+01
2.327160263061523438e+01
2.306543540954589844e+01
2.281836128234863281e+01
2.271286201477050781e+01
2.297946166992187500e+01
2.310862159729003906e+01
2.305732345581054688e+01
2.311020469665527344e+01
2.329329109191894531e+01
2.338203620910644531e+01
2.348109817504882812e+01
2.356833076477050781e+01
2.343322372436523438e+01
2.342145347595214844e+01
2.342277145385742188e+01
2.336914253234863281e+01
2.332593345642089844e+01
2.337275123596191406e+01
2.344467735290527344e+01
2.355950736999511719e+01
2.374124526977539062e+01
2.395743179321289062e+01
2.402612686157226562e+01
2.400964546203613281e+01
2.394969367980957031e+01
2.386775779724121094e+01
2.383200263977050781e+01
2.382214736938476562e+01
2.377909278869628906e+01
2.382523536682128906e+01
2.388646316528320312e+01
2.394349479675292969e+01
2.393823432922363281e+01
2.389897918701171875e+01
2.390414810180664062e+01
2.387988662719726562e+01
2.384249114990234375e+01
2.380466651916503906e+01
2.373528480529785156e+01
2.363006019592285156e+01
2.352737236022949219e+01
2.350511550903320312e+01
2.353808975219726562e+01
2.358568382263183594e+01
2.362106895446777344e+01
2.367062568664550781e+01
2.370915412902832031e+01
2.367699432373046875e+01
2.357640838623046875e+01
2.347740554809570312e+01
2.339008522033691406e+01
2.333081054687500000e+01
2.332344245910644531e+01
2.330815505981445312e+01
2.325070381164550781e+01
2.327124786376953125e+01
2.333331298828125000e+01
2.344085693359375000e+01
2.354737091064453125e+01
2.371180725097656250e+01
2.389167022705078125e+01
2.398971748352050781e+01
2.401454734802246094e+01
2.394367599487304688e+01
2.378606605529785156e+01
2.358625221252441406e+01
2.351541328430175781e+01
2.351175880432128906e+01
2.359015464782714844e+01
2.370273399353027344e+01
2.372564506530761719e+01
2.380270767211914062e+01
2.385894584655761719e+01
2.378576278686523438e+01
2.385542488098144531e+01
2.389306640625000000e+01
2.387097930908203125e+01
2.381730079650878906e+01
2.379808998107910156e+01
2.377110099792480469e+01
2.378945159912109375e+01
2.397556114196777344e+01
2.396934700012207031e+01
2.386483192443847656e+01
2.356761360168457031e+01
2.332235145568847656e+01
2.293970298767089844e+01
2.241686439514160156e+01
