3.062323379516601562e+01
3.091763877868652344e+01
3.106710243225097656e+01
3.131197738647460938e+01
3.200826263427734375e+01
3.217791748046875000e+01
3.193545913696289062e+01
3.155911636352539062e+01
3.094573974609375000e+01
3.055190658569335938e+01
3.059535980224609375e+01
3.071406936645507812e+01
3.083349227905273438e+01
3.100864982604980469e+01
3.099191284179687500e+01
3.103964233398437500e+01
3.119981956481933594e+01
3.113957977294921875e+01
3.108739089965820312e+01
3.110152435302734375e+01
3.111322975158691406e+01
3.112743186950683594e+01
3.122647666931152344e+01
3.149910926818847656e+01
3.162246894836425781e+01
3.178973197937011719e+01
3.211129760742187500e+01
3.209272384643554688e+01
3.196017456054687500e+01
3.191198921203613281e+01
3.171110916137695312e+01
3.164270019531250000e+01
3.160966873168945312e+01
3.151026725769042969e+01
3.155411148071289062e+01
3.148741149902343750e+01
3.130865478515625000e+01
3.141906166076660156e+01
3.172983551025390625e+01
3.194732475280761719e+01
3.217868804931640625e+01
3.213586425781250000e+01
3.166300773620605469e+01
3.148423576354980469e+01
3.136140632629394531e+01
3.125349426269531250e+01
3.120353126525878906e+01
3.121733093261718750e+01
3.121654891967773438e+01
3.126784133911132812e+01
3.131977272033691406e+01
3.149970817565917969e+01
3.157969093322753906e+01
3.166872215270996094e+01
3.169484329223632812e+01
3.174549102783203125e+01
3.171661758422851562e+01
3.161894035339355469e+01
3.157501602172851562e+01
3.165265083312988281e+01
3.193884849548339844e+01
3.195909690856933594e+01
3.172366523742675781e+01
3.138432121276855469e+01
3.120521736145019531e+01
3.113693809509277344e+01
3.115310287475585938e+01
3.114855766296386719e+01
3.102152442932128906e+01
3.078483581542968750e+01
3.065848541259765625e+01
3.075901031494140625e+01
3.118043518066406250e+01
3.190573501586914062e+01
3.244617843627929688e+01
3.266131591796875000e+01
3.255743789672851562e+01
3.270350646972656250e+01
3.268165969848632812e+01
3.233236312866210938e+01
3.199427413940429688e+01
3.193209648132324219e+01
3.170839500427246094e+01
3.172515106201171875e+01
3.195714759826660156e+01
3.225426864624023438e+01
3.263674163818359375e+01
3.284624099731445312e+01
3.310266494750976562e+01
3.243860244750976562e+01
3.165030097961425781e+01
3.161745262145996094e+01
3.238980102539062500e+01
3.307532882690429688e+01
3.339225006103515625e+01
3.315023040771484375e+01
