3.709260940551757812e+01
3.726539611816406250e+01
3.726460647583007812e+01
3.724448013305664062e+01
3.742708206176757812e+01
3.762500762939453125e+01
3.745632934570312500e+01
3.742048263549804688e+01
3.744102096557617188e+01
3.741105270385742188e+01
3.762340927124023438e+01
3.754275131225585938e+01
3.741577148437500000e+01
3.732550048828125000e+01
3.742848587036132812e+01
3.760585784912109375e+01
3.740888595581054688e+01
3.722861099243164062e+01
3.716259765625000000e+01
3.735697174072265625e+01
3.739558792114257812e+01
3.745298767089843750e+01
3.736748886108398438e+01
3.778647613525390625e+01
3.798971939086914062e+01
3.790445327758789062e+01
3.770816040039062500e+01
3.772864532470703125e+01
3.770245361328125000e+01
3.764429473876953125e+01
3.750401306152343750e+01
3.749029541015625000e+01
3.754150009155273438e+01
3.762984466552734375e+01
3.778781509399414062e+01
3.801693344116210938e+01
3.795979690551757812e+01
3.784330749511718750e+01
3.792656707763671875e+01
3.795709609985351562e+01
3.775961685180664062e+01
3.768799972534179688e+01
3.758246994018554688e+01
3.765201568603515625e+01
3.752348327636718750e+01
3.739546966552734375e+01
3.724684906005859375e+01
3.740705871582031250e+01
3.759962463378906250e+01
3.766184997558593750e+01
3.747682952880859375e+01
3.736684799194335938e+01
3.746574783325195312e+01
3.755265808105468750e+01
3.762385940551757812e+01
3.770729064941406250e+01
3.776023864746093750e+01
3.768272399902343750e+01
3.769067764282226562e+01
3.767003250122070312e+01
3.769028472900390625e+01
3.766597366333007812e+01
3.766112518310546875e+01
3.730731964111328125e+01
3.700328445434570312e+01
3.710946273803710938e+01
3.749724197387695312e+01
3.773149108886718750e+01
3.770109558105468750e+01
3.778770828247070312e+01
3.772632217407226562e+01
3.798868942260742188e+01
3.787936401367187500e+01
3.798012161254882812e+01
3.810725784301757812e+01
3.830213928222656250e+01
3.843201828002929688e+01
3.815404891967773438e+01
3.812766647338867188e+01
3.819433593750000000e+01
3.812532424926757812e+01
3.799446868896484375e+01
3.822365570068359375e+01
3.817496871948242188e+01
3.795617675781250000e+01
3.758951187133789062e+01
3.754658126831054688e+01
3.774920272827148438e+01
3.759815216064453125e+01
3.756399154663085938e+01
3.737301254272460938e+01
3.694866561889648438e+01
3.540274429321289062e+01
3.507384109497070312e+01
