2.641295051574707031e+01
2.636421585083007812e+01
2.638626861572265625e+01
2.620391464233398438e+01
2.632235908508300781e+01
2.635580444335937500e+01
2.649452018737792969e+01
2.676808357238769531e+01
2.698146057128906250e+01
2.708916854858398438e+01
2.711211204528808594e+01
2.704470252990722656e+01
2.710807228088378906e+01
2.698934745788574219e+01
2.708479690551757812e+01
2.696284294128417969e+01
2.678856658935546875e+01
2.693845748901367188e+01
2.705628204345703125e+01
2.709779739379882812e+01
2.687953758239746094e+01
2.683126258850097656e+01
2.675604248046875000e+01
2.673830986022949219e+01
2.690204811096191406e+01
2.702987670898437500e+01
2.702999877929687500e+01
2.710407257080078125e+01
2.708503532409667969e+01
2.708878898620605469e+01
2.709203720092773438e+01
2.698553276062011719e+01
2.703465461730957031e+01
2.717618179321289062e+01
2.725933074951171875e+01
2.727825927734375000e+01
2.729264450073242188e+01
2.738321495056152344e+01
2.742446517944335938e+01
2.733588218688964844e+01
2.720513916015625000e+01
2.714758872985839844e+01
2.713142395019531250e+01
2.714808464050292969e+01
2.717078018188476562e+01
2.713717651367187500e+01
2.718424606323242188e+01
2.732986259460449219e+01
2.744962310791015625e+01
2.751574325561523438e+01
2.751647949218750000e+01
2.739675903320312500e+01
2.730421257019042969e+01
2.728528213500976562e+01
2.730671691894531250e+01
2.736068344116210938e+01
2.745898818969726562e+01
2.755186843872070312e+01
2.762764739990234375e+01
2.763714599609375000e+01
2.756628799438476562e+01
2.748930549621582031e+01
2.751872634887695312e+01
2.744899749755859375e+01
2.744430351257324219e+01
2.747339439392089844e+01
2.755178260803222656e+01
2.754001235961914062e+01
2.739473342895507812e+01
2.725916099548339844e+01
2.716237831115722656e+01
2.695504951477050781e+01
2.688436126708984375e+01
2.687925720214843750e+01
2.695807266235351562e+01
2.710697746276855469e+01
2.716077995300292969e+01
2.725573348999023438e+01
2.728375244140625000e+01
2.723778915405273438e+01
2.718462371826171875e+01
2.714475440979003906e+01
2.729360961914062500e+01
2.736731147766113281e+01
2.742062377929687500e+01
2.747052192687988281e+01
2.754712486267089844e+01
2.782607269287109375e+01
2.803270149230957031e+01
2.800411224365234375e+01
2.790573310852050781e+01
2.769496154785156250e+01
2.741140556335449219e+01
2.713498687744140625e+01
2.687091636657714844e+01
2.667611503601074219e+01
2.643164253234863281e+01
2.639257431030273438e+01
2.640311431884765625e+01
2.653154182434082031e+01
2.673337936401367188e+01
2.689419174194335938e+01
2.711566162109375000e+01
2.716295242309570312e+01
2.698059272766113281e+01
2.696104240417480469e+01
