3.388950729370117188e+01
3.384504699707031250e+01
3.422204971313476562e+01
3.455093765258789062e+01
3.572207260131835938e+01
3.615509796142578125e+01
3.543967056274414062e+01
3.464338302612304688e+01
3.442172622680664062e+01
3.449653244018554688e+01
3.422897338867187500e+01
3.410062789916992188e+01
3.417694091796875000e+01
3.415437698364257812e+01
3.412060165405273438e+01
3.390235519409179688e+01
3.340040588378906250e+01
3.343618392944335938e+01
3.410503005981445312e+01
3.429795074462890625e+01
3.436768722534179688e+01
3.450820541381835938e+01
3.463912582397460938e+01
3.444078445434570312e+01
3.456321716308593750e+01
3.470490646362304688e+01
3.460287094116210938e+01
3.423104476928710938e+01
3.399682998657226562e+01
3.400132369995117188e+01
3.404730224609375000e+01
3.455720901489257812e+01
3.430973434448242188e+01
3.365016174316406250e+01
3.352803421020507812e+01
3.347825241088867188e+01
3.329692077636718750e+01
3.319335937500000000e+01
3.318210220336914062e+01
3.329274368286132812e+01
3.336152648925781250e+01
3.337306976318359375e+01
3.324850082397460938e+01
3.319673538208007812e+01
3.328760147094726562e+01
3.343945312500000000e+01
3.358128356933593750e+01
3.370063781738281250e+01
3.386978530883789062e+01
3.391870498657226562e+01
3.402376174926757812e+01
3.419440841674804688e+01
3.431611633300781250e+01
3.462560653686523438e+01
3.516794204711914062e+01
3.578545379638671875e+01
3.567465209960937500e+01
3.611602783203125000e+01
3.606900024414062500e+01
3.461753845214843750e+01
3.372150421142578125e+01
3.375276947021484375e+01
3.407975387573242188e+01
3.432213973999023438e+01
3.408150863647460938e+01
3.401035308837890625e+01
3.394472503662109375e+01
3.428429031372070312e+01
3.473520278930664062e+01
3.642960739135742188e+01
3.775643920898437500e+01
3.843242263793945312e+01
3.811850357055664062e+01
3.714911270141601562e+01
3.701248931884765625e+01
3.712334442138671875e+01
3.679969024658203125e+01
3.721916580200195312e+01
3.831010055541992188e+01
3.842641830444335938e+01
3.796326828002929688e+01
3.823683929443359375e+01
3.814404296875000000e+01
3.720865249633789062e+01
3.692618560791015625e+01
3.673888397216796875e+01
3.569342803955078125e+01
3.528375244140625000e+01
3.726593017578125000e+01
3.706666564941406250e+01
3.484955215454101562e+01
3.361634445190429688e+01
3.314318466186523438e+01
