3.077734184265136719e+01
3.213822174072265625e+01
3.272229766845703125e+01
3.254487991333007812e+01
3.252204132080078125e+01
3.281445693969726562e+01
3.328993988037109375e+01
3.338992309570312500e+01
3.368988418579101562e+01
3.426335144042968750e+01
3.406796646118164062e+01
3.417544174194335938e+01
3.391473388671875000e+01
3.288676452636718750e+01
3.268202590942382812e+01
3.269900894165039062e+01
3.303186416625976562e+01
3.344007492065429688e+01
3.327862167358398438e+01
3.289317321777343750e+01
3.304558181762695312e+01
3.312921142578125000e+01
3.294991302490234375e+01
3.258254623413085938e+01
3.232891464233398438e+01
3.263016510009765625e+01
3.325958633422851562e+01
3.372533035278320312e+01
3.376029586791992188e+01
3.345183181762695312e+01
3.365667724609375000e+01
3.353954696655273438e+01
3.342335128784179688e+01
3.331882858276367188e+01
3.368718338012695312e+01
3.356033325195312500e+01
3.336280059814453125e+01
3.346461105346679688e+01
3.355554199218750000e+01
3.367286300659179688e+01
3.377439498901367188e+01
3.391285705566406250e+01
3.403768539428710938e+01
3.396058654785156250e+01
3.395986175537109375e+01
3.408787536621093750e+01
3.403078079223632812e+01
3.386463165283203125e+01
3.381160736083984375e+01
3.430407714843750000e+01
3.467625045776367188e+01
3.439449310302734375e+01
3.408130264282226562e+01
3.376436996459960938e+01
3.383347702026367188e+01
3.400149154663085938e+01
3.409550476074218750e+01
3.431686782836914062e+01
3.447481918334960938e+01
3.468880844116210938e+01
3.485850906372070312e+01
3.478378295898437500e+01
3.454091262817382812e+01
3.423797607421875000e+01
3.416332244873046875e+01
3.408109664916992188e+01
3.416935729980468750e+01
3.413717269897460938e+01
3.389755630493164062e+01
3.363555526733398438e+01
3.381098556518554688e+01
3.378121185302734375e+01
3.365596008300781250e+01
3.363425445556640625e+01
3.359065246582031250e+01
3.332575607299804688e+01
3.285538864135742188e+01
3.272624206542968750e+01
3.296882247924804688e+01
3.352167892456054688e+01
3.458852005004882812e+01
3.442539978027343750e+01
3.366819000244140625e+01
3.321554565429687500e+01
3.383102798461914062e+01
3.430189514160156250e+01
3.403535461425781250e+01
3.357337570190429688e+01
3.324353027343750000e+01
3.298955917358398438e+01
3.291170883178710938e+01
3.305788421630859375e+01
3.310328674316406250e+01
3.338412094116210938e+01
3.370356750488281250e+01
3.419148254394531250e+01
3.484016036987304688e+01
3.502686309814453125e+01
3.416799545288085938e+01
3.365050888061523438e+01
3.375321578979492188e+01
3.350779724121093750e+01
3.317629241943359375e+01
3.328897857666015625e+01
