3.313953781127929688e+01
3.299279022216796875e+01
3.270741271972656250e+01
3.224503707885742188e+01
3.183864784240722656e+01
3.195345115661621094e+01
3.207820129394531250e+01
3.225035476684570312e+01
3.256228637695312500e+01
3.250810623168945312e+01
3.239683532714843750e+01
3.240602111816406250e+01
3.223843002319335938e+01
3.217252731323242188e+01
3.190355491638183594e+01
3.201023101806640625e+01
3.200054931640625000e+01
3.203824234008789062e+01
3.200505447387695312e+01
3.177405929565429688e+01
3.160807609558105469e+01
3.157508468627929688e+01
3.138742065429687500e+01
3.096047401428222656e+01
3.081909370422363281e+01
3.114728927612304688e+01
3.131189727783203125e+01
3.117649269104003906e+01
3.097611618041992188e+01
3.077537155151367188e+01
3.080857276916503906e+01
3.101623153686523438e+01
3.104704093933105469e+01
3.092321968078613281e+01
3.083228492736816406e+01
3.087833213806152344e+01
3.115007972717285156e+01
3.131966590881347656e+01
3.133308410644531250e+01
3.137523078918457031e+01
3.138983726501464844e+01
3.130016708374023438e+01
3.129881095886230469e+01
3.143334960937500000e+01
3.187187385559082031e+01
3.207871627807617188e+01
3.221874618530273438e+01
3.215451431274414062e+01
3.203988647460937500e+01
3.196867942810058594e+01
3.172124671936035156e+01
3.130904579162597656e+01
3.084172821044921875e+01
3.093825149536132812e+01
3.114814758300781250e+01
3.097612190246582031e+01
3.075767326354980469e+01
3.087836837768554688e+01
3.107927322387695312e+01
3.142940139770507812e+01
3.161167335510253906e+01
3.154196739196777344e+01
3.151296043395996094e+01
3.175753402709960938e+01
3.175104331970214844e+01
3.141209220886230469e+01
3.139652061462402344e+01
3.181017494201660156e+01
3.231203842163085938e+01
3.249630355834960938e+01
3.275223922729492188e+01
3.275310134887695312e+01
3.239368820190429688e+01
3.196175956726074219e+01
3.109804344177246094e+01
3.048060607910156250e+01
2.998583221435546875e+01
3.002204513549804688e+01
3.032392311096191406e+01
3.076049804687500000e+01
3.154419898986816406e+01
3.187836837768554688e+01
3.234594345092773438e+01
3.242216873168945312e+01
3.244466018676757812e+01
3.207126998901367188e+01
3.196001625061035156e+01
3.203971481323242188e+01
3.174620628356933594e+01
3.131080818176269531e+01
3.144152450561523438e+01
3.174246025085449219e+01
3.200246429443359375e+01
3.207210922241210938e+01
3.198420524597167969e+01
3.226492309570312500e+01
3.243521118164062500e+01
3.231040954589843750e+01
3.225764465332031250e+01
3.215486145019531250e+01
3.199917221069335938e+01
3.194704627990722656e+01
3.200848770141601562e+01
3.229677200317382812e+01
3.254939270019531250e+01
3.232079696655273438e+01
