3.373811721801757812e+01
3.401045989990234375e+01
3.408212280273437500e+01
3.401547241210937500e+01
3.388313293457031250e+01
3.367129898071289062e+01
3.361001205444335938e+01
3.356268692016601562e+01
3.360504531860351562e+01
3.383232498168945312e+01
3.415942764282226562e+01
3.451672744750976562e+01
3.601853179931640625e+01
3.682652282714843750e+01
3.695471572875976562e+01
3.705471420288085938e+01
3.731748580932617188e+01
3.745415496826171875e+01
3.749693679809570312e+01
3.762914276123046875e+01
3.758263397216796875e+01
3.753587722778320312e+01
3.710688018798828125e+01
3.668416213989257812e+01
3.639390945434570312e+01
3.606198501586914062e+01
3.617444992065429688e+01
3.671300888061523438e+01
3.719243621826171875e+01
3.742057037353515625e+01
3.737053298950195312e+01
3.747452163696289062e+01
3.769477844238281250e+01
3.764169692993164062e+01
3.753639221191406250e+01
3.758034515380859375e+01
3.768068695068359375e+01
3.775628662109375000e+01
3.770011520385742188e+01
3.748720932006835938e+01
3.713162612915039062e+01
3.724388885498046875e+01
3.731188201904296875e+01
3.717955780029296875e+01
3.693112564086914062e+01
3.639299774169921875e+01
3.589258956909179688e+01
3.608012008666992188e+01
3.634302902221679688e+01
3.654266738891601562e+01
3.701460647583007812e+01
3.710173797607421875e+01
3.709408950805664062e+01
3.713032913208007812e+01
3.715269851684570312e+01
3.682446289062500000e+01
3.667256546020507812e+01
3.629533767700195312e+01
3.600730895996093750e+01
3.599918365478515625e+01
3.683107376098632812e+01
3.712476348876953125e+01
3.719342422485351562e+01
3.712948989868164062e+01
3.701590728759765625e+01
3.691534042358398438e+01
3.678334045410156250e+01
3.612923812866210938e+01
3.538114166259765625e+01
3.506161880493164062e+01
3.500921630859375000e+01
3.515299606323242188e+01
3.516326141357421875e+01
3.500702667236328125e+01
3.494224929809570312e+01
3.498454666137695312e+01
3.477152252197265625e+01
3.471267318725585938e+01
3.477556228637695312e+01
3.483302307128906250e+01
3.478511428833007812e+01
3.486056900024414062e+01
3.497837066650390625e+01
3.539276123046875000e+01
3.538811874389648438e+01
3.511800384521484375e+01
3.497620773315429688e+01
3.496190261840820312e+01
3.469335556030273438e+01
3.471501541137695312e+01
3.451841354370117188e+01
3.399746704101562500e+01
3.412329483032226562e+01
3.430850982666015625e+01
3.439469909667968750e+01
3.441738891601562500e+01
3.372373580932617188e+01
3.318236160278320312e+01
3.315031051635742188e+01
