2.569347381591796875e+01
2.627067375183105469e+01
2.579753684997558594e+01
2.603257369995117188e+01
2.586205673217773438e+01
2.569516563415527344e+01
2.574977493286132812e+01
2.566534423828125000e+01
2.540697097778320312e+01
2.513413619995117188e+01
2.516122627258300781e+01
2.518687820434570312e+01
2.543946456909179688e+01
2.546383857727050781e+01
2.566135406494140625e+01
2.569069099426269531e+01
2.565112304687500000e+01
2.536206817626953125e+01
2.520970916748046875e+01
2.514773941040039062e+01
2.512029647827148438e+01
2.513974952697753906e+01
2.521625900268554688e+01
2.533130264282226562e+01
2.542778205871582031e+01
2.540503692626953125e+01
2.534446144104003906e+01
2.552227592468261719e+01
2.573311614990234375e+01
2.590103912353515625e+01
2.584249114990234375e+01
2.574581718444824219e+01
2.576918601989746094e+01
2.568183898925781250e+01
2.569378662109375000e+01
2.586164855957031250e+01
2.613734436035156250e+01
2.653014373779296875e+01
2.651220321655273438e+01
2.618918609619140625e+01
2.571350860595703125e+01
2.511643981933593750e+01
2.488808441162109375e+01
2.497000885009765625e+01
2.541108322143554688e+01
2.613284683227539062e+01
2.652733421325683594e+01
2.662029838562011719e+01
2.667807579040527344e+01
2.621097946166992188e+01
2.586629486083984375e+01
2.579896926879882812e+01
2.591443252563476562e+01
2.571763801574707031e+01
2.572858619689941406e+01
2.537629508972167969e+01
2.540323829650878906e+01
2.526489257812500000e+01
2.550509071350097656e+01
2.540583419799804688e+01
2.536543464660644531e+01
2.526847839355468750e+01
2.538137054443359375e+01
2.560680198669433594e+01
2.587694549560546875e+01
2.603754043579101562e+01
2.595593070983886719e+01
2.588690185546875000e+01
2.593954086303710938e+01
2.611318778991699219e+01
2.612627792358398438e+01
2.611989021301269531e+01
2.612025833129882812e+01
2.617755508422851562e+01
2.614411163330078125e+01
2.602063941955566406e+01
2.588016128540039062e+01
2.579914474487304688e+01
2.558011436462402344e+01
2.550584411621093750e+01
2.556325721740722656e+01
2.563614654541015625e+01
2.537170791625976562e+01
2.513747787475585938e+01
2.486136054992675781e+01
2.468772506713867188e+01
2.449920272827148438e+01
2.434430694580078125e+01
2.428700447082519531e+01
2.452604484558105469e+01
2.488655090332031250e+01
2.504255294799804688e+01
2.533038711547851562e+01
2.529940414428710938e+01
2.550082397460937500e+01
2.516421127319335938e+01
2.512749481201171875e+01
2.476509475708007812e+01
2.453427505493164062e+01
2.412913513183593750e+01
2.426015853881835938e+01
2.422716140747070312e+01
2.450092506408691406e+01
2.469216156005859375e+01
2.541079902648925781e+01
2.566287994384765625e+01
2.606383895874023438e+01
2.599019432067871094e+01
2.594776344299316406e+01
