3.340490341186523438e+01
3.318588256835937500e+01
3.278169631958007812e+01
3.219918441772460938e+01
3.247967910766601562e+01
3.275699615478515625e+01
3.303207778930664062e+01
3.313311767578125000e+01
3.297362899780273438e+01
3.273218917846679688e+01
3.247243881225585938e+01
3.224293899536132812e+01
3.195428466796875000e+01
3.185676574707031250e+01
3.191425514221191406e+01
3.204325103759765625e+01
3.202725219726562500e+01
3.197716522216796875e+01
3.183705139160156250e+01
3.164096450805664062e+01
3.167926025390625000e+01
3.212381362915039062e+01
3.231403350830078125e+01
3.215931320190429688e+01
3.230277633666992188e+01
3.243442153930664062e+01
3.257398223876953125e+01
3.265454483032226562e+01
3.258256912231445312e+01
3.235395050048828125e+01
3.199839591979980469e+01
3.178484153747558594e+01
3.182059478759765625e+01
3.193144416809082031e+01
3.211564254760742188e+01
3.235124969482421875e+01
3.256904983520507812e+01
3.268573379516601562e+01
3.298317718505859375e+01
3.334201431274414062e+01
3.337723159790039062e+01
3.329836654663085938e+01
3.309870147705078125e+01
3.271286392211914062e+01
3.247204589843750000e+01
3.252114105224609375e+01
3.273937988281250000e+01
3.270748519897460938e+01
3.272932815551757812e+01
3.297827148437500000e+01
3.312524414062500000e+01
3.289755630493164062e+01
3.298212432861328125e+01
3.311925506591796875e+01
3.310077667236328125e+01
3.275226211547851562e+01
3.253572082519531250e+01
3.262126922607421875e+01
3.267398071289062500e+01
3.294556045532226562e+01
3.333702850341796875e+01
3.358188629150390625e+01
3.359897232055664062e+01
3.353987503051757812e+01
3.358585357666015625e+01
3.355326843261718750e+01
3.356112670898437500e+01
3.356230545043945312e+01
3.338801193237304688e+01
3.294540405273437500e+01
3.287294006347656250e+01
3.286495590209960938e+01
3.279216766357421875e+01
3.264417648315429688e+01
3.270114135742187500e+01
3.284048461914062500e+01
3.269649505615234375e+01
3.242969131469726562e+01
3.223793029785156250e+01
3.220975494384765625e+01
3.213465499877929688e+01
3.205068206787109375e+01
3.212182617187500000e+01
3.248357391357421875e+01
3.280051040649414062e+01
3.287931442260742188e+01
3.295890426635742188e+01
3.299454116821289062e+01
3.304939270019531250e+01
3.322604370117187500e+01
3.326254272460937500e+01
3.339567565917968750e+01
3.336467361450195312e+01
3.321045303344726562e+01
3.310251235961914062e+01
3.309431076049804688e+01
3.312041091918945312e+01
3.301188278198242188e+01
3.285072708129882812e+01
3.296955490112304688e+01
3.303002548217773438e+01
