3.057983207702636719e+01
3.055142974853515625e+01
3.164525413513183594e+01
3.148772048950195312e+01
3.108200073242187500e+01
3.089094352722167969e+01
3.090145111083984375e+01
3.056869697570800781e+01
3.017835235595703125e+01
2.989126205444335938e+01
2.966984176635742188e+01
2.954320526123046875e+01
2.939181137084960938e+01
2.933979606628417969e+01
2.942550277709960938e+01
2.958345794677734375e+01
2.967153739929199219e+01
2.962692832946777344e+01
2.944933128356933594e+01
2.932288551330566406e+01
2.915122222900390625e+01
2.901863670349121094e+01
2.895792579650878906e+01
2.926220703125000000e+01
3.018849563598632812e+01
3.113016319274902344e+01
3.134756660461425781e+01
3.096586418151855469e+01
2.999325752258300781e+01
2.974209785461425781e+01
2.958453941345214844e+01
2.948600578308105469e+01
2.947480010986328125e+01
2.942777633666992188e+01
2.936056709289550781e+01
2.942461395263671875e+01
2.943700981140136719e+01
2.952206039428710938e+01
2.935272789001464844e+01
2.897427558898925781e+01
2.875508499145507812e+01
2.877708244323730469e+01
2.895843124389648438e+01
2.901411247253417969e+01
2.898998069763183594e+01
2.895896148681640625e+01
2.923514938354492188e+01
2.957935142517089844e+01
3.036185836791992188e+01
3.137914276123046875e+01
3.092248916625976562e+01
3.054996871948242188e+01
3.036792182922363281e+01
3.049719619750976562e+01
3.036280822753906250e+01
3.005943489074707031e+01
2.988205909729003906e+01
2.990739440917968750e+01
2.985036659240722656e+01
2.966608238220214844e+01
2.945973587036132812e+01
2.927922439575195312e+01
2.929538917541503906e+01
2.935683631896972656e+01
2.944968605041503906e+01
2.943339920043945312e+01
2.955019187927246094e+01
2.974250984191894531e+01
2.975920486450195312e+01
2.970764350891113281e+01
2.967920303344726562e+01
2.963762092590332031e+01
2.955992698669433594e+01
2.968630790710449219e+01
3.015402984619140625e+01
3.005840682983398438e+01
2.981625938415527344e+01
2.957359695434570312e+01
2.939428520202636719e+01
2.908034324645996094e+01
2.868553733825683594e+01
2.860398101806640625e+01
2.877124977111816406e+01
2.906337738037109375e+01
2.915387344360351562e+01
2.931087875366210938e+01
2.946928787231445312e+01
2.939201927185058594e+01
2.938137817382812500e+01
2.953664588928222656e+01
2.977855300903320312e+01
2.996771049499511719e+01
3.013454246520996094e+01
3.032596015930175781e+01
3.058455848693847656e+01
3.032563400268554688e+01
3.025168991088867188e+01
2.997936248779296875e+01
2.981876754760742188e+01
2.986851501464843750e+01
2.963747787475585938e+01
2.952308654785156250e+01
3.001447677612304688e+01
3.058383178710937500e+01
3.143073272705078125e+01
3.081111526489257812e+01
