2.955172348022460938e+01
2.967905044555664062e+01
2.969865608215332031e+01
2.914440345764160156e+01
2.894172096252441406e+01
2.874388504028320312e+01
2.856970024108886719e+01
2.845709037780761719e+01
2.840518569946289062e+01
2.820266914367675781e+01
2.807099533081054688e+01
2.791662216186523438e+01
2.797049140930175781e+01
2.830037117004394531e+01
2.869468116760253906e+01
2.909684371948242188e+01
2.904989624023437500e+01
2.890850639343261719e+01
2.907298851013183594e+01
2.932315254211425781e+01
2.955137825012207031e+01
2.966850471496582031e+01
2.952044296264648438e+01
2.929281997680664062e+01
2.917233467102050781e+01
2.907668495178222656e+01
2.892959213256835938e+01
2.874004554748535156e+01
2.859731483459472656e+01
2.851373863220214844e+01
2.833921623229980469e+01
2.822869873046875000e+01
2.816182136535644531e+01
2.811157608032226562e+01
2.811353492736816406e+01
2.815724945068359375e+01
2.807426834106445312e+01
2.809145927429199219e+01
2.820314216613769531e+01
2.821595764160156250e+01
2.822611618041992188e+01
2.824137878417968750e+01
2.822282028198242188e+01
2.844861793518066406e+01
2.875915718078613281e+01
2.868304634094238281e+01
2.846889686584472656e+01
2.829338645935058594e+01
2.827722930908203125e+01
2.839745903015136719e+01
2.857292556762695312e+01
2.865877532958984375e+01
2.856854820251464844e+01
2.855473136901855469e+01
2.832729339599609375e+01
2.828914070129394531e+01
2.845671272277832031e+01
2.857000541687011719e+01
2.857365226745605469e+01
2.838555145263671875e+01
2.828157997131347656e+01
2.823169708251953125e+01
2.792904663085937500e+01
2.764748954772949219e+01
2.750604438781738281e+01
2.755129051208496094e+01
2.766607284545898438e+01
2.785223960876464844e+01
2.789523887634277344e+01
2.781808662414550781e+01
2.788537216186523438e+01
2.796433830261230469e+01
2.794585800170898438e+01
2.789008903503417969e+01
2.785152626037597656e+01
2.769853401184082031e+01
2.763825035095214844e+01
2.775594139099121094e+01
2.797684288024902344e+01
2.796697807312011719e+01
2.796323204040527344e+01
2.795452117919921875e+01
2.778320312500000000e+01
2.775594329833984375e+01
2.789350700378417969e+01
2.805029487609863281e+01
2.811279296875000000e+01
2.819411087036132812e+01
2.801512527465820312e+01
2.761810302734375000e+01
2.743827438354492188e+01
2.743017005920410156e+01
2.739843177795410156e+01
2.745638847351074219e+01
2.747864913940429688e+01
2.743880844116210938e+01
2.756538963317871094e+01
2.775287055969238281e+01
2.799643707275390625e+01
2.782709693908691406e+01
2.732103729248046875e+01
2.712567901611328125e+01
2.662524223327636719e+01
2.643202209472656250e+01
2.679958534240722656e+01
