2.552757453918457031e+01
2.573956108093261719e+01
2.614289474487304688e+01
2.628672790527343750e+01
2.618577766418457031e+01
2.595347595214843750e+01
2.597684097290039062e+01
2.629363250732421875e+01
2.662944412231445312e+01
2.697977256774902344e+01
2.713385200500488281e+01
2.705355262756347656e+01
2.681279182434082031e+01
2.666298103332519531e+01
2.645972633361816406e+01
2.636327552795410156e+01
2.647093582153320312e+01
2.659873199462890625e+01
2.643549728393554688e+01
2.630182456970214844e+01
2.620012283325195312e+01
2.614159965515136719e+01
2.610470581054687500e+01
2.606687164306640625e+01
2.606058692932128906e+01
2.599152946472167969e+01
2.604083061218261719e+01
2.613014411926269531e+01
2.600833511352539062e+01
2.578908920288085938e+01
2.557252502441406250e+01
2.557292938232421875e+01
2.551897621154785156e+01
2.535987091064453125e+01
2.526185035705566406e+01
2.521701622009277344e+01
2.522836685180664062e+01
2.530805587768554688e+01
2.540430068969726562e+01
2.554762077331542969e+01
2.570182800292968750e+01
2.589265823364257812e+01
2.599267196655273438e+01
2.600776672363281250e+01
2.607578468322753906e+01
2.604255104064941406e+01
2.597773742675781250e+01
2.590010833740234375e+01
2.592305183410644531e+01
2.573072814941406250e+01
2.563200950622558594e+01
2.566973114013671875e+01
2.565899085998535156e+01
2.557618522644042969e+01
2.547353363037109375e+01
2.535891151428222656e+01
2.527620506286621094e+01
2.538883209228515625e+01
2.571439361572265625e+01
2.601998138427734375e+01
2.615827751159667969e+01
2.632599067687988281e+01
2.660154724121093750e+01
2.676203536987304688e+01
2.680452346801757812e+01
2.667348861694335938e+01
2.650681877136230469e+01
2.635790061950683594e+01
2.623249244689941406e+01
2.600818634033203125e+01
2.580409431457519531e+01
2.562792587280273438e+01
2.549199676513671875e+01
2.535422134399414062e+01
2.527824783325195312e+01
2.536416625976562500e+01
2.541102600097656250e+01
2.560873603820800781e+01
2.584362602233886719e+01
2.592346000671386719e+01
2.582142257690429688e+01
2.579140281677246094e+01
2.575250816345214844e+01
2.571608734130859375e+01
2.563246154785156250e+01
2.565597534179687500e+01
2.564820671081542969e+01
2.569742202758789062e+01
2.565040588378906250e+01
2.551071929931640625e+01
2.539319419860839844e+01
2.535506439208984375e+01
2.551865196228027344e+01
2.564591217041015625e+01
2.572395515441894531e+01
2.588356781005859375e+01
2.608052444458007812e+01
2.622951507568359375e+01
2.617377471923828125e+01
2.593691635131835938e+01
2.574813842773437500e+01
2.544460678100585938e+01
2.527340507507324219e+01
2.446949386596679688e+01
2.334648513793945312e+01
