2.469633102416992188e+01
2.478648948669433594e+01
2.482599449157714844e+01
2.483459663391113281e+01
2.485041809082031250e+01
2.490329551696777344e+01
2.491673469543457031e+01
2.505420494079589844e+01
2.503256225585937500e+01
2.504348182678222656e+01
2.504099464416503906e+01
2.495909309387207031e+01
2.501743507385253906e+01
2.500206565856933594e+01
2.461619949340820312e+01
2.454136276245117188e+01
2.448589134216308594e+01
2.443641853332519531e+01
2.438495826721191406e+01
2.441337776184082031e+01
2.443451118469238281e+01
2.436602210998535156e+01
2.412936019897460938e+01
2.400663948059082031e+01
2.385448646545410156e+01
2.368864059448242188e+01
2.357051277160644531e+01
2.349660110473632812e+01
2.351601791381835938e+01
2.339551353454589844e+01
2.341918754577636719e+01
2.361695671081542969e+01
2.387773513793945312e+01
2.403828430175781250e+01
2.414672279357910156e+01
2.435260963439941406e+01
2.432083129882812500e+01
2.420271682739257812e+01
2.396352386474609375e+01
2.361769866943359375e+01
2.344252014160156250e+01
2.337155342102050781e+01
2.329580116271972656e+01
2.329352951049804688e+01
2.334298324584960938e+01
2.336304855346679688e+01
2.336510086059570312e+01
2.332698059082031250e+01
2.332187080383300781e+01
2.329649734497070312e+01
2.308731651306152344e+01
2.296758079528808594e+01
2.287599945068359375e+01
2.286211013793945312e+01
2.303067016601562500e+01
2.324520683288574219e+01
2.346665191650390625e+01
2.362531852722167969e+01
2.385018539428710938e+01
2.403704071044921875e+01
2.433300018310546875e+01
2.454351425170898438e+01
2.450158691406250000e+01
2.465313339233398438e+01
2.500994491577148438e+01
2.529166030883789062e+01
2.524153137207031250e+01
2.515182685852050781e+01
2.503314781188964844e+01
2.482598304748535156e+01
2.498467636108398438e+01
2.476674652099609375e+01
2.445565032958984375e+01
2.426740646362304688e+01
2.425214004516601562e+01
2.438784599304199219e+01
2.467560386657714844e+01
2.494152641296386719e+01
2.511896133422851562e+01
2.528382110595703125e+01
2.533791160583496094e+01
2.535095596313476562e+01
2.549250030517578125e+01
2.574431419372558594e+01
2.571928787231445312e+01
2.564048957824707031e+01
2.556336021423339844e+01
2.551779174804687500e+01
2.557930374145507812e+01
2.570322227478027344e+01
2.582122611999511719e+01
2.543689727783203125e+01
2.483896446228027344e+01
2.475170516967773438e+01
2.520354270935058594e+01
2.601259040832519531e+01
2.602630805969238281e+01
2.606126213073730469e+01
