2.919525337219238281e+01
2.905650711059570312e+01
2.883580398559570312e+01
2.853564071655273438e+01
2.820089912414550781e+01
2.798483467102050781e+01
2.804951858520507812e+01
2.814767265319824219e+01
2.813701438903808594e+01
2.815140533447265625e+01
2.819775390625000000e+01
2.832907676696777344e+01
2.851114273071289062e+01
2.860980415344238281e+01
2.880303001403808594e+01
2.893382835388183594e+01
2.894976997375488281e+01
2.894058799743652344e+01
2.893700981140136719e+01
2.883551216125488281e+01
2.853926658630371094e+01
2.844853973388671875e+01
2.844034957885742188e+01
2.846909523010253906e+01
2.852388954162597656e+01
2.862301254272460938e+01
2.864842796325683594e+01
2.870482826232910156e+01
2.885749435424804688e+01
2.881912422180175781e+01
2.873210334777832031e+01
2.858775901794433594e+01
2.859405899047851562e+01
2.855363464355468750e+01
2.851108741760253906e+01
2.835973548889160156e+01
2.808739471435546875e+01
2.787565612792968750e+01
2.780532455444335938e+01
2.781859779357910156e+01
2.788081359863281250e+01
2.786159706115722656e+01
2.785507011413574219e+01
2.802648735046386719e+01
2.821885299682617188e+01
2.811242294311523438e+01
2.784550666809082031e+01
2.769472694396972656e+01
2.777633857727050781e+01
2.804424667358398438e+01
2.837742042541503906e+01
2.856603050231933594e+01
2.869475936889648438e+01
2.853981590270996094e+01
2.827640724182128906e+01
2.813522148132324219e+01
2.802430725097656250e+01
2.792530059814453125e+01
2.790736007690429688e+01
2.774723815917968750e+01
2.772594642639160156e+01
2.779185295104980469e+01
2.786613655090332031e+01
2.798465156555175781e+01
2.795832633972167969e+01
2.785537528991699219e+01
2.784304428100585938e+01
2.801262092590332031e+01
2.815855598449707031e+01
2.837247276306152344e+01
2.884857368469238281e+01
2.928123092651367188e+01
2.942868995666503906e+01
2.926242637634277344e+01
2.894391632080078125e+01
2.877778434753417969e+01
2.856377792358398438e+01
2.839191246032714844e+01
2.832855415344238281e+01
2.824839401245117188e+01
2.819116783142089844e+01
2.821324348449707031e+01
2.842877006530761719e+01
2.852747535705566406e+01
2.846326255798339844e+01
2.808036041259765625e+01
2.781158638000488281e+01
2.782008934020996094e+01
2.784438514709472656e+01
2.769772720336914062e+01
2.736939620971679688e+01
2.752457427978515625e+01
2.787177085876464844e+01
2.798583793640136719e+01
2.790061187744140625e+01
2.780379486083984375e+01
2.788018226623535156e+01
2.819793510437011719e+01
2.861905288696289062e+01
2.885400772094726562e+01
2.867899513244628906e+01
