2.774462699890136719e+01
2.627856445312500000e+01
2.549750709533691406e+01
2.523972511291503906e+01
2.523909187316894531e+01
2.578771018981933594e+01
2.594638061523437500e+01
2.569422912597656250e+01
2.557270050048828125e+01
2.547952270507812500e+01
2.553417587280273438e+01
2.550797080993652344e+01
2.575970649719238281e+01
2.588965034484863281e+01
2.582994842529296875e+01
2.549864578247070312e+01
2.537450218200683594e+01
2.535812377929687500e+01
2.546504211425781250e+01
2.543846130371093750e+01
2.548748397827148438e+01
2.573213577270507812e+01
2.578884124755859375e+01
2.578856277465820312e+01
2.579205322265625000e+01
2.576441001892089844e+01
2.576892471313476562e+01
2.589854240417480469e+01
2.594114875793457031e+01
2.589995384216308594e+01
2.581073188781738281e+01
2.587373924255371094e+01
2.592998886108398438e+01
2.596953964233398438e+01
2.597300338745117188e+01
2.608754730224609375e+01
2.629275894165039062e+01
2.649623680114746094e+01
2.657320976257324219e+01
2.659210968017578125e+01
2.671013259887695312e+01
2.679657745361328125e+01
2.679567909240722656e+01
2.663420295715332031e+01
2.650002479553222656e+01
2.636918258666992188e+01
2.648624610900878906e+01
2.670851325988769531e+01
2.675116348266601562e+01
2.670739555358886719e+01
2.661729621887207031e+01
2.654021072387695312e+01
2.653419113159179688e+01
2.646935081481933594e+01
2.641802787780761719e+01
2.648763275146484375e+01
2.659653282165527344e+01
2.656678390502929688e+01
2.650781822204589844e+01
2.647559547424316406e+01
2.637670707702636719e+01
2.622312355041503906e+01
2.617040061950683594e+01
2.614393234252929688e+01
2.616173171997070312e+01
2.611500549316406250e+01
2.601590919494628906e+01
2.592649269104003906e+01
2.594879913330078125e+01
2.607460784912109375e+01
2.621173477172851562e+01
2.626477813720703125e+01
2.629493713378906250e+01
2.646673202514648438e+01
2.672201919555664062e+01
2.675072479248046875e+01
2.676560592651367188e+01
2.675899887084960938e+01
2.661996078491210938e+01
2.650875473022460938e+01
2.652432060241699219e+01
2.657521057128906250e+01
2.661993217468261719e+01
2.657867813110351562e+01
2.643108940124511719e+01
2.624835968017578125e+01
2.597827529907226562e+01
2.569568824768066406e+01
2.554886436462402344e+01
2.553924751281738281e+01
2.562841033935546875e+01
2.563494110107421875e+01
2.573135185241699219e+01
2.588717079162597656e+01
2.607114219665527344e+01
2.613935089111328125e+01
2.620205497741699219e+01
2.635496902465820312e+01
2.649048423767089844e+01
2.665003204345703125e+01
2.673907279968261719e+01
2.673604011535644531e+01
2.641611671447753906e+01
2.604925537109375000e+01
