2.503931427001953125e+01
2.491481399536132812e+01
2.538862228393554688e+01
2.575497817993164062e+01
2.616671180725097656e+01
2.602114486694335938e+01
2.597795295715332031e+01
2.584008789062500000e+01
2.592420959472656250e+01
2.591748809814453125e+01
2.590595626831054688e+01
2.595887374877929688e+01
2.607159233093261719e+01
2.615833091735839844e+01
2.645785522460937500e+01
2.669998168945312500e+01
2.675291252136230469e+01
2.693019485473632812e+01
2.689319801330566406e+01
2.702707481384277344e+01
2.725426483154296875e+01
2.741687011718750000e+01
2.756412315368652344e+01
2.745538902282714844e+01
2.748811149597167969e+01
2.745448875427246094e+01
2.738709449768066406e+01
2.716094398498535156e+01
2.687896728515625000e+01
2.656477355957031250e+01
2.643551445007324219e+01
2.647159194946289062e+01
2.668034553527832031e+01
2.693941307067871094e+01
2.712919616699218750e+01
2.708704757690429688e+01
2.691383361816406250e+01
2.681307411193847656e+01
2.678487396240234375e+01
2.686493301391601562e+01
2.703038406372070312e+01
2.711681556701660156e+01
2.702810096740722656e+01
2.685278511047363281e+01
2.671691322326660156e+01
2.669432067871093750e+01
2.675077819824218750e+01
2.684106063842773438e+01
2.702021980285644531e+01
2.723647689819335938e+01
2.746763038635253906e+01
2.767585372924804688e+01
2.774530792236328125e+01
2.770661926269531250e+01
2.771822929382324219e+01
2.758333969116210938e+01
2.752690696716308594e+01
2.746738815307617188e+01
2.734802627563476562e+01
2.717535972595214844e+01
2.703040313720703125e+01
2.681013488769531250e+01
2.655538749694824219e+01
2.662500190734863281e+01
2.674490547180175781e+01
2.688018608093261719e+01
2.698831367492675781e+01
2.705731010437011719e+01
2.713295173645019531e+01
2.701136398315429688e+01
2.675998115539550781e+01
2.647283935546875000e+01
2.623976516723632812e+01
2.608796119689941406e+01
2.606756401062011719e+01
2.613263130187988281e+01
2.638210868835449219e+01
2.655990982055664062e+01
2.664621734619140625e+01
2.670414924621582031e+01
2.674427986145019531e+01
2.681336402893066406e+01
2.690655136108398438e+01
2.696941757202148438e+01
2.718506431579589844e+01
2.733005523681640625e+01
2.725877571105957031e+01
2.700671958923339844e+01
2.671061134338378906e+01
2.675166893005371094e+01
2.679969596862792969e+01
2.688730621337890625e+01
2.692737007141113281e+01
2.696228599548339844e+01
2.702739524841308594e+01
2.711769676208496094e+01
2.729736328125000000e+01
2.751683807373046875e+01
2.770875167846679688e+01
2.774121856689453125e+01
