2.874568557739257812e+01
2.871507453918457031e+01
2.863542366027832031e+01
2.892112159729003906e+01
2.883911132812500000e+01
2.885178947448730469e+01
2.831877326965332031e+01
2.801781845092773438e+01
2.805220413208007812e+01
2.821469497680664062e+01
2.859676170349121094e+01
2.896889877319335938e+01
2.918289184570312500e+01
2.896951866149902344e+01
2.889246940612792969e+01
2.873953437805175781e+01
2.871690177917480469e+01
2.886245346069335938e+01
2.906244087219238281e+01
2.904196166992187500e+01
2.907715797424316406e+01
2.883120346069335938e+01
2.845867729187011719e+01
2.831250190734863281e+01
2.847341346740722656e+01
2.870986366271972656e+01
2.893183326721191406e+01
2.898909950256347656e+01
2.889901733398437500e+01
2.889352226257324219e+01
2.893963050842285156e+01
2.890631294250488281e+01
2.876784133911132812e+01
2.850077056884765625e+01
2.837787055969238281e+01
2.819435501098632812e+01
2.813262367248535156e+01
2.799741554260253906e+01
2.787640953063964844e+01
2.775834846496582031e+01
2.765080070495605469e+01
2.725113677978515625e+01
2.730300521850585938e+01
2.769364738464355469e+01
2.796406936645507812e+01
2.817422294616699219e+01
2.825238037109375000e+01
2.822739791870117188e+01
2.801916503906250000e+01
2.786123847961425781e+01
2.777601051330566406e+01
2.767680358886718750e+01
2.757245445251464844e+01
2.780187797546386719e+01
2.791923332214355469e+01
2.785197257995605469e+01
2.774770927429199219e+01
2.743566703796386719e+01
2.721946144104003906e+01
2.714520072937011719e+01
2.701326370239257812e+01
2.709619140625000000e+01
2.721606063842773438e+01
2.736381340026855469e+01
2.762371635437011719e+01
2.795235443115234375e+01
2.815095138549804688e+01
2.832214927673339844e+01
2.856860733032226562e+01
2.861191558837890625e+01
2.843047714233398438e+01
2.822199440002441406e+01
2.825167655944824219e+01
2.853964805603027344e+01
2.831914901733398438e+01
2.838862609863281250e+01
2.840842437744140625e+01
2.827074623107910156e+01
2.809021568298339844e+01
2.776834297180175781e+01
2.761409187316894531e+01
2.752872467041015625e+01
2.730448150634765625e+01
2.723116874694824219e+01
2.706812286376953125e+01
2.706340599060058594e+01
2.714245796203613281e+01
2.724411392211914062e+01
2.735537910461425781e+01
2.754608917236328125e+01
2.777904701232910156e+01
2.795370292663574219e+01
2.786702346801757812e+01
2.762723922729492188e+01
2.749794769287109375e+01
2.734598350524902344e+01
2.714647483825683594e+01
2.683500289916992188e+01
