3.046889305114746094e+01
3.041658592224121094e+01
3.043069839477539062e+01
3.045360565185546875e+01
3.058714103698730469e+01
3.062922859191894531e+01
3.071038627624511719e+01
3.085448455810546875e+01
3.123249626159667969e+01
3.169914245605468750e+01
3.183166885375976562e+01
3.185075187683105469e+01
3.205372619628906250e+01
3.162846946716308594e+01
3.171151733398437500e+01
3.196146202087402344e+01
3.200862503051757812e+01
3.227706909179687500e+01
3.231219100952148438e+01
3.230440902709960938e+01
3.237323760986328125e+01
3.207772827148437500e+01
3.179511833190917969e+01
3.162801170349121094e+01
3.153792953491210938e+01
3.152727508544921875e+01
3.140992546081542969e+01
3.125161933898925781e+01
3.134594154357910156e+01
3.127000427246093750e+01
3.111065864562988281e+01
3.106242561340332031e+01
3.105876350402832031e+01
3.124351310729980469e+01
3.144411087036132812e+01
3.136030769348144531e+01
3.100159072875976562e+01
3.121157836914062500e+01
3.125392341613769531e+01
3.140678977966308594e+01
3.137784957885742188e+01
3.110941123962402344e+01
3.094613456726074219e+01
3.099603080749511719e+01
3.132777595520019531e+01
3.155851554870605469e+01
3.146285629272460938e+01
3.140951156616210938e+01
3.136838912963867188e+01
3.140133285522460938e+01
3.140131568908691406e+01
3.141837120056152344e+01
3.143952560424804688e+01
3.117600250244140625e+01
3.118866157531738281e+01
3.147771072387695312e+01
3.191115570068359375e+01
3.218844223022460938e+01
3.221228790283203125e+01
3.207626342773437500e+01
3.203932189941406250e+01
3.198198890686035156e+01
3.179448127746582031e+01
3.176485061645507812e+01
3.175138473510742188e+01
3.192466545104980469e+01
3.208735656738281250e+01
3.219585037231445312e+01
3.224631118774414062e+01
3.224839782714843750e+01
3.226268005371093750e+01
3.214717483520507812e+01
3.212503814697265625e+01
3.212110900878906250e+01
3.222369766235351562e+01
3.230399322509765625e+01
3.222882461547851562e+01
3.216478729248046875e+01
3.180096817016601562e+01
3.159964370727539062e+01
3.131264877319335938e+01
3.097353172302246094e+01
3.089525413513183594e+01
3.076320457458496094e+01
3.044249916076660156e+01
3.020230484008789062e+01
3.006483078002929688e+01
3.024041748046875000e+01
3.035134506225585938e+01
3.050579071044921875e+01
3.053885459899902344e+01
3.046284294128417969e+01
3.037578010559082031e+01
3.020069694519042969e+01
3.009287834167480469e+01
2.999745178222656250e+01
2.978083419799804688e+01
2.960734558105468750e+01
2.941498374938964844e+01
2.960754776000976562e+01
