2.515326690673828125e+01
2.471960067749023438e+01
2.444328880310058594e+01
2.439015388488769531e+01
2.445943069458007812e+01
2.436772918701171875e+01
2.430771446228027344e+01
2.428889846801757812e+01
2.422490119934082031e+01
2.422420692443847656e+01
2.410278511047363281e+01
2.403487777709960938e+01
2.392338371276855469e+01
2.381922149658203125e+01
2.366674995422363281e+01
2.354139709472656250e+01
2.324776268005371094e+01
2.247700691223144531e+01
2.189248847961425781e+01
2.191862487792968750e+01
2.273204421997070312e+01
2.339823341369628906e+01
2.334374046325683594e+01
2.342676734924316406e+01
2.341985130310058594e+01
2.353729820251464844e+01
2.347453117370605469e+01
2.353145980834960938e+01
2.354969596862792969e+01
2.357058334350585938e+01
2.348699188232421875e+01
2.349021148681640625e+01
2.358569335937500000e+01
2.365204238891601562e+01
2.364110755920410156e+01
2.371333694458007812e+01
2.379986190795898438e+01
2.387452507019042969e+01
2.394877052307128906e+01
2.409784126281738281e+01
2.416289901733398438e+01
2.413102149963378906e+01
2.403692626953125000e+01
2.389671516418457031e+01
2.379850769042968750e+01
2.371029853820800781e+01
2.358442306518554688e+01
2.334537315368652344e+01
2.313493728637695312e+01
2.295850181579589844e+01
2.285687255859375000e+01
2.290564918518066406e+01
2.276583290100097656e+01
2.277499580383300781e+01
2.278365898132324219e+01
2.292862510681152344e+01
2.288291358947753906e+01
2.281716156005859375e+01
2.281567382812500000e+01
2.288219451904296875e+01
2.296414566040039062e+01
2.315291023254394531e+01
2.325411415100097656e+01
2.315881156921386719e+01
2.336844825744628906e+01
2.358206939697265625e+01
2.377299880981445312e+01
2.386769104003906250e+01
2.390620040893554688e+01
2.375271415710449219e+01
2.355854988098144531e+01
2.340592956542968750e+01
2.325378608703613281e+01
2.312047958374023438e+01
2.309018325805664062e+01
2.311667251586914062e+01
2.310411834716796875e+01
2.313444900512695312e+01
2.312358283996582031e+01
2.305280685424804688e+01
2.294853401184082031e+01
2.283232116699218750e+01
2.268744659423828125e+01
2.261790275573730469e+01
2.278811073303222656e+01
2.312016105651855469e+01
2.322633361816406250e+01
2.338802146911621094e+01
2.344397163391113281e+01
2.355581474304199219e+01
2.355698394775390625e+01
2.359818458557128906e+01
2.352341270446777344e+01
2.358790588378906250e+01
2.362625885009765625e+01
2.382587051391601562e+01
2.390022468566894531e+01
2.414445877075195312e+01
2.426120567321777344e+01
2.431875801086425781e+01
2.448511505126953125e+01
2.480423545837402344e+01
2.502466392517089844e+01
2.523468780517578125e+01
2.529127502441406250e+01
2.519048118591308594e+01
2.520995521545410156e+01
