3.053800582885742188e+01
3.063842391967773438e+01
3.054657936096191406e+01
3.115033721923828125e+01
3.179141998291015625e+01
3.185212135314941406e+01
3.203646469116210938e+01
3.275883865356445312e+01
3.288655090332031250e+01
3.263212585449218750e+01
3.205319213867187500e+01
3.148510551452636719e+01
3.128469657897949219e+01
3.102984237670898438e+01
3.084762954711914062e+01
3.075654792785644531e+01
3.057423019409179688e+01
3.126961708068847656e+01
3.182287597656250000e+01
3.175681495666503906e+01
3.175097846984863281e+01
3.166030883789062500e+01
3.161171913146972656e+01
3.166057395935058594e+01
3.147913169860839844e+01
3.145744514465332031e+01
3.180918884277343750e+01
3.216742706298828125e+01
3.215595626831054688e+01
3.242062377929687500e+01
3.231014633178710938e+01
3.192800521850585938e+01
3.175272369384765625e+01
3.234358596801757812e+01
3.242575073242187500e+01
3.247049713134765625e+01
3.201438522338867188e+01
3.087288856506347656e+01
3.048115730285644531e+01
3.053192710876464844e+01
3.043736648559570312e+01
3.008990478515625000e+01
2.996344375610351562e+01
3.010382080078125000e+01
3.017048645019531250e+01
3.026755714416503906e+01
3.028024291992187500e+01
3.032564926147460938e+01
3.043070602416992188e+01
3.042188453674316406e+01
3.035020446777343750e+01
3.042351913452148438e+01
2.982563400268554688e+01
3.015308189392089844e+01
3.109564590454101562e+01
3.133881187438964844e+01
3.059056472778320312e+01
3.049995422363281250e+01
3.117180633544921875e+01
3.262702178955078125e+01
3.246419143676757812e+01
3.103212547302246094e+01
3.013551139831542969e+01
2.971751976013183594e+01
2.967997741699218750e+01
2.973244094848632812e+01
3.004382133483886719e+01
3.024781036376953125e+01
3.045997047424316406e+01
3.074015617370605469e+01
3.087593078613281250e+01
3.100660133361816406e+01
3.123245239257812500e+01
3.156796264648437500e+01
3.186147880554199219e+01
3.193496131896972656e+01
3.211842346191406250e+01
3.198506355285644531e+01
3.194081497192382812e+01
3.198875236511230469e+01
3.137561035156250000e+01
3.109446907043457031e+01
3.105805969238281250e+01
3.101292037963867188e+01
3.091680145263671875e+01
3.073585319519042969e+01
3.046414756774902344e+01
3.029175567626953125e+01
3.053738594055175781e+01
3.063389396667480469e+01
3.055779457092285156e+01
3.068528175354003906e+01
3.104061317443847656e+01
3.167194175720214844e+01
3.170130538940429688e+01
3.141059303283691406e+01
3.107294273376464844e+01
3.118039321899414062e+01
3.133939170837402344e+01
3.094378852844238281e+01
3.040614891052246094e+01
2.979659652709960938e+01
3.037569618225097656e+01
3.157704925537109375e+01
3.147086906433105469e+01
3.110729408264160156e+01
3.084697914123535156e+01
3.031581306457519531e+01
3.000716781616210938e+01
