3.735638809204101562e+01
3.731384277343750000e+01
3.729080200195312500e+01
3.741440200805664062e+01
3.757807540893554688e+01
3.760744094848632812e+01
3.774363708496093750e+01
3.768145370483398438e+01
3.778455734252929688e+01
3.789271926879882812e+01
3.817196273803710938e+01
3.829716873168945312e+01
3.840451812744140625e+01
3.817522048950195312e+01
3.780419158935546875e+01
3.734866714477539062e+01
3.759750366210937500e+01
3.819116210937500000e+01
3.850109100341796875e+01
3.851631546020507812e+01
3.799731445312500000e+01
3.742874526977539062e+01
3.699536514282226562e+01
3.678730010986328125e+01
3.723628616333007812e+01
3.742588043212890625e+01
3.753959274291992188e+01
3.764316558837890625e+01
3.785118103027343750e+01
3.759384536743164062e+01
3.714326477050781250e+01
3.718270874023437500e+01
3.719084167480468750e+01
3.729801177978515625e+01
3.756682968139648438e+01
3.761938858032226562e+01
3.755984115600585938e+01
3.765147018432617188e+01
3.765848159790039062e+01
3.763356018066406250e+01
3.771204376220703125e+01
3.776097106933593750e+01
3.781902313232421875e+01
3.753459930419921875e+01
3.764870071411132812e+01
3.787842941284179688e+01
3.825782775878906250e+01
3.845988464355468750e+01
3.854549407958984375e+01
3.831245040893554688e+01
3.831268310546875000e+01
3.838093948364257812e+01
3.855185699462890625e+01
3.873487854003906250e+01
3.872632598876953125e+01
3.856927490234375000e+01
3.830044174194335938e+01
3.805850601196289062e+01
3.801637649536132812e+01
3.804916381835937500e+01
3.794303512573242188e+01
3.812216186523437500e+01
3.826727294921875000e+01
3.816081619262695312e+01
3.782884597778320312e+01
3.775725936889648438e+01
3.765558242797851562e+01
3.760329818725585938e+01
3.750402450561523438e+01
3.745240402221679688e+01
3.758465957641601562e+01
3.749286651611328125e+01
3.741156387329101562e+01
3.732587432861328125e+01
3.723100662231445312e+01
3.703667449951171875e+01
3.660754013061523438e+01
3.611613082885742188e+01
3.603863906860351562e+01
3.610700988769531250e+01
3.589694595336914062e+01
3.567173004150390625e+01
3.635863113403320312e+01
3.647866058349609375e+01
3.665472793579101562e+01
3.659184646606445312e+01
3.675039291381835938e+01
3.704973220825195312e+01
3.730247879028320312e+01
3.728783798217773438e+01
3.709897232055664062e+01
3.723949050903320312e+01
3.782875823974609375e+01
3.799771499633789062e+01
3.794013977050781250e+01
3.763999938964843750e+01
3.732486343383789062e+01
3.746266937255859375e+01
3.735349273681640625e+01
