3.364805603027343750e+01
3.345465850830078125e+01
3.320090484619140625e+01
3.326641845703125000e+01
3.347213745117187500e+01
3.375281906127929688e+01
3.388773345947265625e+01
3.376773452758789062e+01
3.343988418579101562e+01
3.327616500854492188e+01
3.315420532226562500e+01
3.308415222167968750e+01
3.304364013671875000e+01
3.306835937500000000e+01
3.299200439453125000e+01
3.284972763061523438e+01
3.303364944458007812e+01
3.317366027832031250e+01
3.315077590942382812e+01
3.312724304199218750e+01
3.321960067749023438e+01
3.337759399414062500e+01
3.335278701782226562e+01
3.327550888061523438e+01
3.335784530639648438e+01
3.338592529296875000e+01
3.350981140136718750e+01
3.365167236328125000e+01
3.352123260498046875e+01
3.346001815795898438e+01
3.346770095825195312e+01
3.346462631225585938e+01
3.338772583007812500e+01
3.328204727172851562e+01
3.333748626708984375e+01
3.317095184326171875e+01
3.307847976684570312e+01
3.334418487548828125e+01
3.362916183471679688e+01
3.389840698242187500e+01
3.397662734985351562e+01
3.409051132202148438e+01
3.402263641357421875e+01
3.319525527954101562e+01
3.349780654907226562e+01
3.342908477783203125e+01
3.347484207153320312e+01
3.333345794677734375e+01
3.308449172973632812e+01
3.324302291870117188e+01
3.332810211181640625e+01
3.310809326171875000e+01
3.310235214233398438e+01
3.321609115600585938e+01
3.275088882446289062e+01
3.298965835571289062e+01
3.340715408325195312e+01
3.324578857421875000e+01
3.307543563842773438e+01
3.294064331054687500e+01
3.293971633911132812e+01
3.293626022338867188e+01
3.294584274291992188e+01
3.328262710571289062e+01
3.351778030395507812e+01
3.362345886230468750e+01
3.356000518798828125e+01
3.344254302978515625e+01
3.265721130371093750e+01
3.252849578857421875e+01
3.279349899291992188e+01
3.240083694458007812e+01
3.255033874511718750e+01
3.257237243652343750e+01
3.265620803833007812e+01
3.280798721313476562e+01
3.284655380249023438e+01
3.265258026123046875e+01
3.249397659301757812e+01
3.218669891357421875e+01
3.159894943237304688e+01
3.173097419738769531e+01
3.205677032470703125e+01
3.221098327636718750e+01
3.210738754272460938e+01
3.185338973999023438e+01
3.206417083740234375e+01
3.235795593261718750e+01
3.232567214965820312e+01
3.237397003173828125e+01
3.224103927612304688e+01
3.211588287353515625e+01
3.206790161132812500e+01
3.208647155761718750e+01
3.196487998962402344e+01
3.185347747802734375e+01
3.171695709228515625e+01
3.176365280151367188e+01
3.180798721313476562e+01
3.172589111328125000e+01
3.202167510986328125e+01
3.232210159301757812e+01
3.253379440307617188e+01
3.280260848999023438e+01
3.223398208618164062e+01
3.170185661315917969e+01
3.134336853027343750e+01
