3.295628738403320312e+01
3.323935699462890625e+01
3.293706893920898438e+01
3.254323577880859375e+01
3.246750640869140625e+01
3.234771347045898438e+01
3.251650619506835938e+01
3.251453781127929688e+01
3.255339813232421875e+01
3.220291900634765625e+01
3.211629867553710938e+01
3.237274932861328125e+01
3.286786270141601562e+01
3.315112304687500000e+01
3.299818801879882812e+01
3.273834991455078125e+01
3.260121917724609375e+01
3.247876358032226562e+01
3.242065811157226562e+01
3.234398269653320312e+01
3.236470413208007812e+01
3.222135925292968750e+01
3.218907546997070312e+01
3.227053070068359375e+01
3.214647674560546875e+01
3.219475555419921875e+01
3.244791030883789062e+01
3.271867752075195312e+01
3.297842407226562500e+01
3.301654815673828125e+01
3.276707458496093750e+01
3.254613113403320312e+01
3.257942962646484375e+01
3.262381362915039062e+01
3.249746704101562500e+01
3.236540222167968750e+01
3.219881057739257812e+01
3.203766632080078125e+01
3.204014587402343750e+01
3.207182693481445312e+01
3.186013603210449219e+01
3.187436485290527344e+01
3.169421768188476562e+01
3.129757499694824219e+01
3.159865188598632812e+01
3.182264900207519531e+01
3.173960494995117188e+01
3.170382499694824219e+01
3.183353996276855469e+01
3.186197090148925781e+01
3.157423591613769531e+01
3.159437751770019531e+01
3.175500869750976562e+01
3.199134635925292969e+01
3.230265426635742188e+01
3.227859115600585938e+01
3.220438766479492188e+01
3.209577560424804688e+01
3.194706535339355469e+01
3.207983779907226562e+01
3.199872016906738281e+01
3.197755050659179688e+01
3.210196304321289062e+01
3.232735061645507812e+01
3.243865203857421875e+01
3.250334930419921875e+01
3.247369003295898438e+01
3.218881607055664062e+01
3.204136657714843750e+01
3.217616653442382812e+01
3.254282760620117188e+01
3.275465011596679688e+01
3.284399795532226562e+01
3.283359527587890625e+01
3.260407257080078125e+01
3.248335266113281250e+01
3.249932861328125000e+01
3.242770004272460938e+01
3.239269638061523438e+01
3.213241958618164062e+01
3.196131515502929688e+01
3.182351875305175781e+01
3.167165184020996094e+01
3.186756896972656250e+01
3.201551055908203125e+01
3.209929656982421875e+01
3.227162170410156250e+01
3.240532684326171875e+01
3.246749114990234375e+01
3.247904586791992188e+01
3.236346054077148438e+01
3.209824371337890625e+01
3.188243675231933594e+01
3.206834030151367188e+01
3.212221908569335938e+01
3.210279083251953125e+01
3.218596267700195312e+01
3.257410430908203125e+01
3.277457809448242188e+01
3.272423934936523438e+01
3.255221176147460938e+01
3.239558410644531250e+01
3.248749542236328125e+01
3.203053665161132812e+01
