2.942475891113281250e+01
2.983192253112792969e+01
2.986020469665527344e+01
3.011735916137695312e+01
2.970445632934570312e+01
2.995852279663085938e+01
2.992793273925781250e+01
2.988947868347167969e+01
2.965443229675292969e+01
2.953440856933593750e+01
2.952578735351562500e+01
2.947738456726074219e+01
2.949558639526367188e+01
2.968796539306640625e+01
2.998661613464355469e+01
3.021218299865722656e+01
3.018255805969238281e+01
3.013002204895019531e+01
3.004963874816894531e+01
3.010144805908203125e+01
3.011248207092285156e+01
3.023089981079101562e+01
3.030125808715820312e+01
3.033376121520996094e+01
3.007291603088378906e+01
2.993625068664550781e+01
2.984527587890625000e+01
2.979696846008300781e+01
2.988396835327148438e+01
3.005798530578613281e+01
3.022856712341308594e+01
3.035509872436523438e+01
3.037154579162597656e+01
3.042765426635742188e+01
3.046606445312500000e+01
3.054237747192382812e+01
3.064355468750000000e+01
3.070967864990234375e+01
3.072140884399414062e+01
3.072525024414062500e+01
3.063373565673828125e+01
3.049272346496582031e+01
3.030626487731933594e+01
3.009798622131347656e+01
2.985306167602539062e+01
2.961934471130371094e+01
2.955668258666992188e+01
2.969683837890625000e+01
2.975946807861328125e+01
2.959174728393554688e+01
2.971595954895019531e+01
3.059092521667480469e+01
3.016307067871093750e+01
2.980864715576171875e+01
2.981471061706542969e+01
2.951463317871093750e+01
2.875636863708496094e+01
2.876637077331542969e+01
2.924713325500488281e+01
2.909309005737304688e+01
2.899965667724609375e+01
2.916899871826171875e+01
2.936725997924804688e+01
2.961537361145019531e+01
2.986836624145507812e+01
3.006473731994628906e+01
3.019968986511230469e+01
3.018741989135742188e+01
3.006727409362792969e+01
2.986248588562011719e+01
2.955332565307617188e+01
2.929112815856933594e+01
2.905736541748046875e+01
2.895457077026367188e+01
2.894415473937988281e+01
2.897465896606445312e+01
2.917697143554687500e+01
2.934623527526855469e+01
2.956427383422851562e+01
2.979638862609863281e+01
2.993725013732910156e+01
2.998672485351562500e+01
3.001379585266113281e+01
3.007628059387207031e+01
3.010792732238769531e+01
3.001221275329589844e+01
2.973533439636230469e+01
2.920948982238769531e+01
2.833436393737792969e+01
2.802391624450683594e+01
2.789819335937500000e+01
2.803906440734863281e+01
2.819466972351074219e+01
2.836598396301269531e+01
2.833800888061523438e+01
2.834138298034667969e+01
2.846411323547363281e+01
2.853143310546875000e+01
2.852904129028320312e+01
2.861566734313964844e+01
2.870127868652343750e+01
2.863964080810546875e+01
2.867609786987304688e+01
2.840564537048339844e+01
2.766193771362304688e+01
2.755051422119140625e+01
2.766636466979980469e+01
2.791850662231445312e+01
