3.183760261535644531e+01
3.228693389892578125e+01
3.271413421630859375e+01
3.246857070922851562e+01
3.292918777465820312e+01
3.327278137207031250e+01
3.333424758911132812e+01
3.273666000366210938e+01
3.277283859252929688e+01
3.302095031738281250e+01
3.277593231201171875e+01
3.251178741455078125e+01
3.249202728271484375e+01
3.257256317138671875e+01
3.302533721923828125e+01
3.318811798095703125e+01
3.307471084594726562e+01
3.361125183105468750e+01
3.529713821411132812e+01
3.556299972534179688e+01
3.557864379882812500e+01
3.422293853759765625e+01
3.353285980224609375e+01
3.348310852050781250e+01
3.342771911621093750e+01
3.367178726196289062e+01
3.405186843872070312e+01
3.428272628784179688e+01
3.445272827148437500e+01
3.453229904174804688e+01
3.460108947753906250e+01
3.457148361206054688e+01
3.431435012817382812e+01
3.400403594970703125e+01
3.403273773193359375e+01
3.419406509399414062e+01
3.401431655883789062e+01
3.372528839111328125e+01
3.343983459472656250e+01
3.325624847412109375e+01
3.300555038452148438e+01
3.290297317504882812e+01
3.301385116577148438e+01
3.312093734741210938e+01
3.333673858642578125e+01
3.355494308471679688e+01
3.376811981201171875e+01
3.378930282592773438e+01
3.388364791870117188e+01
3.403908157348632812e+01
3.383843612670898438e+01
3.370245361328125000e+01
3.364047622680664062e+01
3.344444274902343750e+01
3.333384704589843750e+01
3.318153762817382812e+01
3.311652755737304688e+01
3.320785140991210938e+01
3.345104598999023438e+01
3.354755401611328125e+01
3.368619918823242188e+01
3.371210861206054688e+01
3.369246292114257812e+01
3.365092849731445312e+01
3.348679351806640625e+01
3.345331954956054688e+01
3.353711700439453125e+01
3.371396636962890625e+01
3.377912521362304688e+01
3.363938903808593750e+01
3.336617279052734375e+01
3.329674911499023438e+01
3.312628936767578125e+01
3.289339828491210938e+01
3.262558746337890625e+01
3.243724060058593750e+01
3.232725524902343750e+01
3.250002288818359375e+01
3.280937194824218750e+01
3.314451980590820312e+01
3.322683334350585938e+01
3.337571716308593750e+01
3.363311386108398438e+01
3.419650268554687500e+01
3.510929489135742188e+01
3.633448410034179688e+01
3.703112792968750000e+01
3.609310531616210938e+01
3.505348205566406250e+01
3.521829605102539062e+01
3.568938446044921875e+01
3.579343032836914062e+01
3.515746688842773438e+01
3.514311599731445312e+01
3.566670608520507812e+01
3.627035140991210938e+01
3.602886962890625000e+01
3.596854400634765625e+01
3.641565704345703125e+01
3.673450851440429688e+01
3.686600494384765625e+01
3.454249572753906250e+01
3.417992019653320312e+01
3.423645019531250000e+01
3.416460037231445312e+01
3.363676834106445312e+01
3.301823806762695312e+01
