2.702877235412597656e+01
2.679070854187011719e+01
2.685417556762695312e+01
2.726744461059570312e+01
2.743397140502929688e+01
2.753447914123535156e+01
2.758960533142089844e+01
2.767218780517578125e+01
2.785783195495605469e+01
2.752738189697265625e+01
2.750820541381835938e+01
2.760971641540527344e+01
2.772262191772460938e+01
2.767514991760253906e+01
2.760710144042968750e+01
2.787625503540039062e+01
2.805558967590332031e+01
2.784622955322265625e+01
2.768932723999023438e+01
2.768855094909667969e+01
2.766908645629882812e+01
2.775997543334960938e+01
2.789240264892578125e+01
2.796960830688476562e+01
2.820660400390625000e+01
2.817950630187988281e+01
2.801349639892578125e+01
2.781127548217773438e+01
2.804370117187500000e+01
2.823900985717773438e+01
2.823219490051269531e+01
2.808795356750488281e+01
2.792709350585937500e+01
2.793065834045410156e+01
2.798572349548339844e+01
2.794631958007812500e+01
2.793284606933593750e+01
2.789382362365722656e+01
2.788246345520019531e+01
2.789769935607910156e+01
2.790625953674316406e+01
2.787906074523925781e+01
2.792242813110351562e+01
2.795001220703125000e+01
2.799074745178222656e+01
2.805752182006835938e+01
2.809746170043945312e+01
2.805204582214355469e+01
2.792655372619628906e+01
2.783600616455078125e+01
2.775026130676269531e+01
2.762674522399902344e+01
2.755115127563476562e+01
2.754966926574707031e+01
2.763483428955078125e+01
2.763480377197265625e+01
2.759253311157226562e+01
2.753355026245117188e+01
2.758307647705078125e+01
2.759172248840332031e+01
2.754703712463378906e+01
2.750156593322753906e+01
2.746794128417968750e+01
2.743812179565429688e+01
2.744839477539062500e+01
2.738467597961425781e+01
2.738169288635253906e+01
2.734144210815429688e+01
2.720395469665527344e+01
2.710493659973144531e+01
2.700317192077636719e+01
2.697496223449707031e+01
2.705516624450683594e+01
2.707721519470214844e+01
2.728808403015136719e+01
2.756056976318359375e+01
2.760107612609863281e+01
2.773208999633789062e+01
2.766046714782714844e+01
2.748607635498046875e+01
2.755451011657714844e+01
2.756944656372070312e+01
2.743231201171875000e+01
2.714628791809082031e+01
2.702259254455566406e+01
2.717532730102539062e+01
2.730699729919433594e+01
2.735813331604003906e+01
2.727553367614746094e+01
2.729435920715332031e+01
2.756482124328613281e+01
2.780270957946777344e+01
2.765042877197265625e+01
2.772755241394042969e+01
2.776730728149414062e+01
2.789669609069824219e+01
2.806454658508300781e+01
2.773390579223632812e+01
2.722116851806640625e+01
2.709697914123535156e+01
