2.744272041320800781e+01
2.777663421630859375e+01
2.758906364440917969e+01
2.749619865417480469e+01
2.755561256408691406e+01
2.739251518249511719e+01
2.716477394104003906e+01
2.710577583312988281e+01
2.697402000427246094e+01
2.664528083801269531e+01
2.655582046508789062e+01
2.656334495544433594e+01
2.703657531738281250e+01
2.753343391418457031e+01
2.744769287109375000e+01
2.718288230895996094e+01
2.716588783264160156e+01
2.707785415649414062e+01
2.725195121765136719e+01
2.729644584655761719e+01
2.723750686645507812e+01
2.706464958190917969e+01
2.692376136779785156e+01
2.691263198852539062e+01
2.675803565979003906e+01
2.649280738830566406e+01
2.641818046569824219e+01
2.650202178955078125e+01
2.657566642761230469e+01
2.662537574768066406e+01
2.685058975219726562e+01
2.703868293762207031e+01
2.710239219665527344e+01
2.714747238159179688e+01
2.718631553649902344e+01
2.717756080627441406e+01
2.711631202697753906e+01
2.707263565063476562e+01
2.724299621582031250e+01
2.743118476867675781e+01
2.734040260314941406e+01
2.715780258178710938e+01
2.714474105834960938e+01
2.722942924499511719e+01
2.733821296691894531e+01
2.742358398437500000e+01
2.743663978576660156e+01
2.749290847778320312e+01
2.763508605957031250e+01
2.757732582092285156e+01
2.753500938415527344e+01
2.736761283874511719e+01
2.716028022766113281e+01
2.707798194885253906e+01
2.714591598510742188e+01
2.735565948486328125e+01
2.759140205383300781e+01
2.756458854675292969e+01
2.743973731994628906e+01
2.746892356872558594e+01
2.738428688049316406e+01
2.729344367980957031e+01
2.726243209838867188e+01
2.721148490905761719e+01
2.717788314819335938e+01
2.709246063232421875e+01
2.702010917663574219e+01
2.684960746765136719e+01
2.670337295532226562e+01
2.662042808532714844e+01
2.654158401489257812e+01
2.654911804199218750e+01
2.680547714233398438e+01
2.727491760253906250e+01
2.734865760803222656e+01
2.736016464233398438e+01
2.750299263000488281e+01
2.776164054870605469e+01
2.791638565063476562e+01
2.787145042419433594e+01
2.785923385620117188e+01
2.772843360900878906e+01
2.784111785888671875e+01
2.805361747741699219e+01
2.797001457214355469e+01
2.792846298217773438e+01
2.812049293518066406e+01
2.817958641052246094e+01
2.818244743347167969e+01
2.799020767211914062e+01
2.775790786743164062e+01
2.769626808166503906e+01
2.765610885620117188e+01
2.758107757568359375e+01
2.761786651611328125e+01
2.743954277038574219e+01
2.719096565246582031e+01
2.722296333312988281e+01
2.723060417175292969e+01
2.725258064270019531e+01
2.718395614624023438e+01
2.737141799926757812e+01
2.740212821960449219e+01
