3.093178367614746094e+01
3.093004035949707031e+01
3.065868377685546875e+01
3.060248184204101562e+01
3.060052108764648438e+01
3.089217376708984375e+01
3.102317619323730469e+01
3.116473770141601562e+01
3.128407669067382812e+01
3.125453948974609375e+01
3.113400077819824219e+01
3.096144485473632812e+01
3.111747932434082031e+01
3.114908790588378906e+01
3.128965759277343750e+01
3.147148895263671875e+01
3.154179573059082031e+01
3.175044441223144531e+01
3.196119880676269531e+01
3.177570533752441406e+01
3.145388221740722656e+01
3.127838134765625000e+01
3.126144981384277344e+01
3.128492546081542969e+01
3.119321823120117188e+01
3.103457832336425781e+01
3.093573570251464844e+01
3.099165916442871094e+01
3.113520622253417969e+01
3.114484786987304688e+01
3.136254310607910156e+01
3.192536735534667969e+01
3.215508651733398438e+01
3.200535583496093750e+01
3.180411529541015625e+01
3.157361221313476562e+01
3.155842781066894531e+01
3.138268280029296875e+01
3.103796195983886719e+01
3.078161430358886719e+01
3.067763519287109375e+01
3.096034431457519531e+01
3.136135864257812500e+01
3.151955413818359375e+01
3.161480712890625000e+01
3.161713790893554688e+01
3.159608650207519531e+01
3.163506889343261719e+01
3.170118522644042969e+01
3.176021766662597656e+01
3.170502281188964844e+01
3.197774314880371094e+01
3.191980552673339844e+01
3.185657501220703125e+01
3.189672660827636719e+01
3.197375679016113281e+01
3.195115470886230469e+01
3.175670814514160156e+01
3.160976982116699219e+01
3.145848846435546875e+01
3.141377830505371094e+01
3.159768104553222656e+01
3.177473449707031250e+01
3.193981742858886719e+01
3.201111602783203125e+01
3.203190612792968750e+01
3.204869079589843750e+01
3.200970840454101562e+01
3.194872093200683594e+01
3.193233489990234375e+01
3.190584373474121094e+01
3.188060379028320312e+01
3.169338607788085938e+01
3.139006996154785156e+01
3.122028732299804688e+01
3.126270103454589844e+01
3.141782379150390625e+01
3.153252029418945312e+01
3.150127410888671875e+01
3.169349098205566406e+01
3.187074661254882812e+01
3.185725021362304688e+01
3.185446739196777344e+01
3.195545768737792969e+01
3.206739044189453125e+01
3.178704071044921875e+01
3.163855743408203125e+01
3.159261703491210938e+01
3.154666709899902344e+01
3.148453140258789062e+01
3.159753227233886719e+01
3.191657447814941406e+01
3.203225708007812500e+01
3.208972167968750000e+01
3.209261703491210938e+01
3.190817260742187500e+01
3.191574859619140625e+01
3.207379913330078125e+01
3.234575271606445312e+01
3.229892349243164062e+01
3.218168258666992188e+01
3.207497406005859375e+01
