3.578481292724609375e+01
3.575051498413085938e+01
3.604808425903320312e+01
3.658033752441406250e+01
3.652705001831054688e+01
3.598356246948242188e+01
3.527139663696289062e+01
3.514351654052734375e+01
3.643255615234375000e+01
3.674156188964843750e+01
3.710600662231445312e+01
3.731011962890625000e+01
3.759169387817382812e+01
3.752347946166992188e+01
3.692549514770507812e+01
3.699390029907226562e+01
3.666550445556640625e+01
3.640843582153320312e+01
3.650268936157226562e+01
3.658881378173828125e+01
3.664992904663085938e+01
3.687945938110351562e+01
3.685479736328125000e+01
3.681068038940429688e+01
3.672520446777343750e+01
3.670071792602539062e+01
3.639202117919921875e+01
3.609857177734375000e+01
3.606304931640625000e+01
3.640936660766601562e+01
3.733808898925781250e+01
3.773427963256835938e+01
3.799098587036132812e+01
3.805722045898437500e+01
3.809102249145507812e+01
3.797878646850585938e+01
3.798884963989257812e+01
3.765093612670898438e+01
3.750130081176757812e+01
3.715429687500000000e+01
3.682944107055664062e+01
3.706243133544921875e+01
3.719157028198242188e+01
3.712646102905273438e+01
3.786990737915039062e+01
3.827939987182617188e+01
3.841460037231445312e+01
3.844752120971679688e+01
3.843265533447265625e+01
3.839892959594726562e+01
3.836145019531250000e+01
3.792624282836914062e+01
3.736413574218750000e+01
3.742200088500976562e+01
3.740517425537109375e+01
3.768854141235351562e+01
3.826378631591796875e+01
3.852594757080078125e+01
3.852103805541992188e+01
3.847119903564453125e+01
3.849878311157226562e+01
3.839075851440429688e+01
3.823268890380859375e+01
3.793117904663085938e+01
3.717345046997070312e+01
3.625230407714843750e+01
3.621481323242187500e+01
3.657143402099609375e+01
3.688537216186523438e+01
3.666728973388671875e+01
3.655405044555664062e+01
3.684766006469726562e+01
3.692224884033203125e+01
3.649502182006835938e+01
3.586951065063476562e+01
3.563855361938476562e+01
3.595527648925781250e+01
3.559241485595703125e+01
3.566530227661132812e+01
3.577210235595703125e+01
3.453075790405273438e+01
3.447521591186523438e+01
3.459854888916015625e+01
3.471835708618164062e+01
3.459897232055664062e+01
3.477541351318359375e+01
3.479948806762695312e+01
3.493611526489257812e+01
3.574130630493164062e+01
3.640061569213867188e+01
3.610809707641601562e+01
3.615112686157226562e+01
3.594906616210937500e+01
3.538605117797851562e+01
3.539780807495117188e+01
3.572554779052734375e+01
3.639164733886718750e+01
3.613076782226562500e+01
3.603644943237304688e+01
3.615961074829101562e+01
3.568537902832031250e+01
