3.832170104980468750e+01
3.856672668457031250e+01
3.830097198486328125e+01
3.814626693725585938e+01
3.824077987670898438e+01
3.835256195068359375e+01
3.850426483154296875e+01
3.844865036010742188e+01
3.824249649047851562e+01
3.803559112548828125e+01
3.768390274047851562e+01
3.771170806884765625e+01
3.775819778442382812e+01
3.783646774291992188e+01
3.779016113281250000e+01
3.786052322387695312e+01
3.801919937133789062e+01
3.830433654785156250e+01
3.840721511840820312e+01
3.841233825683593750e+01
3.830400466918945312e+01
3.830560684204101562e+01
3.818700790405273438e+01
3.800175476074218750e+01
3.812487030029296875e+01
3.827075958251953125e+01
3.833310699462890625e+01
3.827128982543945312e+01
3.804196166992187500e+01
3.787405776977539062e+01
3.771659469604492188e+01
3.767298126220703125e+01
3.770125961303710938e+01
3.776009368896484375e+01
3.775582504272460938e+01
3.777431106567382812e+01
3.760938262939453125e+01
3.725754928588867188e+01
3.698956298828125000e+01
3.698093795776367188e+01
3.719992065429687500e+01
3.751368331909179688e+01
3.759511947631835938e+01
3.785726165771484375e+01
3.807354736328125000e+01
3.818394470214843750e+01
3.820560073852539062e+01
3.812200546264648438e+01
3.804605484008789062e+01
3.796688461303710938e+01
3.802020263671875000e+01
3.796641159057617188e+01
3.790011596679687500e+01
3.789732742309570312e+01
3.805369949340820312e+01
3.819945526123046875e+01
3.823006057739257812e+01
3.825778961181640625e+01
3.826553726196289062e+01
3.826799392700195312e+01
3.819877624511718750e+01
3.813294219970703125e+01
3.810711669921875000e+01
3.808620071411132812e+01
3.811283111572265625e+01
3.829250717163085938e+01
3.824911499023437500e+01
3.820111465454101562e+01
3.830982208251953125e+01
3.832133865356445312e+01
3.826094055175781250e+01
3.825172042846679688e+01
3.826023101806640625e+01
3.836600494384765625e+01
3.837778472900390625e+01
3.836510848999023438e+01
3.833657836914062500e+01
3.829648971557617188e+01
3.864567184448242188e+01
3.860858154296875000e+01
3.829029083251953125e+01
3.806139373779296875e+01
3.808979415893554688e+01
3.820719528198242188e+01
3.840631484985351562e+01
3.839324951171875000e+01
3.835049057006835938e+01
3.805491256713867188e+01
3.767746353149414062e+01
3.775496292114257812e+01
3.757524108886718750e+01
3.782029724121093750e+01
3.784328842163085938e+01
3.780449676513671875e+01
3.781245803833007812e+01
3.777079010009765625e+01
3.780579757690429688e+01
3.768663787841796875e+01
3.746125793457031250e+01
3.714997100830078125e+01
