3.107357215881347656e+01
3.086181068420410156e+01
3.084582138061523438e+01
3.166899871826171875e+01
3.232069396972656250e+01
3.211645507812500000e+01
3.139216041564941406e+01
3.100896263122558594e+01
3.121500205993652344e+01
3.106383895874023438e+01
3.083778953552246094e+01
3.075507545471191406e+01
3.067185592651367188e+01
3.081618499755859375e+01
3.106717300415039062e+01
3.112941360473632812e+01
3.128184127807617188e+01
3.160524177551269531e+01
3.171107864379882812e+01
3.150681114196777344e+01
3.121682548522949219e+01
3.100991439819335938e+01
3.092516136169433594e+01
3.082513809204101562e+01
3.079185295104980469e+01
3.078934669494628906e+01
3.085643196105957031e+01
3.089728736877441406e+01
3.090293121337890625e+01
3.100530052185058594e+01
3.101065063476562500e+01
3.085353279113769531e+01
3.072149658203125000e+01
3.058802604675292969e+01
3.059742546081542969e+01
3.067358207702636719e+01
3.080050277709960938e+01
3.095366859436035156e+01
3.108579063415527344e+01
3.106873512268066406e+01
3.092510604858398438e+01
3.088427543640136719e+01
3.103118705749511719e+01
3.116455650329589844e+01
3.121541595458984375e+01
3.113680839538574219e+01
3.106594085693359375e+01
3.105432319641113281e+01
3.105229759216308594e+01
3.110550498962402344e+01
3.109201812744140625e+01
3.096319007873535156e+01
3.098304176330566406e+01
3.129080772399902344e+01
3.141496086120605469e+01
3.116594314575195312e+01
3.080442237854003906e+01
3.107420921325683594e+01
3.134640502929687500e+01
3.147044563293457031e+01
3.136844444274902344e+01
3.117139625549316406e+01
3.111918067932128906e+01
3.119817543029785156e+01
3.127238082885742188e+01
3.138583564758300781e+01
3.145711326599121094e+01
3.145378684997558594e+01
3.144226646423339844e+01
3.130658340454101562e+01
3.131850242614746094e+01
3.131702804565429688e+01
3.131652450561523438e+01
3.144087219238281250e+01
3.156959915161132812e+01
3.153582000732421875e+01
3.143699836730957031e+01
3.129667091369628906e+01
3.124283599853515625e+01
3.138363075256347656e+01
3.147767639160156250e+01
3.145665740966796875e+01
3.131390380859375000e+01
3.102521324157714844e+01
3.078926277160644531e+01
3.072551536560058594e+01
3.078043174743652344e+01
3.052736091613769531e+01
3.051037788391113281e+01
3.049101066589355469e+01
3.044376182556152344e+01
3.043160247802734375e+01
3.047091674804687500e+01
3.066263961791992188e+01
3.060364341735839844e+01
3.045341682434082031e+01
3.052383422851562500e+01
3.058078575134277344e+01
3.080792808532714844e+01
3.117389106750488281e+01
3.118449974060058594e+01
3.117860221862792969e+01
3.129178428649902344e+01
3.169365501403808594e+01
3.176341819763183594e+01
3.137674522399902344e+01
