3.319105911254882812e+01
3.284997177124023438e+01
3.256315994262695312e+01
3.252417373657226562e+01
3.305629348754882812e+01
3.388648605346679688e+01
3.444843292236328125e+01
3.418070983886718750e+01
3.451807022094726562e+01
3.604634857177734375e+01
3.508927536010742188e+01
3.510684204101562500e+01
3.508551788330078125e+01
3.431239700317382812e+01
3.361917495727539062e+01
3.319541549682617188e+01
3.314788818359375000e+01
3.392612075805664062e+01
3.554895401000976562e+01
3.622097396850585938e+01
3.665864944458007812e+01
3.692129135131835938e+01
3.676558303833007812e+01
3.652706909179687500e+01
3.648544311523437500e+01
3.684633255004882812e+01
3.682275390625000000e+01
3.643937683105468750e+01
3.580690002441406250e+01
3.618280029296875000e+01
3.633565139770507812e+01
3.626071548461914062e+01
3.599837112426757812e+01
3.531923675537109375e+01
3.489171218872070312e+01
3.529238891601562500e+01
3.559559631347656250e+01
3.553239822387695312e+01
3.491380691528320312e+01
3.401600646972656250e+01
3.366481399536132812e+01
3.364028930664062500e+01
3.385995483398437500e+01
3.413827133178710938e+01
3.460316848754882812e+01
3.505464553833007812e+01
3.525304031372070312e+01
3.567618942260742188e+01
3.588331604003906250e+01
3.580455017089843750e+01
3.556526184082031250e+01
3.539071273803710938e+01
3.558708572387695312e+01
3.541189575195312500e+01
3.494777679443359375e+01
3.436020660400390625e+01
3.398732757568359375e+01
3.387812805175781250e+01
3.388494491577148438e+01
3.393794631958007812e+01
3.400912475585937500e+01
3.409765243530273438e+01
3.413863754272460938e+01
3.399359130859375000e+01
3.368960189819335938e+01
3.348572540283203125e+01
3.363812255859375000e+01
3.393974685668945312e+01
3.423882675170898438e+01
3.426005935668945312e+01
3.425770187377929688e+01
3.421652984619140625e+01
3.424346160888671875e+01
3.423825836181640625e+01
3.371461868286132812e+01
3.355511856079101562e+01
3.341142654418945312e+01
3.372613143920898438e+01
3.454420471191406250e+01
3.493716049194335938e+01
3.540138626098632812e+01
3.602659225463867188e+01
3.631952667236328125e+01
3.572060012817382812e+01
3.463126754760742188e+01
3.413329696655273438e+01
3.391411590576171875e+01
3.399746322631835938e+01
3.396199417114257812e+01
3.420026779174804688e+01
3.415524673461914062e+01
3.392932128906250000e+01
3.387802886962890625e+01
3.378005599975585938e+01
3.337044906616210938e+01
3.318013763427734375e+01
3.333613967895507812e+01
3.359336090087890625e+01
3.385908889770507812e+01
3.384456253051757812e+01
3.448605728149414062e+01
3.547272109985351562e+01
3.561018371582031250e+01
3.598790359497070312e+01
