3.430620956420898438e+01
3.443452072143554688e+01
3.432174682617187500e+01
3.452281951904296875e+01
3.489367675781250000e+01
3.500940322875976562e+01
3.550706100463867188e+01
3.589378356933593750e+01
3.488232421875000000e+01
3.495880508422851562e+01
3.489170455932617188e+01
3.413713836669921875e+01
3.437034225463867188e+01
3.499080276489257812e+01
3.459720993041992188e+01
3.481404876708984375e+01
3.541200637817382812e+01
3.532373428344726562e+01
3.522551727294921875e+01
3.536063766479492188e+01
3.536549377441406250e+01
3.546260452270507812e+01
3.585153961181640625e+01
3.642346191406250000e+01
3.551381301879882812e+01
3.501312637329101562e+01
3.461265182495117188e+01
3.498567199707031250e+01
3.506967163085937500e+01
3.496780776977539062e+01
3.478984451293945312e+01
3.502024841308593750e+01
3.441078948974609375e+01
3.410135650634765625e+01
3.403900527954101562e+01
3.444825744628906250e+01
3.473251342773437500e+01
3.509161376953125000e+01
3.478405380249023438e+01
3.467465209960937500e+01
3.488475799560546875e+01
3.523628234863281250e+01
3.673169326782226562e+01
3.631764602661132812e+01
3.560310363769531250e+01
3.593044281005859375e+01
3.662199783325195312e+01
3.696364593505859375e+01
3.610317230224609375e+01
3.513602447509765625e+01
3.482728195190429688e+01
3.513587570190429688e+01
3.525603485107421875e+01
3.433738327026367188e+01
3.441476058959960938e+01
3.513506698608398438e+01
3.557456970214843750e+01
3.555122375488281250e+01
3.483656311035156250e+01
3.547652053833007812e+01
3.474105453491210938e+01
3.486082839965820312e+01
3.502988433837890625e+01
3.569397354125976562e+01
3.604529190063476562e+01
3.477033615112304688e+01
3.421151733398437500e+01
3.369301223754882812e+01
3.392951583862304688e+01
3.440416336059570312e+01
3.466442108154296875e+01
3.451224517822265625e+01
3.427403640747070312e+01
3.406455993652343750e+01
3.438377761840820312e+01
3.527113723754882812e+01
3.528645324707031250e+01
3.567105484008789062e+01
3.533342361450195312e+01
3.466044998168945312e+01
3.437620925903320312e+01
3.456199264526367188e+01
3.482019805908203125e+01
3.492268371582031250e+01
3.705950927734375000e+01
3.756597137451171875e+01
3.766098785400390625e+01
3.752835464477539062e+01
3.712159729003906250e+01
3.628094100952148438e+01
3.495829010009765625e+01
3.486154937744140625e+01
3.535426712036132812e+01
3.736473083496093750e+01
3.784254455566406250e+01
3.797098541259765625e+01
3.805446624755859375e+01
3.799576950073242188e+01
3.788521957397460938e+01
3.736263656616210938e+01
3.711608123779296875e+01
3.706566238403320312e+01
3.713699722290039062e+01
3.662870025634765625e+01
3.478966522216796875e+01
3.456886291503906250e+01
3.316281127929687500e+01
