3.044956970214843750e+01
3.044875144958496094e+01
3.025404739379882812e+01
3.008433914184570312e+01
2.997040557861328125e+01
2.997450447082519531e+01
3.017456245422363281e+01
3.035727882385253906e+01
2.976116371154785156e+01
2.956123924255371094e+01
3.004948043823242188e+01
3.017054176330566406e+01
2.992727088928222656e+01
3.009021186828613281e+01
3.015072250366210938e+01
3.002674674987792969e+01
2.996670150756835938e+01
3.012732887268066406e+01
3.016798400878906250e+01
3.018796730041503906e+01
3.008432388305664062e+01
2.988324737548828125e+01
2.998917770385742188e+01
3.011605072021484375e+01
3.018361091613769531e+01
3.023523330688476562e+01
3.020109558105468750e+01
2.994318008422851562e+01
2.973228073120117188e+01
2.979233360290527344e+01
2.984747886657714844e+01
2.991499519348144531e+01
2.993570709228515625e+01
2.990208625793457031e+01
2.978612709045410156e+01
2.967296218872070312e+01
2.932751464843750000e+01
2.920422172546386719e+01
2.923516464233398438e+01
2.933943176269531250e+01
2.936650466918945312e+01
2.927773284912109375e+01
2.913938331604003906e+01
2.915058135986328125e+01
2.940164184570312500e+01
2.990156745910644531e+01
3.011327743530273438e+01
3.012830734252929688e+01
2.999330902099609375e+01
2.983780288696289062e+01
2.973505020141601562e+01
2.973263168334960938e+01
2.978369331359863281e+01
3.000992202758789062e+01
3.027503776550292969e+01
3.043623733520507812e+01
3.051331138610839844e+01
3.060723876953125000e+01
3.076712608337402344e+01
3.072643661499023438e+01
3.075023460388183594e+01
3.072115516662597656e+01
3.064562988281250000e+01
3.054787445068359375e+01
3.045977210998535156e+01
3.040678977966308594e+01
3.033162879943847656e+01
3.029722976684570312e+01
3.020871162414550781e+01
3.000918197631835938e+01
2.980101966857910156e+01
2.984188652038574219e+01
2.998353195190429688e+01
2.997216796875000000e+01
3.011250877380371094e+01
3.029748916625976562e+01
3.047080039978027344e+01
3.064601135253906250e+01
3.064391517639160156e+01
3.064265632629394531e+01
3.066929435729980469e+01
3.062380218505859375e+01
3.054682350158691406e+01
3.046613121032714844e+01
3.037579345703125000e+01
3.008251762390136719e+01
2.983224868774414062e+01
2.914819335937500000e+01
2.895612335205078125e+01
2.875394439697265625e+01
2.859552001953125000e+01
2.834014892578125000e+01
2.833317375183105469e+01
