3.420963668823242188e+01
3.421143722534179688e+01
3.433055114746093750e+01
3.421112823486328125e+01
3.405636596679687500e+01
3.377163314819335938e+01
3.367811584472656250e+01
3.364391326904296875e+01
3.369609069824218750e+01
3.375988388061523438e+01
3.358441162109375000e+01
3.347893905639648438e+01
3.345314025878906250e+01
3.350669479370117188e+01
3.376282501220703125e+01
3.388783264160156250e+01
3.386672210693359375e+01
3.389801025390625000e+01
3.390390396118164062e+01
3.380178833007812500e+01
3.389192962646484375e+01
3.392858886718750000e+01
3.392923736572265625e+01
3.384148025512695312e+01
3.369852447509765625e+01
3.376290130615234375e+01
3.385001754760742188e+01
3.374943161010742188e+01
3.363171005249023438e+01
3.360605621337890625e+01
3.374114990234375000e+01
3.411206436157226562e+01
3.473510742187500000e+01
3.545218658447265625e+01
3.572751617431640625e+01
3.585771179199218750e+01
3.603963088989257812e+01
3.621719741821289062e+01
3.614316558837890625e+01
3.589881134033203125e+01
3.576628494262695312e+01
3.554457855224609375e+01
3.497780990600585938e+01
3.442654037475585938e+01
3.399705123901367188e+01
3.398134613037109375e+01
3.400853729248046875e+01
3.409583282470703125e+01
3.442427825927734375e+01
3.465668869018554688e+01
3.424064254760742188e+01
3.428409957885742188e+01
3.496648406982421875e+01
3.526724243164062500e+01
3.491993331909179688e+01
3.451629638671875000e+01
3.461951828002929688e+01
3.468369674682617188e+01
3.438359451293945312e+01
3.400830459594726562e+01
3.401772689819335938e+01
3.443255996704101562e+01
3.528544998168945312e+01
3.619473266601562500e+01
3.650312423706054688e+01
3.664498138427734375e+01
3.657051849365234375e+01
3.625700759887695312e+01
3.620136260986328125e+01
3.586133575439453125e+01
3.527764892578125000e+01
3.511730957031250000e+01
3.492552947998046875e+01
3.487871551513671875e+01
3.468272399902343750e+01
3.493511581420898438e+01
3.554143524169921875e+01
3.507519149780273438e+01
3.463017654418945312e+01
3.483126068115234375e+01
3.447512435913085938e+01
3.456565475463867188e+01
3.463037490844726562e+01
3.455316925048828125e+01
3.454410934448242188e+01
3.472923278808593750e+01
3.460192489624023438e+01
3.459415054321289062e+01
3.456771087646484375e+01
3.447604370117187500e+01
3.430280303955078125e+01
3.416993331909179688e+01
3.411892318725585938e+01
3.406723022460937500e+01
3.397509002685546875e+01
3.412284088134765625e+01
3.439172744750976562e+01
3.457575225830078125e+01
3.409150695800781250e+01
3.389727020263671875e+01
3.374990844726562500e+01
3.348681640625000000e+01
3.318988800048828125e+01
3.299698257446289062e+01
