2.535849189758300781e+01
2.591920280456542969e+01
2.597510528564453125e+01
2.614120292663574219e+01
2.637738990783691406e+01
2.611638259887695312e+01
2.581833839416503906e+01
2.574627685546875000e+01
2.569174194335937500e+01
2.577508544921875000e+01
2.600108528137207031e+01
2.606628608703613281e+01
2.621564483642578125e+01
2.624538230895996094e+01
2.632295799255371094e+01
2.622477340698242188e+01
2.596494293212890625e+01
2.567122268676757812e+01
2.554455184936523438e+01
2.552447891235351562e+01
2.563882255554199219e+01
2.587033653259277344e+01
2.594631767272949219e+01
2.593735122680664062e+01
2.584273147583007812e+01
2.578057289123535156e+01
2.582497978210449219e+01
2.584896850585937500e+01
2.586130332946777344e+01
2.586182403564453125e+01
2.588489341735839844e+01
2.595938682556152344e+01
2.592323112487792969e+01
2.597583961486816406e+01
2.606349182128906250e+01
2.611078071594238281e+01
2.624012374877929688e+01
2.622981643676757812e+01
2.623478889465332031e+01
2.634475517272949219e+01
2.641474723815917969e+01
2.647647094726562500e+01
2.640446853637695312e+01
2.636128425598144531e+01
2.631421089172363281e+01
2.620292091369628906e+01
2.595378684997558594e+01
2.583701324462890625e+01
2.575733566284179688e+01
2.566408157348632812e+01
2.550146102905273438e+01
2.535523414611816406e+01
2.531937980651855469e+01
2.523278236389160156e+01
2.509798812866210938e+01
2.495468139648437500e+01
2.491241836547851562e+01
2.513519096374511719e+01
2.541196441650390625e+01
2.554865264892578125e+01
2.561552047729492188e+01
2.554006958007812500e+01
2.539748191833496094e+01
2.530616760253906250e+01
2.532606506347656250e+01
2.550147438049316406e+01
2.572497749328613281e+01
2.573483085632324219e+01
2.575117111206054688e+01
2.584295272827148438e+01
2.597741699218750000e+01
2.611925315856933594e+01
2.614272499084472656e+01
2.608486175537109375e+01
2.590641593933105469e+01
2.566508102416992188e+01
2.550267410278320312e+01
2.533685111999511719e+01
2.514219856262207031e+01
2.496018218994140625e+01
2.484197425842285156e+01
2.481204032897949219e+01
2.483646774291992188e+01
2.483942222595214844e+01
2.499441146850585938e+01
2.513517189025878906e+01
2.517032432556152344e+01
2.518277168273925781e+01
2.516962814331054688e+01
2.513614273071289062e+01
2.502971076965332031e+01
2.497531127929687500e+01
2.502340888977050781e+01
2.505279350280761719e+01
2.509185028076171875e+01
2.501895713806152344e+01
2.498953628540039062e+01
2.514849472045898438e+01
2.541588592529296875e+01
2.555713462829589844e+01
2.577635955810546875e+01
2.575653266906738281e+01
2.570270347595214844e+01
2.539203071594238281e+01
2.489842796325683594e+01
2.479038238525390625e+01
2.447709083557128906e+01
2.443019294738769531e+01
2.465630912780761719e+01
