3.371353149414062500e+01
3.379945373535156250e+01
3.307930374145507812e+01
3.286784744262695312e+01
3.312987136840820312e+01
3.317025375366210938e+01
3.321139526367187500e+01
3.309429168701171875e+01
3.297982788085937500e+01
3.278735351562500000e+01
3.242326354980468750e+01
3.229173278808593750e+01
3.260448455810546875e+01
3.248795700073242188e+01
3.249677276611328125e+01
3.269198608398437500e+01
3.294419860839843750e+01
3.270081329345703125e+01
3.247020339965820312e+01
3.263856887817382812e+01
3.297043991088867188e+01
3.320080184936523438e+01
3.318988800048828125e+01
3.303364181518554688e+01
3.288061904907226562e+01
3.279280090332031250e+01
3.294040298461914062e+01
3.311770629882812500e+01
3.331982803344726562e+01
3.327033615112304688e+01
3.320751190185546875e+01
3.316165161132812500e+01
3.311994934082031250e+01
3.299294281005859375e+01
3.287829589843750000e+01
3.305620956420898438e+01
3.296839523315429688e+01
3.257179260253906250e+01
3.189559173583984375e+01
3.167771911621093750e+01
3.287031936645507812e+01
3.289746856689453125e+01
3.292147445678710938e+01
3.281714248657226562e+01
3.277730178833007812e+01
3.308794403076171875e+01
3.323999786376953125e+01
3.340229415893554688e+01
3.351818084716796875e+01
3.329863739013671875e+01
3.328166961669921875e+01
3.361124801635742188e+01
3.409787750244140625e+01
3.412954711914062500e+01
3.414467239379882812e+01
3.421798324584960938e+01
3.403487777709960938e+01
3.392233657836914062e+01
3.359638214111328125e+01
3.339900970458984375e+01
3.347135162353515625e+01
3.381617736816406250e+01
3.422808456420898438e+01
3.459816360473632812e+01
3.371717834472656250e+01
3.183765792846679688e+01
3.161960220336914062e+01
3.156138038635253906e+01
3.181956863403320312e+01
3.242922210693359375e+01
3.234846878051757812e+01
3.234621047973632812e+01
3.268405532836914062e+01
3.279875564575195312e+01
3.251911926269531250e+01
3.221768951416015625e+01
3.198703575134277344e+01
3.163176918029785156e+01
3.162968826293945312e+01
3.206105804443359375e+01
3.266454696655273438e+01
3.278643798828125000e+01
3.275436782836914062e+01
3.270793914794921875e+01
3.275764083862304688e+01
3.293476104736328125e+01
3.310845184326171875e+01
3.314042282104492188e+01
3.325392913818359375e+01
3.312309646606445312e+01
3.293288040161132812e+01
3.292261886596679688e+01
3.290934371948242188e+01
3.289717102050781250e+01
3.292216873168945312e+01
3.303047180175781250e+01
3.300865554809570312e+01
3.268169784545898438e+01
3.251815032958984375e+01
3.300799179077148438e+01
3.354791259765625000e+01
3.338431930541992188e+01
3.319689559936523438e+01
3.269833755493164062e+01
