2.331511497497558594e+01
2.323567390441894531e+01
2.330862045288085938e+01
2.336392974853515625e+01
2.353463363647460938e+01
2.367805290222167969e+01
2.375142097473144531e+01
2.385475158691406250e+01
2.397612571716308594e+01
2.401991462707519531e+01
2.408178138732910156e+01
2.396619415283203125e+01
2.386924934387207031e+01
2.397718048095703125e+01
2.397333526611328125e+01
2.404559135437011719e+01
2.381776428222656250e+01
2.358867835998535156e+01
2.344605827331542969e+01
2.355450820922851562e+01
2.359156227111816406e+01
2.364227867126464844e+01
2.368706512451171875e+01
2.376995468139648438e+01
2.384327888488769531e+01
2.382564544677734375e+01
2.373740768432617188e+01
2.362558746337890625e+01
2.358729362487792969e+01
2.352207183837890625e+01
2.345852661132812500e+01
2.334156608581542969e+01
2.331226539611816406e+01
2.329862022399902344e+01
2.325887680053710938e+01
2.321476554870605469e+01
2.324724578857421875e+01
2.329111480712890625e+01
2.332222557067871094e+01
2.328219223022460938e+01
2.322098159790039062e+01
2.316270065307617188e+01
2.314670944213867188e+01
2.307237625122070312e+01
2.305552864074707031e+01
2.308331680297851562e+01
2.315456962585449219e+01
2.324771118164062500e+01
2.326146125793457031e+01
2.326295471191406250e+01
2.330045318603515625e+01
2.341535568237304688e+01
2.343194389343261719e+01
2.344448089599609375e+01
2.343368721008300781e+01
2.342899894714355469e+01
2.345431327819824219e+01
2.349432945251464844e+01
2.352199554443359375e+01
2.348843383789062500e+01
2.342395401000976562e+01
2.332656478881835938e+01
2.327910232543945312e+01
2.330375099182128906e+01
2.335340881347656250e+01
2.347098731994628906e+01
2.359217071533203125e+01
2.380258941650390625e+01
2.370584678649902344e+01
2.361806869506835938e+01
2.340531921386718750e+01
2.345985794067382812e+01
2.357754135131835938e+01
2.378545570373535156e+01
2.385404396057128906e+01
2.372507095336914062e+01
2.370324707031250000e+01
2.363880920410156250e+01
2.389462661743164062e+01
2.376548194885253906e+01
2.383218193054199219e+01
2.387106323242187500e+01
2.383797836303710938e+01
2.392395210266113281e+01
2.376165390014648438e+01
