3.363376235961914062e+01
3.345154953002929688e+01
3.382342147827148438e+01
3.425709915161132812e+01
3.420088958740234375e+01
3.591911697387695312e+01
3.611431884765625000e+01
3.618128585815429688e+01
3.578340911865234375e+01
3.498339843750000000e+01
3.528816604614257812e+01
3.465361022949218750e+01
3.428244781494140625e+01
3.473443603515625000e+01
3.489953994750976562e+01
3.524014282226562500e+01
3.629000091552734375e+01
3.527883148193359375e+01
3.556197357177734375e+01
3.616673660278320312e+01
3.575055694580078125e+01
3.483911132812500000e+01
3.455244827270507812e+01
3.468199157714843750e+01
3.500481033325195312e+01
3.458347702026367188e+01
3.413949584960937500e+01
3.381021118164062500e+01
3.391963958740234375e+01
3.398098373413085938e+01
3.409509658813476562e+01
3.432278823852539062e+01
3.468039321899414062e+01
3.453483963012695312e+01
3.470866012573242188e+01
3.448892593383789062e+01
3.415880584716796875e+01
3.404659271240234375e+01
3.449371337890625000e+01
3.495707321166992188e+01
3.495074081420898438e+01
3.488621902465820312e+01
3.501199722290039062e+01
3.521091079711914062e+01
3.588850402832031250e+01
3.667612075805664062e+01
3.681479644775390625e+01
3.684462738037109375e+01
3.686574554443359375e+01
3.646120452880859375e+01
3.642382812500000000e+01
3.649399185180664062e+01
3.644387817382812500e+01
3.628615951538085938e+01
3.637786102294921875e+01
3.640988922119140625e+01
3.675960922241210938e+01
3.662554168701171875e+01
3.612406921386718750e+01
3.522272491455078125e+01
3.490045547485351562e+01
3.490688705444335938e+01
3.505255126953125000e+01
3.547508621215820312e+01
3.607740783691406250e+01
3.603714752197265625e+01
3.617575454711914062e+01
3.549616241455078125e+01
3.502671432495117188e+01
3.420668792724609375e+01
3.403982543945312500e+01
3.426015090942382812e+01
3.415156936645507812e+01
3.399648284912109375e+01
3.408499526977539062e+01
3.418105697631835938e+01
3.405549621582031250e+01
3.414979553222656250e+01
3.433670043945312500e+01
3.502526092529296875e+01
3.580775833129882812e+01
3.695577621459960938e+01
3.765039825439453125e+01
3.755689239501953125e+01
3.729866027832031250e+01
3.658269500732421875e+01
3.593848037719726562e+01
3.575056076049804688e+01
3.565758895874023438e+01
3.558310317993164062e+01
3.512823104858398438e+01
3.510594940185546875e+01
3.498837661743164062e+01
3.519263458251953125e+01
3.484708023071289062e+01
3.447470092773437500e+01
3.390149307250976562e+01
3.368185043334960938e+01
3.408634567260742188e+01
