3.257066726684570312e+01
3.229244613647460938e+01
3.180116844177246094e+01
3.160383415222167969e+01
3.227663803100585938e+01
3.261946487426757812e+01
3.247443771362304688e+01
3.269042587280273438e+01
3.295698165893554688e+01
3.356750106811523438e+01
3.372901153564453125e+01
3.383863449096679688e+01
3.352556991577148438e+01
3.358753204345703125e+01
3.349522018432617188e+01
3.355083084106445312e+01
3.434703445434570312e+01
3.414062500000000000e+01
3.398364639282226562e+01
3.492077255249023438e+01
3.544546508789062500e+01
3.485068130493164062e+01
3.414852523803710938e+01
3.409715652465820312e+01
3.446337509155273438e+01
3.432866287231445312e+01
3.378619384765625000e+01
3.331578826904296875e+01
3.307719421386718750e+01
3.371238708496093750e+01
3.402231597900390625e+01
3.525872421264648438e+01
3.598265457153320312e+01
3.480137634277343750e+01
3.343433380126953125e+01
3.299723434448242188e+01
3.285205078125000000e+01
3.369714736938476562e+01
3.457628250122070312e+01
3.512085342407226562e+01
3.546246337890625000e+01
3.517029190063476562e+01
3.460417938232421875e+01
3.462144851684570312e+01
3.446148300170898438e+01
3.420851135253906250e+01
3.392747116088867188e+01
3.341946792602539062e+01
3.312533569335937500e+01
3.322926712036132812e+01
3.340813827514648438e+01
3.370519256591796875e+01
3.396913528442382812e+01
3.371965408325195312e+01
3.365149688720703125e+01
3.360216522216796875e+01
3.342593002319335938e+01
3.342576217651367188e+01
3.362355804443359375e+01
3.357567214965820312e+01
3.358055496215820312e+01
3.360087966918945312e+01
3.338832092285156250e+01
3.321124649047851562e+01
3.311543655395507812e+01
3.343453216552734375e+01
3.366876220703125000e+01
3.369065475463867188e+01
3.386648559570312500e+01
3.472748184204101562e+01
3.454291915893554688e+01
3.408212661743164062e+01
3.345940017700195312e+01
3.335778427124023438e+01
3.377877807617187500e+01
3.389606475830078125e+01
3.359321212768554688e+01
3.313708114624023438e+01
3.388741683959960938e+01
3.213549804687500000e+01
3.179831123352050781e+01
3.211520004272460938e+01
3.082614898681640625e+01
2.996430778503417969e+01
3.058046531677246094e+01
3.008629226684570312e+01
