2.805427169799804688e+01
2.826859855651855469e+01
2.840534591674804688e+01
2.860679435729980469e+01
2.899157524108886719e+01
2.904290771484375000e+01
2.902574729919433594e+01
2.906567955017089844e+01
2.919079399108886719e+01
2.910239791870117188e+01
2.910060119628906250e+01
2.842380905151367188e+01
2.798423767089843750e+01
2.790360641479492188e+01
2.776956367492675781e+01
2.788701057434082031e+01
2.785495948791503906e+01
2.756924438476562500e+01
2.730715179443359375e+01
2.714736938476562500e+01
2.703191375732421875e+01
2.697551345825195312e+01
2.692931938171386719e+01
2.691141700744628906e+01
2.711992454528808594e+01
2.748010444641113281e+01
2.773183631896972656e+01
2.793509674072265625e+01
2.828450202941894531e+01
2.866969871520996094e+01
2.888885498046875000e+01
2.890404510498046875e+01
2.885978698730468750e+01
2.881962585449218750e+01
2.865351867675781250e+01
2.854185485839843750e+01
2.847723197937011719e+01
2.834143829345703125e+01
2.823848915100097656e+01
2.816780090332031250e+01
2.819472885131835938e+01
2.824448776245117188e+01
2.831685638427734375e+01
2.853480529785156250e+01
2.868724250793457031e+01
2.885033988952636719e+01
2.886173057556152344e+01
2.874555206298828125e+01
2.871517562866210938e+01
2.842192077636718750e+01
2.838371467590332031e+01
2.838338470458984375e+01
2.830778312683105469e+01
2.838893508911132812e+01
2.834652900695800781e+01
2.825152015686035156e+01
2.822082710266113281e+01
2.832939529418945312e+01
2.827963066101074219e+01
2.823737335205078125e+01
2.816222953796386719e+01
2.793350601196289062e+01
2.785114860534667969e+01
2.776432228088378906e+01
2.776290321350097656e+01
2.778341293334960938e+01
2.778170776367187500e+01
2.772023582458496094e+01
2.767115783691406250e+01
2.758038330078125000e+01
2.755389404296875000e+01
2.763472938537597656e+01
2.764677619934082031e+01
2.780888557434082031e+01
2.787239646911621094e+01
2.775764846801757812e+01
2.756469154357910156e+01
2.735873413085937500e+01
2.735015106201171875e+01
2.739854240417480469e+01
2.740137863159179688e+01
2.736487579345703125e+01
2.733559036254882812e+01
2.746616744995117188e+01
2.751805305480957031e+01
2.777935218811035156e+01
2.786354827880859375e+01
2.789839744567871094e+01
2.792232513427734375e+01
2.775955581665039062e+01
2.782769012451171875e+01
2.764921760559082031e+01
2.738444137573242188e+01
2.737819671630859375e+01
2.765492248535156250e+01
2.776479911804199219e+01
2.809598922729492188e+01
2.835778808593750000e+01
2.868675613403320312e+01
2.869923782348632812e+01
2.881599807739257812e+01
2.909223556518554688e+01
2.888219451904296875e+01
2.812034416198730469e+01
2.794093132019042969e+01
