3.364606094360351562e+01
3.367370986938476562e+01
3.376858139038085938e+01
3.380521774291992188e+01
3.384848403930664062e+01
3.409660339355468750e+01
3.360896682739257812e+01
3.340276718139648438e+01
3.317504119873046875e+01
3.280310821533203125e+01
3.261408233642578125e+01
3.255488967895507812e+01
3.294224548339843750e+01
3.305646896362304688e+01
3.288726425170898438e+01
3.270307540893554688e+01
3.290797424316406250e+01
3.286571121215820312e+01
3.289456939697265625e+01
3.290098571777343750e+01
3.303403854370117188e+01
3.326696777343750000e+01
3.343529510498046875e+01
3.357046127319335938e+01
3.360927200317382812e+01
3.356370162963867188e+01
3.373976516723632812e+01
3.403062057495117188e+01
3.402462387084960938e+01
3.386138534545898438e+01
3.373331069946289062e+01
3.379054260253906250e+01
3.372279357910156250e+01
3.349205398559570312e+01
3.343316268920898438e+01
3.350864410400390625e+01
3.352264022827148438e+01
3.353509521484375000e+01
3.346386337280273438e+01
3.341820144653320312e+01
3.335581970214843750e+01
3.344938278198242188e+01
3.372409820556640625e+01
3.385878372192382812e+01
3.379041671752929688e+01
3.368336105346679688e+01
3.355713272094726562e+01
3.342873764038085938e+01
3.343920516967773438e+01
3.351419067382812500e+01
3.361522293090820312e+01
3.372267532348632812e+01
3.401377487182617188e+01
3.427883529663085938e+01
3.377388000488281250e+01
3.322983932495117188e+01
3.326773452758789062e+01
3.341321945190429688e+01
3.355843353271484375e+01
3.358111572265625000e+01
3.367270278930664062e+01
3.361124038696289062e+01
3.358410263061523438e+01
3.366723632812500000e+01
3.370676040649414062e+01
3.355077362060546875e+01
3.350451660156250000e+01
3.369319534301757812e+01
3.368954467773437500e+01
3.358277511596679688e+01
3.339818572998046875e+01
3.347354125976562500e+01
3.362927246093750000e+01
3.354592514038085938e+01
3.335204315185546875e+01
3.294835281372070312e+01
3.278208923339843750e+01
3.272768783569335938e+01
3.268564605712890625e+01
3.270024871826171875e+01
3.271609878540039062e+01
3.273751068115234375e+01
3.281583786010742188e+01
3.270346450805664062e+01
3.253990173339843750e+01
3.252621841430664062e+01
3.263117980957031250e+01
3.287419891357421875e+01
