3.310634994506835938e+01
3.315243530273437500e+01
3.307788085937500000e+01
3.301812744140625000e+01
3.274356079101562500e+01
3.262777328491210938e+01
3.263991165161132812e+01
3.289755249023437500e+01
3.306784820556640625e+01
3.327690124511718750e+01
3.353694152832031250e+01
3.378785705566406250e+01
3.398377990722656250e+01
3.346342849731445312e+01
3.320590591430664062e+01
3.325458908081054688e+01
3.328829574584960938e+01
3.363216400146484375e+01
3.383413696289062500e+01
3.385118103027343750e+01
3.383506774902343750e+01
3.350823593139648438e+01
3.264481735229492188e+01
3.243170166015625000e+01
3.257365417480468750e+01
3.285131835937500000e+01
3.302690124511718750e+01
3.306937026977539062e+01
3.297514343261718750e+01
3.268193435668945312e+01
3.244691848754882812e+01
3.231814575195312500e+01
3.224618911743164062e+01
3.220785140991210938e+01
3.215766906738281250e+01
3.229472732543945312e+01
3.250480651855468750e+01
3.277623367309570312e+01
3.330163574218750000e+01
3.341602706909179688e+01
3.329049301147460938e+01
3.308100509643554688e+01
3.268065261840820312e+01
3.266233062744140625e+01
3.278417968750000000e+01
3.346734237670898438e+01
3.416217041015625000e+01
3.477523040771484375e+01
3.451297378540039062e+01
3.424134063720703125e+01
3.412873840332031250e+01
3.420705795288085938e+01
3.453333663940429688e+01
3.430985260009765625e+01
3.410881805419921875e+01
3.405685043334960938e+01
3.371942520141601562e+01
3.349045562744140625e+01
3.354716110229492188e+01
3.361415481567382812e+01
3.376276016235351562e+01
3.365423583984375000e+01
3.358304977416992188e+01
3.346385955810546875e+01
3.327058792114257812e+01
3.326124954223632812e+01
3.347853851318359375e+01
3.389451599121093750e+01
3.439785003662109375e+01
3.484175872802734375e+01
3.510535430908203125e+01
3.509893798828125000e+01
3.469586563110351562e+01
3.436828994750976562e+01
3.409348297119140625e+01
3.396649551391601562e+01
3.392716598510742188e+01
3.390076446533203125e+01
3.379426956176757812e+01
3.370565414428710938e+01
3.375062179565429688e+01
3.379275131225585938e+01
3.371189880371093750e+01
3.336336517333984375e+01
3.320920562744140625e+01
3.312677764892578125e+01
3.289158630371093750e+01
3.314852523803710938e+01
3.334049606323242188e+01
3.367303085327148438e+01
3.396405792236328125e+01
3.382274627685546875e+01
3.352837753295898438e+01
3.322145462036132812e+01
3.342532730102539062e+01
3.345280075073242188e+01
3.382434463500976562e+01
3.548196411132812500e+01
3.499363327026367188e+01
3.408638000488281250e+01
3.349502563476562500e+01
