3.514868545532226562e+01
3.525617218017578125e+01
3.513639068603515625e+01
3.494622802734375000e+01
3.468381118774414062e+01
3.488031768798828125e+01
3.518389511108398438e+01
3.514282226562500000e+01
3.544107818603515625e+01
3.543295288085937500e+01
3.512551116943359375e+01
3.478785705566406250e+01
3.411166381835937500e+01
3.394291305541992188e+01
3.394799041748046875e+01
3.437874221801757812e+01
3.515728759765625000e+01
3.491424942016601562e+01
3.490621948242187500e+01
3.529453277587890625e+01
3.584885406494140625e+01
3.579216003417968750e+01
3.545871734619140625e+01
3.533654785156250000e+01
3.506234359741210938e+01
3.435676193237304688e+01
3.400498580932617188e+01
3.398831939697265625e+01
3.443028259277343750e+01
3.468658065795898438e+01
3.475313949584960938e+01
3.465055084228515625e+01
3.468620681762695312e+01
3.482366561889648438e+01
3.487064743041992188e+01
3.449092864990234375e+01
3.456133270263671875e+01
3.462569808959960938e+01
3.469019317626953125e+01
3.477666473388671875e+01
3.452161407470703125e+01
3.424014282226562500e+01
3.415295028686523438e+01
3.438198471069335938e+01
3.486864471435546875e+01
3.484556198120117188e+01
3.476306533813476562e+01
3.466037750244140625e+01
3.455429840087890625e+01
3.446216583251953125e+01
3.431837844848632812e+01
3.414854431152343750e+01
3.381704330444335938e+01
3.402406692504882812e+01
3.418548583984375000e+01
3.484944152832031250e+01
3.476905059814453125e+01
3.442044830322265625e+01
3.438672256469726562e+01
3.474996185302734375e+01
3.500624847412109375e+01
3.506479644775390625e+01
3.496445465087890625e+01
3.479391098022460938e+01
3.496726226806640625e+01
3.501239776611328125e+01
3.498148727416992188e+01
3.484939956665039062e+01
3.471765899658203125e+01
3.426182937622070312e+01
3.422266387939453125e+01
3.426647949218750000e+01
3.417124176025390625e+01
3.429271697998046875e+01
3.458613967895507812e+01
3.470649337768554688e+01
3.486223602294921875e+01
3.500916671752929688e+01
3.514916610717773438e+01
3.560103607177734375e+01
3.608728790283203125e+01
3.603007507324218750e+01
3.599463653564453125e+01
3.540152359008789062e+01
3.536679458618164062e+01
3.502115249633789062e+01
3.476655197143554688e+01
3.457018280029296875e+01
3.459548568725585938e+01
3.450515365600585938e+01
3.424617767333984375e+01
3.447148513793945312e+01
3.451867675781250000e+01
3.439958190917968750e+01
3.501284027099609375e+01
3.487711715698242188e+01
3.535102844238281250e+01
3.651703643798828125e+01
3.676264953613281250e+01
3.630961227416992188e+01
3.496709060668945312e+01
3.475711059570312500e+01
3.443910217285156250e+01
3.425597000122070312e+01
3.396197891235351562e+01
