3.331059265136718750e+01
3.296811676025390625e+01
3.372092056274414062e+01
3.522358703613281250e+01
3.471482467651367188e+01
3.391962814331054688e+01
3.384379196166992188e+01
3.415705490112304688e+01
3.566635894775390625e+01
3.670392227172851562e+01
3.498628234863281250e+01
3.430425262451171875e+01
3.489469909667968750e+01
3.628322601318359375e+01
3.733609008789062500e+01
3.766956329345703125e+01
3.656760406494140625e+01
3.611100387573242188e+01
3.626117706298828125e+01
3.667735671997070312e+01
3.686518859863281250e+01
3.723214340209960938e+01
3.762043380737304688e+01
3.776351928710937500e+01
3.720301818847656250e+01
3.710153961181640625e+01
3.673480606079101562e+01
3.731965255737304688e+01
3.760118865966796875e+01
3.777833557128906250e+01
3.784072494506835938e+01
3.735835266113281250e+01
3.713949966430664062e+01
3.720538711547851562e+01
3.698653793334960938e+01
3.683878326416015625e+01
3.686570739746093750e+01
3.712693786621093750e+01
3.690233993530273438e+01
3.620843887329101562e+01
3.526468658447265625e+01
3.583715057373046875e+01
3.634737014770507812e+01
3.637915039062500000e+01
3.596762847900390625e+01
3.541689682006835938e+01
3.585607147216796875e+01
3.678955841064453125e+01
3.661132812500000000e+01
3.635711669921875000e+01
3.665129852294921875e+01
3.686774063110351562e+01
3.696524429321289062e+01
3.683052062988281250e+01
3.563694763183593750e+01
3.533571624755859375e+01
3.561433410644531250e+01
3.695756530761718750e+01
3.717103958129882812e+01
3.702522277832031250e+01
3.640586090087890625e+01
3.562234497070312500e+01
3.530692672729492188e+01
3.546527099609375000e+01
3.548608779907226562e+01
3.596752166748046875e+01
3.595552444458007812e+01
3.552556228637695312e+01
3.498572158813476562e+01
3.505327224731445312e+01
3.527499008178710938e+01
3.586832427978515625e+01
3.603811645507812500e+01
3.659041595458984375e+01
3.659898376464843750e+01
3.645756149291992188e+01
3.658449554443359375e+01
3.667309570312500000e+01
3.695126342773437500e+01
3.688687515258789062e+01
3.672021865844726562e+01
3.655105972290039062e+01
3.583509063720703125e+01
3.495454025268554688e+01
3.490512847900390625e+01
3.479367446899414062e+01
3.501292419433593750e+01
3.464901351928710938e+01
3.427296829223632812e+01
3.476831054687500000e+01
3.582695007324218750e+01
3.611713409423828125e+01
3.548844146728515625e+01
3.537932968139648438e+01
3.539712524414062500e+01
3.539183044433593750e+01
3.583814239501953125e+01
3.501907348632812500e+01
3.464000320434570312e+01
3.498107528686523438e+01
3.574521636962890625e+01
3.684376907348632812e+01
3.717636108398437500e+01
3.695847320556640625e+01
3.695018005371093750e+01
