2.498935317993164062e+01
2.512769126892089844e+01
2.527514839172363281e+01
2.548760223388671875e+01
2.552192115783691406e+01
2.547489738464355469e+01
2.532770538330078125e+01
2.508578300476074219e+01
2.508500480651855469e+01
2.510548973083496094e+01
2.499165344238281250e+01
2.494276237487792969e+01
2.500792694091796875e+01
2.504314994812011719e+01
2.491169357299804688e+01
2.478915214538574219e+01
2.477575874328613281e+01
2.475756645202636719e+01
2.482964515686035156e+01
2.498224067687988281e+01
2.521210098266601562e+01
2.544204902648925781e+01
2.569173240661621094e+01
2.583590888977050781e+01
2.586636924743652344e+01
2.582729148864746094e+01
2.547906875610351562e+01
2.527854728698730469e+01
2.525819587707519531e+01
2.529111671447753906e+01
2.528687858581542969e+01
2.511696243286132812e+01
2.489190483093261719e+01
2.477319335937500000e+01
2.458632850646972656e+01
2.453593635559082031e+01
2.451599502563476562e+01
2.451450920104980469e+01
2.450807571411132812e+01
2.446220970153808594e+01
2.435519409179687500e+01
2.429248046875000000e+01
2.422640419006347656e+01
2.435997390747070312e+01
2.456939506530761719e+01
2.483279418945312500e+01
2.484717178344726562e+01
2.483446884155273438e+01
2.476918411254882812e+01
2.470945930480957031e+01
2.468758010864257812e+01
2.470674133300781250e+01
2.479180526733398438e+01
2.487189674377441406e+01
2.482565689086914062e+01
2.470745086669921875e+01
2.466639709472656250e+01
2.466223907470703125e+01
2.463833618164062500e+01
2.455298805236816406e+01
2.445708274841308594e+01
2.443902587890625000e+01
2.457268714904785156e+01
2.471669006347656250e+01
2.488849258422851562e+01
2.508227920532226562e+01
2.513762474060058594e+01
2.523825645446777344e+01
2.534417533874511719e+01
2.534662628173828125e+01
2.533174896240234375e+01
2.528529357910156250e+01
2.531830406188964844e+01
2.539093780517578125e+01
2.532806205749511719e+01
2.518197441101074219e+01
2.510849571228027344e+01
2.517691802978515625e+01
2.530048179626464844e+01
2.527359580993652344e+01
2.521634483337402344e+01
2.523910713195800781e+01
2.528956031799316406e+01
2.527958679199218750e+01
2.542781448364257812e+01
2.567498397827148438e+01
2.600296020507812500e+01
2.619381332397460938e+01
2.657490539550781250e+01
2.640302085876464844e+01
2.606842994689941406e+01
2.576634216308593750e+01
2.554490852355957031e+01
2.549816894531250000e+01
2.548203086853027344e+01
2.544130706787109375e+01
2.537813377380371094e+01
2.532339096069335938e+01
2.542009925842285156e+01
2.568114471435546875e+01
2.593850135803222656e+01
2.619773483276367188e+01
