3.456356048583984375e+01
3.400428390502929688e+01
3.366555404663085938e+01
3.314720535278320312e+01
3.333293151855468750e+01
3.382956314086914062e+01
3.405571365356445312e+01
3.409521102905273438e+01
3.375554656982421875e+01
3.368330001831054688e+01
3.356992721557617188e+01
3.369158935546875000e+01
3.421993637084960938e+01
3.432061004638671875e+01
3.406907272338867188e+01
3.405153656005859375e+01
3.411080169677734375e+01
3.444782638549804688e+01
3.432316970825195312e+01
3.401877212524414062e+01
3.380152511596679688e+01
3.380648040771484375e+01
3.378891754150390625e+01
3.370061492919921875e+01
3.364873504638671875e+01
3.363031768798828125e+01
3.360293197631835938e+01
3.387072372436523438e+01
3.429988861083984375e+01
3.466398620605468750e+01
3.459076690673828125e+01
3.441823577880859375e+01
3.435528564453125000e+01
3.423188018798828125e+01
3.396249389648437500e+01
3.412312316894531250e+01
3.439294815063476562e+01
3.451286315917968750e+01
3.456270599365234375e+01
3.447310256958007812e+01
3.416639328002929688e+01
3.431663513183593750e+01
3.451953506469726562e+01
3.459545898437500000e+01
3.450174331665039062e+01
3.409771347045898438e+01
3.390485000610351562e+01
3.392251205444335938e+01
3.384735870361328125e+01
3.425131607055664062e+01
3.465684509277343750e+01
3.491385650634765625e+01
3.492270278930664062e+01
3.475125122070312500e+01
3.454206848144531250e+01
3.450974273681640625e+01
3.458869171142578125e+01
3.475259017944335938e+01
3.493224334716796875e+01
3.452155685424804688e+01
3.406035232543945312e+01
3.387320327758789062e+01
3.388302612304687500e+01
3.392456817626953125e+01
3.404174423217773438e+01
3.422098541259765625e+01
3.441513061523437500e+01
3.434053802490234375e+01
3.463792419433593750e+01
3.483091735839843750e+01
3.497221755981445312e+01
3.571475982666015625e+01
3.568032455444335938e+01
3.589196395874023438e+01
3.546025085449218750e+01
3.507818603515625000e+01
3.470090866088867188e+01
3.422729873657226562e+01
3.388306427001953125e+01
3.364481353759765625e+01
3.377793884277343750e+01
3.371208190917968750e+01
3.350258636474609375e+01
3.312958145141601562e+01
3.297987747192382812e+01
3.308043670654296875e+01
3.367891693115234375e+01
3.431681060791015625e+01
3.451161956787109375e+01
3.435882949829101562e+01
3.409378433227539062e+01
3.386824798583984375e+01
3.415963363647460938e+01
3.447426605224609375e+01
3.452471542358398438e+01
3.449217987060546875e+01
3.439884948730468750e+01
3.413712692260742188e+01
3.391955947875976562e+01
3.369520187377929688e+01
3.368883514404296875e+01
3.371647644042968750e+01
3.360669708251953125e+01
3.335671615600585938e+01
3.339933395385742188e+01
3.286577606201171875e+01
3.200345993041992188e+01
