3.776761627197265625e+01
3.777381515502929688e+01
3.788730239868164062e+01
3.799952316284179688e+01
3.794914627075195312e+01
3.739371490478515625e+01
3.695079803466796875e+01
3.659740447998046875e+01
3.646296310424804688e+01
3.655909729003906250e+01
3.650069427490234375e+01
3.684207916259765625e+01
3.701878356933593750e+01
3.712670516967773438e+01
3.711148071289062500e+01
3.716079330444335938e+01
3.697641372680664062e+01
3.688839340209960938e+01
3.693459701538085938e+01
3.667000961303710938e+01
3.656170654296875000e+01
3.668878555297851562e+01
3.698977661132812500e+01
3.689113235473632812e+01
3.668723678588867188e+01
3.669292449951171875e+01
3.688712310791015625e+01
3.700052261352539062e+01
3.679515838623046875e+01
3.661264801025390625e+01
3.686880111694335938e+01
3.697588348388671875e+01
3.701543807983398438e+01
3.714647674560546875e+01
3.708262634277343750e+01
3.693599700927734375e+01
3.673820495605468750e+01
3.652867507934570312e+01
3.653611755371093750e+01
3.652817916870117188e+01
3.669423294067382812e+01
3.662339401245117188e+01
3.646469879150390625e+01
3.640106582641601562e+01
3.667455673217773438e+01
3.688245773315429688e+01
3.667903518676757812e+01
3.623042678833007812e+01
3.651600646972656250e+01
3.643797683715820312e+01
3.635688400268554688e+01
3.632821655273437500e+01
3.655046081542968750e+01
3.665249633789062500e+01
3.730802536010742188e+01
3.750139617919921875e+01
3.748448562622070312e+01
3.732781982421875000e+01
3.721733093261718750e+01
3.703596115112304688e+01
3.693092346191406250e+01
3.700462722778320312e+01
3.721345520019531250e+01
3.723605346679687500e+01
3.703787612915039062e+01
3.684385299682617188e+01
3.669051742553710938e+01
3.653246307373046875e+01
3.648184204101562500e+01
3.653754806518554688e+01
3.654653167724609375e+01
3.659680557250976562e+01
3.682311630249023438e+01
3.712844467163085938e+01
3.728136062622070312e+01
3.721711349487304688e+01
3.704087066650390625e+01
3.715253448486328125e+01
3.722425079345703125e+01
3.721033096313476562e+01
3.731980133056640625e+01
3.739299392700195312e+01
3.714107131958007812e+01
3.659644317626953125e+01
3.619855499267578125e+01
3.635187530517578125e+01
3.645957565307617188e+01
3.639340972900390625e+01
3.629656982421875000e+01
3.646859359741210938e+01
3.683703613281250000e+01
3.707285690307617188e+01
3.717239379882812500e+01
3.741218566894531250e+01
3.762928009033203125e+01
3.781860733032226562e+01
3.785668945312500000e+01
3.771531295776367188e+01
3.759507751464843750e+01
3.758291625976562500e+01
3.748228454589843750e+01
3.735190200805664062e+01
3.718484497070312500e+01
3.688687133789062500e+01
3.663584518432617188e+01
3.667535781860351562e+01
3.608059692382812500e+01
3.529137802124023438e+01
