3.857347106933593750e+01
3.854166793823242188e+01
3.811028671264648438e+01
3.770620727539062500e+01
3.761241149902343750e+01
3.758181381225585938e+01
3.704095840454101562e+01
3.634447479248046875e+01
3.600749588012695312e+01
3.736470794677734375e+01
3.704198074340820312e+01
3.585847473144531250e+01
3.533688354492187500e+01
3.642013168334960938e+01
3.719242095947265625e+01
3.729796600341796875e+01
3.741304779052734375e+01
3.741167068481445312e+01
3.757784652709960938e+01
3.751611709594726562e+01
3.775762557983398438e+01
3.788294982910156250e+01
3.800669860839843750e+01
3.799566268920898438e+01
3.817645645141601562e+01
3.828537368774414062e+01
3.845127105712890625e+01
3.859721755981445312e+01
3.863233566284179688e+01
3.850884246826171875e+01
3.819281005859375000e+01
3.795826339721679688e+01
3.774691390991210938e+01
3.760398483276367188e+01
3.740305709838867188e+01
3.712123107910156250e+01
3.717560577392578125e+01
3.720469284057617188e+01
3.725656127929687500e+01
3.736859893798828125e+01
3.731829833984375000e+01
3.716351318359375000e+01
3.699520492553710938e+01
3.698595046997070312e+01
3.692577362060546875e+01
3.645983886718750000e+01
3.613120269775390625e+01
3.567880249023437500e+01
3.545432662963867188e+01
3.571189498901367188e+01
3.600202178955078125e+01
3.614056396484375000e+01
3.614496231079101562e+01
3.620757675170898438e+01
3.733004760742187500e+01
3.759308624267578125e+01
3.766052627563476562e+01
3.793272781372070312e+01
3.800987625122070312e+01
3.815901184082031250e+01
3.830016708374023438e+01
3.828002929687500000e+01
3.812776565551757812e+01
3.797402191162109375e+01
3.783647537231445312e+01
3.777835464477539062e+01
3.775320434570312500e+01
3.771573257446289062e+01
3.776342010498046875e+01
3.805038833618164062e+01
3.801305389404296875e+01
3.798945617675781250e+01
3.802730178833007812e+01
3.795467758178710938e+01
3.787033081054687500e+01
3.768329238891601562e+01
3.757768249511718750e+01
3.794243240356445312e+01
3.820592498779296875e+01
3.825896453857421875e+01
3.836898040771484375e+01
3.839442825317382812e+01
3.843032455444335938e+01
3.849859619140625000e+01
3.856716156005859375e+01
3.853232574462890625e+01
3.851730346679687500e+01
3.863539505004882812e+01
3.871058654785156250e+01
3.850823974609375000e+01
3.840970230102539062e+01
3.844366836547851562e+01
3.814709091186523438e+01
3.804973602294921875e+01
3.799847412109375000e+01
3.822562789916992188e+01
