3.427082824707031250e+01
3.424675750732421875e+01
3.431986999511718750e+01
3.444360733032226562e+01
3.437657928466796875e+01
3.432838821411132812e+01
3.446808242797851562e+01
3.467140579223632812e+01
3.468793487548828125e+01
3.465923309326171875e+01
3.466911697387695312e+01
3.449674606323242188e+01
3.423409271240234375e+01
3.426860809326171875e+01
3.441132354736328125e+01
3.444452285766601562e+01
3.427406692504882812e+01
3.403617095947265625e+01
3.369136810302734375e+01
3.366228103637695312e+01
3.378872680664062500e+01
3.347714996337890625e+01
3.315877532958984375e+01
3.333207702636718750e+01
3.376895141601562500e+01
3.388487243652343750e+01
3.379412841796875000e+01
3.376039886474609375e+01
3.381606292724609375e+01
3.404296875000000000e+01
3.442197418212890625e+01
3.465644073486328125e+01
3.486779403686523438e+01
3.502765274047851562e+01
3.489184951782226562e+01
3.471919631958007812e+01
3.457275009155273438e+01
3.452821731567382812e+01
3.456075668334960938e+01
3.451067352294921875e+01
3.445758438110351562e+01
3.437085723876953125e+01
3.433146286010742188e+01
3.435149002075195312e+01
3.454269790649414062e+01
3.467511749267578125e+01
3.455315017700195312e+01
3.446996307373046875e+01
3.445259094238281250e+01
3.455591964721679688e+01
3.473112487792968750e+01
3.464183425903320312e+01
3.436988830566406250e+01
3.427648925781250000e+01
3.420295715332031250e+01
3.417477798461914062e+01
3.425127029418945312e+01
3.425139617919921875e+01
3.424735260009765625e+01
3.419871139526367188e+01
3.421536636352539062e+01
3.417467117309570312e+01
3.402579498291015625e+01
3.392834854125976562e+01
3.397552490234375000e+01
3.410078811645507812e+01
3.414371871948242188e+01
3.413000869750976562e+01
3.415972900390625000e+01
3.408100891113281250e+01
3.398815536499023438e+01
3.396678161621093750e+01
3.386810684204101562e+01
3.363659286499023438e+01
3.345453262329101562e+01
3.343304061889648438e+01
3.315276336669921875e+01
3.283215332031250000e+01
3.284606933593750000e+01
3.332090759277343750e+01
3.370930862426757812e+01
3.373916244506835938e+01
3.368106842041015625e+01
3.331488800048828125e+01
3.298059082031250000e+01
3.273971939086914062e+01
3.283855056762695312e+01
3.304954528808593750e+01
3.319057846069335938e+01
3.324728775024414062e+01
3.332549285888671875e+01
3.383365249633789062e+01
3.396661758422851562e+01
3.383114624023437500e+01
3.402057647705078125e+01
3.448818969726562500e+01
3.449699783325195312e+01
3.446255493164062500e+01
3.444455718994140625e+01
3.458295440673828125e+01
3.469231414794921875e+01
3.454210662841796875e+01
