2.685477828979492188e+01
2.689316177368164062e+01
2.656554603576660156e+01
2.625663948059082031e+01
2.617154121398925781e+01
2.655638885498046875e+01
2.717552947998046875e+01
2.760939216613769531e+01
2.800692749023437500e+01
2.826392173767089844e+01
2.788316154479980469e+01
2.754356575012207031e+01
2.718724632263183594e+01
2.700934600830078125e+01
2.713913154602050781e+01
2.739887619018554688e+01
2.751126861572265625e+01
2.772620010375976562e+01
2.772653007507324219e+01
2.777745819091796875e+01
2.794489097595214844e+01
2.808028602600097656e+01
2.802382087707519531e+01
2.787873458862304688e+01
2.756555175781250000e+01
2.743067932128906250e+01
2.753958129882812500e+01
2.761808776855468750e+01
2.764512062072753906e+01
2.769799041748046875e+01
2.764071464538574219e+01
2.765815544128417969e+01
2.769279479980468750e+01
2.765225791931152344e+01
2.760810661315917969e+01
2.747394180297851562e+01
2.732484817504882812e+01
2.722279930114746094e+01
2.705858039855957031e+01
2.707698822021484375e+01
2.713019943237304688e+01
2.721496200561523438e+01
2.719861984252929688e+01
2.723227691650390625e+01
2.718357086181640625e+01
2.713067436218261719e+01
2.694588088989257812e+01
2.657471275329589844e+01
2.625566482543945312e+01
2.614091110229492188e+01
2.623319053649902344e+01
2.647562408447265625e+01
2.697589492797851562e+01
2.745876502990722656e+01
2.777419090270996094e+01
2.764595413208007812e+01
2.720404243469238281e+01
2.688498497009277344e+01
2.677713203430175781e+01
2.690833282470703125e+01
2.715913581848144531e+01
2.730941390991210938e+01
2.732830429077148438e+01
2.734969139099121094e+01
2.745268630981445312e+01
2.768683242797851562e+01
2.791682434082031250e+01
2.794401931762695312e+01
2.782425498962402344e+01
2.765414428710937500e+01
2.739349937438964844e+01
2.719414138793945312e+01
2.707670974731445312e+01
2.701539993286132812e+01
2.718510055541992188e+01
2.733244514465332031e+01
2.730493354797363281e+01
2.715371322631835938e+01
2.709669876098632812e+01
2.711488151550292969e+01
2.700159072875976562e+01
2.687392807006835938e+01
2.711774635314941406e+01
2.757189178466796875e+01
2.792500877380371094e+01
2.824095916748046875e+01
2.830603790283203125e+01
2.795832824707031250e+01
2.768570518493652344e+01
2.740522003173828125e+01
2.732698822021484375e+01
2.747487258911132812e+01
2.749138069152832031e+01
2.737055206298828125e+01
2.739151954650878906e+01
2.716980934143066406e+01
2.740120506286621094e+01
2.806887626647949219e+01
2.786126518249511719e+01
2.685532760620117188e+01
2.641981315612792969e+01
2.645506477355957031e+01
2.632036399841308594e+01
2.637566184997558594e+01
