2.562239837646484375e+01
2.570357513427734375e+01
2.572042846679687500e+01
2.557647705078125000e+01
2.571952438354492188e+01
2.572373962402343750e+01
2.591226768493652344e+01
2.601058959960937500e+01
2.628962516784667969e+01
2.568413925170898438e+01
2.487876701354980469e+01
2.297551536560058594e+01
2.190057754516601562e+01
2.179633712768554688e+01
2.159072685241699219e+01
2.180846786499023438e+01
2.179970932006835938e+01
2.257308197021484375e+01
2.346027946472167969e+01
2.520569801330566406e+01
2.576008033752441406e+01
2.536126708984375000e+01
2.509105300903320312e+01
2.528107643127441406e+01
2.581585311889648438e+01
2.598022460937500000e+01
2.591419029235839844e+01
2.577784538269042969e+01
2.558590888977050781e+01
2.547940063476562500e+01
2.517637634277343750e+01
2.481190490722656250e+01
2.413574790954589844e+01
2.453538894653320312e+01
2.449504280090332031e+01
2.504700088500976562e+01
2.534533882141113281e+01
2.570529937744140625e+01
2.592726898193359375e+01
2.606605911254882812e+01
2.619927215576171875e+01
2.633624649047851562e+01
2.633382987976074219e+01
2.599171829223632812e+01
2.607118415832519531e+01
2.642787933349609375e+01
2.645109176635742188e+01
2.614091682434082031e+01
2.556711959838867188e+01
2.545615005493164062e+01
2.564236640930175781e+01
2.594989967346191406e+01
2.603131103515625000e+01
2.584442901611328125e+01
2.568388366699218750e+01
2.581278228759765625e+01
2.587355613708496094e+01
2.581188964843750000e+01
2.565720939636230469e+01
2.540795516967773438e+01
2.558055877685546875e+01
2.561326408386230469e+01
2.580651283264160156e+01
2.591022491455078125e+01
2.583514785766601562e+01
2.583303833007812500e+01
2.593289947509765625e+01
2.598819351196289062e+01
2.600484085083007812e+01
2.600991821289062500e+01
2.611096000671386719e+01
2.606571578979492188e+01
2.594350814819335938e+01
2.586256408691406250e+01
2.582885932922363281e+01
2.571566390991210938e+01
2.572322082519531250e+01
2.556974983215332031e+01
2.528161239624023438e+01
2.514356040954589844e+01
2.516985702514648438e+01
2.518620300292968750e+01
2.517347335815429688e+01
2.501504135131835938e+01
2.464552307128906250e+01
2.485217666625976562e+01
2.516330146789550781e+01
2.546495819091796875e+01
2.573850250244140625e+01
2.587028884887695312e+01
2.601554489135742188e+01
2.603821945190429688e+01
2.598160743713378906e+01
2.591536140441894531e+01
2.596581649780273438e+01
2.585788726806640625e+01
2.581218719482421875e+01
2.546648025512695312e+01
2.526511383056640625e+01
2.488173294067382812e+01
2.483753013610839844e+01
2.474929237365722656e+01
2.478411102294921875e+01
2.480195617675781250e+01
2.487360191345214844e+01
2.469819068908691406e+01
2.503573417663574219e+01
