3.051681518554687500e+01
3.057214546203613281e+01
3.047401428222656250e+01
3.000667953491210938e+01
2.989755821228027344e+01
2.984817504882812500e+01
2.936133003234863281e+01
2.908221054077148438e+01
2.883604240417480469e+01
2.887662506103515625e+01
2.902248382568359375e+01
2.910978889465332031e+01
2.893867683410644531e+01
2.903373908996582031e+01
2.935590362548828125e+01
2.946810722351074219e+01
2.949057579040527344e+01
2.929537773132324219e+01
2.909224700927734375e+01
2.911471557617187500e+01
2.944682693481445312e+01
2.967825126647949219e+01
2.926557731628417969e+01
2.863978576660156250e+01
2.832840919494628906e+01
2.817560768127441406e+01
2.816120910644531250e+01
2.821645736694335938e+01
2.847387504577636719e+01
2.886056900024414062e+01
2.960379028320312500e+01
3.013262748718261719e+01
3.033310127258300781e+01
3.044073486328125000e+01
3.068745231628417969e+01
3.093352890014648438e+01
3.103728485107421875e+01
3.091946983337402344e+01
3.078561210632324219e+01
3.080227470397949219e+01
3.099646949768066406e+01
3.126937866210937500e+01
3.189555168151855469e+01
3.255072021484375000e+01
3.306483840942382812e+01
3.329420852661132812e+01
3.311652755737304688e+01
3.253903198242187500e+01
3.226857757568359375e+01
3.248776626586914062e+01
3.273627090454101562e+01
3.261588287353515625e+01
3.206501388549804688e+01
3.128259658813476562e+01
3.096682167053222656e+01
3.104580116271972656e+01
3.125721740722656250e+01
3.142232322692871094e+01
3.162020301818847656e+01
3.151737403869628906e+01
3.128480720520019531e+01
3.131071281433105469e+01
3.131757545471191406e+01
3.127124404907226562e+01
3.100215721130371094e+01
3.059872245788574219e+01
3.059382057189941406e+01
3.077936172485351562e+01
3.068634033203125000e+01
3.047890663146972656e+01
3.024384117126464844e+01
2.989240074157714844e+01
2.956215667724609375e+01
2.954532623291015625e+01
2.923783302307128906e+01
2.904693222045898438e+01
2.895837020874023438e+01
2.864760780334472656e+01
2.780941581726074219e+01
2.710017776489257812e+01
2.701369857788085938e+01
2.706047630310058594e+01
2.737931251525878906e+01
2.750912666320800781e+01
2.774064064025878906e+01
2.846277999877929688e+01
2.901094436645507812e+01
2.947367095947265625e+01
2.955633735656738281e+01
2.968671798706054688e+01
2.956412887573242188e+01
2.962322616577148438e+01
2.957939147949218750e+01
2.947169876098632812e+01
2.935285949707031250e+01
2.884024810791015625e+01
2.838020896911621094e+01
2.857235145568847656e+01
2.798321151733398438e+01
2.752004814147949219e+01
2.746881484985351562e+01
