3.797912979125976562e+01
3.810139846801757812e+01
3.816882324218750000e+01
3.812142944335937500e+01
3.826811218261718750e+01
3.825358581542968750e+01
3.823382186889648438e+01
3.816632080078125000e+01
3.825913238525390625e+01
3.833489227294921875e+01
3.831232833862304688e+01
3.818299865722656250e+01
3.822708892822265625e+01
3.822635269165039062e+01
3.793290328979492188e+01
3.746059417724609375e+01
3.734183502197265625e+01
3.736854934692382812e+01
3.751290512084960938e+01
3.763105010986328125e+01
3.765691375732421875e+01
3.769788360595703125e+01
3.767637634277343750e+01
3.767829513549804688e+01
3.765793228149414062e+01
3.762704849243164062e+01
3.767197036743164062e+01
3.769428634643554688e+01
3.760790252685546875e+01
3.740789794921875000e+01
3.729270172119140625e+01
3.725423049926757812e+01
3.741102218627929688e+01
3.752887725830078125e+01
3.762693786621093750e+01
3.762803268432617188e+01
3.758091735839843750e+01
3.766830062866210938e+01
3.764204788208007812e+01
3.762516784667968750e+01
3.743207931518554688e+01
3.751237106323242188e+01
3.753139877319335938e+01
3.760607528686523438e+01
3.758388137817382812e+01
3.763754653930664062e+01
3.761781311035156250e+01
3.763381195068359375e+01
3.761811447143554688e+01
3.763998413085937500e+01
3.754322814941406250e+01
3.754534530639648438e+01
3.756429290771484375e+01
3.751794052124023438e+01
3.748735809326171875e+01
3.738534164428710938e+01
3.731663894653320312e+01
3.728406906127929688e+01
3.730288696289062500e+01
3.728794097900390625e+01
3.732156753540039062e+01
3.753160095214843750e+01
3.769266128540039062e+01
3.793560409545898438e+01
3.806514358520507812e+01
3.790376663208007812e+01
3.766619491577148438e+01
3.760621643066406250e+01
3.757750701904296875e+01
3.747254562377929688e+01
3.750429534912109375e+01
3.733045196533203125e+01
3.712899780273437500e+01
3.704833602905273438e+01
3.713246917724609375e+01
3.718563842773437500e+01
3.725174331665039062e+01
3.726869201660156250e+01
3.733159637451171875e+01
3.747058486938476562e+01
3.758385086059570312e+01
3.753369903564453125e+01
3.746121978759765625e+01
3.743378829956054688e+01
3.734844207763671875e+01
3.722643661499023438e+01
3.719688796997070312e+01
3.729745483398437500e+01
3.728867721557617188e+01
3.721858215332031250e+01
3.700236511230468750e+01
3.685581207275390625e+01
3.697668838500976562e+01
3.711672592163085938e+01
3.730525970458984375e+01
3.727633285522460938e+01
3.745162963867187500e+01
3.778079605102539062e+01
