2.088694763183593750e+01
2.099228477478027344e+01
2.091455650329589844e+01
2.073029136657714844e+01
2.065264320373535156e+01
2.079268264770507812e+01
2.096176147460937500e+01
2.119416427612304688e+01
2.139900398254394531e+01
2.146540641784667969e+01
2.157308006286621094e+01
2.143847656250000000e+01
2.133399772644042969e+01
2.120013999938964844e+01
2.116063117980957031e+01
2.132039070129394531e+01
2.137756538391113281e+01
2.150972366333007812e+01
2.132183265686035156e+01
2.131524085998535156e+01
2.109686279296875000e+01
2.102810668945312500e+01
2.103798103332519531e+01
2.099477005004882812e+01
2.097816085815429688e+01
2.096356201171875000e+01
2.093917465209960938e+01
2.091445350646972656e+01
2.126695442199707031e+01
2.192822265625000000e+01
2.232183837890625000e+01
2.121492576599121094e+01
2.110760688781738281e+01
2.110685920715332031e+01
2.103774261474609375e+01
2.104840278625488281e+01
2.107307243347167969e+01
2.115661621093750000e+01
2.120754241943359375e+01
2.119462966918945312e+01
2.127658081054687500e+01
2.134286689758300781e+01
2.135690307617187500e+01
2.141061210632324219e+01
2.145567703247070312e+01
2.134484100341796875e+01
2.153310203552246094e+01
2.172853088378906250e+01
2.184853553771972656e+01
2.189571952819824219e+01
2.204046249389648438e+01
2.226836585998535156e+01
2.243020057678222656e+01
2.255445289611816406e+01
2.246354293823242188e+01
2.244072723388671875e+01
2.220874404907226562e+01
2.211725807189941406e+01
2.202264404296875000e+01
2.194998359680175781e+01
2.191989898681640625e+01
2.173730850219726562e+01
2.169704246520996094e+01
2.153302192687988281e+01
2.142931747436523438e+01
2.138239860534667969e+01
2.139957618713378906e+01
2.142356491088867188e+01
2.147061157226562500e+01
2.160158348083496094e+01
2.166764450073242188e+01
2.180015563964843750e+01
2.170795059204101562e+01
2.166083717346191406e+01
2.160094642639160156e+01
2.167663574218750000e+01
2.184551811218261719e+01
2.196594810485839844e+01
2.192156028747558594e+01
2.186740493774414062e+01
2.191891860961914062e+01
2.196510124206542969e+01
2.205698204040527344e+01
2.187193870544433594e+01
2.176934623718261719e+01
2.177420997619628906e+01
2.178193855285644531e+01
2.175016021728515625e+01
2.176643753051757812e+01
2.182234382629394531e+01
2.178414344787597656e+01
2.179244232177734375e+01
2.182523155212402344e+01
2.241344070434570312e+01
2.332611083984375000e+01
2.364076232910156250e+01
2.344663047790527344e+01
2.321316528320312500e+01
2.314811134338378906e+01
2.305094528198242188e+01
2.333147048950195312e+01
2.316635513305664062e+01
2.314457321166992188e+01
2.300648307800292969e+01
2.300396156311035156e+01
2.288595390319824219e+01
2.220069313049316406e+01
2.154179382324218750e+01
2.149342155456542969e+01
