2.830920219421386719e+01
2.807417488098144531e+01
2.802912712097167969e+01
2.814098548889160156e+01
2.848119163513183594e+01
2.855866432189941406e+01
2.820251655578613281e+01
2.819042778015136719e+01
2.850570487976074219e+01
2.885834884643554688e+01
2.877825164794921875e+01
2.865780830383300781e+01
2.857568359375000000e+01
2.850431442260742188e+01
2.866394996643066406e+01
2.881132888793945312e+01
2.899983596801757812e+01
2.902424621582031250e+01
2.883810043334960938e+01
2.869034957885742188e+01
2.861985778808593750e+01
2.855779647827148438e+01
2.829517173767089844e+01
2.816751670837402344e+01
2.816667175292968750e+01
2.811943817138671875e+01
2.815029907226562500e+01
2.822730636596679688e+01
2.807409477233886719e+01
2.791904640197753906e+01
2.792320632934570312e+01
2.791253662109375000e+01
2.780922317504882812e+01
2.775447082519531250e+01
2.764949035644531250e+01
2.738013458251953125e+01
2.728192710876464844e+01
2.726806259155273438e+01
2.721811103820800781e+01
2.718200302124023438e+01
2.727879714965820312e+01
2.746771812438964844e+01
2.755532646179199219e+01
2.761156463623046875e+01
2.773665428161621094e+01
2.791438484191894531e+01
2.814780616760253906e+01
2.826055717468261719e+01
2.848910140991210938e+01
2.894651985168457031e+01
2.916621017456054688e+01
2.919565200805664062e+01
2.942140769958496094e+01
2.941993713378906250e+01
2.911594009399414062e+01
2.930389404296875000e+01
2.950323867797851562e+01
2.922996520996093750e+01
2.863532638549804688e+01
2.856969451904296875e+01
2.867768478393554688e+01
2.861045265197753906e+01
2.829497909545898438e+01
2.806945228576660156e+01
2.815055656433105469e+01
2.830585098266601562e+01
2.831377983093261719e+01
2.815194511413574219e+01
2.808545684814453125e+01
2.823403167724609375e+01
2.825481033325195312e+01
2.803434371948242188e+01
2.805878448486328125e+01
2.821433258056640625e+01
2.830323791503906250e+01
2.838602638244628906e+01
2.846272277832031250e+01
2.857768058776855469e+01
2.855623435974121094e+01
2.856682777404785156e+01
2.850231170654296875e+01
2.840890502929687500e+01
2.835030174255371094e+01
2.854753875732421875e+01
2.860627937316894531e+01
2.850773620605468750e+01
2.834472656250000000e+01
2.802572631835937500e+01
2.774405479431152344e+01
2.744632720947265625e+01
2.732207298278808594e+01
2.741145515441894531e+01
2.754440498352050781e+01
2.761568450927734375e+01
2.782349014282226562e+01
2.787932968139648438e+01
2.810006332397460938e+01
2.840616989135742188e+01
2.881315231323242188e+01
2.881006431579589844e+01
2.842936134338378906e+01
2.821369743347167969e+01
2.869161987304687500e+01
2.874179458618164062e+01
2.893334579467773438e+01
