2.828772926330566406e+01
2.849917030334472656e+01
2.829807090759277344e+01
2.823109436035156250e+01
2.837340927124023438e+01
2.841926574707031250e+01
2.862525749206542969e+01
2.889245223999023438e+01
2.905677795410156250e+01
2.904578018188476562e+01
2.875642776489257812e+01
2.846957588195800781e+01
2.848287200927734375e+01
2.861072731018066406e+01
2.883484458923339844e+01
2.872231674194335938e+01
2.854793739318847656e+01
2.868092536926269531e+01
2.865884399414062500e+01
2.862036323547363281e+01
2.858055114746093750e+01
2.852313041687011719e+01
2.854058837890625000e+01
2.852747154235839844e+01
2.865674018859863281e+01
2.875552749633789062e+01
2.889505195617675781e+01
2.903968238830566406e+01
2.893810081481933594e+01
2.882693672180175781e+01
2.866641235351562500e+01
2.836755943298339844e+01
2.805717277526855469e+01
2.787139320373535156e+01
2.808044624328613281e+01
2.822715950012207031e+01
2.814835166931152344e+01
2.825489044189453125e+01
2.856443023681640625e+01
2.872139930725097656e+01
2.891668128967285156e+01
2.903998184204101562e+01
2.917361831665039062e+01
2.910143470764160156e+01
2.904345512390136719e+01
2.903698348999023438e+01
2.882439804077148438e+01
2.864508247375488281e+01
2.852204704284667969e+01
2.851744651794433594e+01
2.853865432739257812e+01
2.844437599182128906e+01
2.843634223937988281e+01
2.857610893249511719e+01
2.859181022644042969e+01
2.844825172424316406e+01
2.832303237915039062e+01
2.828951644897460938e+01
2.824739456176757812e+01
2.825523567199707031e+01
2.827149772644042969e+01
2.821827697753906250e+01
2.816244697570800781e+01
2.816867256164550781e+01
2.812762260437011719e+01
2.816736984252929688e+01
2.835232925415039062e+01
2.846080207824707031e+01
2.848019599914550781e+01
2.826123237609863281e+01
2.810592460632324219e+01
2.811269378662109375e+01
2.818419075012207031e+01
2.826473999023437500e+01
2.842475891113281250e+01
2.853350830078125000e+01
2.871611213684082031e+01
2.872659492492675781e+01
2.870156860351562500e+01
2.861681556701660156e+01
2.848137092590332031e+01
2.845281600952148438e+01
2.850505828857421875e+01
2.846547317504882812e+01
2.823385810852050781e+01
2.803491020202636719e+01
2.809517860412597656e+01
2.830869102478027344e+01
2.844619369506835938e+01
2.834009361267089844e+01
2.799487113952636719e+01
2.767006874084472656e+01
2.759556007385253906e+01
2.767500686645507812e+01
2.796487998962402344e+01
2.774965476989746094e+01
2.745164680480957031e+01
2.736466026306152344e+01
2.716750717163085938e+01
2.686243247985839844e+01
