3.221011734008789062e+01
3.242317962646484375e+01
3.359875488281250000e+01
3.395024490356445312e+01
3.343140792846679688e+01
3.273850250244140625e+01
3.264424514770507812e+01
3.270540618896484375e+01
3.271226882934570312e+01
3.278617477416992188e+01
3.283137512207031250e+01
3.350694656372070312e+01
3.375006484985351562e+01
3.350139999389648438e+01
3.306705474853515625e+01
3.281156921386718750e+01
3.309910583496093750e+01
3.349388504028320312e+01
3.354259490966796875e+01
3.367205429077148438e+01
3.354992294311523438e+01
3.348074722290039062e+01
3.351823806762695312e+01
3.370547485351562500e+01
3.419929885864257812e+01
3.447123336791992188e+01
3.467197036743164062e+01
3.483963775634765625e+01
3.451775741577148438e+01
3.410144424438476562e+01
3.394603729248046875e+01
3.378863525390625000e+01
3.376127243041992188e+01
3.391249847412109375e+01
3.441012573242187500e+01
3.463422393798828125e+01
3.455633544921875000e+01
3.468175506591796875e+01
3.475286102294921875e+01
3.455291748046875000e+01
3.421434402465820312e+01
3.345553207397460938e+01
3.344184494018554688e+01
3.356465911865234375e+01
3.338421249389648438e+01
3.328788375854492188e+01
3.337717437744140625e+01
3.362099838256835938e+01
3.396480941772460938e+01
3.401558685302734375e+01
3.385110473632812500e+01
3.382837295532226562e+01
3.349431610107421875e+01
3.313296508789062500e+01
3.294837951660156250e+01
3.313412857055664062e+01
3.399742889404296875e+01
3.393834304809570312e+01
3.383551788330078125e+01
3.384021759033203125e+01
3.395435714721679688e+01
3.397903823852539062e+01
3.395767211914062500e+01
3.415420532226562500e+01
3.439974594116210938e+01
3.478464508056640625e+01
3.483498382568359375e+01
3.471752548217773438e+01
3.460192489624023438e+01
3.428306961059570312e+01
3.412068176269531250e+01
3.402322006225585938e+01
3.386447143554687500e+01
3.378366088867187500e+01
3.367240524291992188e+01
3.362158203125000000e+01
3.366774749755859375e+01
3.390769195556640625e+01
3.384159851074218750e+01
3.391308975219726562e+01
3.398069763183593750e+01
3.422193908691406250e+01
3.454515457153320312e+01
3.398969650268554688e+01
3.365484619140625000e+01
3.333201980590820312e+01
3.332426071166992188e+01
3.331578445434570312e+01
3.335644531250000000e+01
3.321298217773437500e+01
3.333972167968750000e+01
3.343972396850585938e+01
3.349646377563476562e+01
3.363037109375000000e+01
3.375107192993164062e+01
3.400767898559570312e+01
3.381995773315429688e+01
3.355687332153320312e+01
3.355093765258789062e+01
3.362691497802734375e+01
3.347464752197265625e+01
3.356111526489257812e+01
3.347424697875976562e+01
3.366458129882812500e+01
3.412239074707031250e+01
3.437039184570312500e+01
3.408979797363281250e+01
3.379581451416015625e+01
3.352616882324218750e+01
