3.588905715942382812e+01
3.537294769287109375e+01
3.426947402954101562e+01
3.438863754272460938e+01
3.485456466674804688e+01
3.470708084106445312e+01
3.447047805786132812e+01
3.428228378295898438e+01
3.432205581665039062e+01
3.458986282348632812e+01
3.511046218872070312e+01
3.553276824951171875e+01
3.545676040649414062e+01
3.560401535034179688e+01
3.613934707641601562e+01
3.577283859252929688e+01
3.507285690307617188e+01
3.482146072387695312e+01
3.462435150146484375e+01
3.451843261718750000e+01
3.440990447998046875e+01
3.480034255981445312e+01
3.570559310913085938e+01
3.633446502685546875e+01
3.664208602905273438e+01
3.713457870483398438e+01
3.713476943969726562e+01
3.700602722167968750e+01
3.619589996337890625e+01
3.554972076416015625e+01
3.569840621948242188e+01
3.631015396118164062e+01
3.658895492553710938e+01
3.673389434814453125e+01
3.695275878906250000e+01
3.715840911865234375e+01
3.721356582641601562e+01
3.651184844970703125e+01
3.513523101806640625e+01
3.496643066406250000e+01
3.523824310302734375e+01
3.638345336914062500e+01
3.666472625732421875e+01
3.658421325683593750e+01
3.651886367797851562e+01
3.676058197021484375e+01
3.685837554931640625e+01
3.585416412353515625e+01
3.529395675659179688e+01
3.526288604736328125e+01
3.482990646362304688e+01
3.484675216674804688e+01
3.502009201049804688e+01
3.491791915893554688e+01
3.552521896362304688e+01
3.628015518188476562e+01
3.674605178833007812e+01
3.701287841796875000e+01
3.720472335815429688e+01
3.726331329345703125e+01
3.711803436279296875e+01
3.720797348022460938e+01
3.738657379150390625e+01
3.742082595825195312e+01
3.738742828369140625e+01
3.724551010131835938e+01
3.716726684570312500e+01
3.719519424438476562e+01
3.719739532470703125e+01
3.707921981811523438e+01
3.689520645141601562e+01
3.678488540649414062e+01
3.668198394775390625e+01
3.652549743652343750e+01
3.644988250732421875e+01
3.654331207275390625e+01
3.630094528198242188e+01
3.653530120849609375e+01
3.669433593750000000e+01
3.691610717773437500e+01
3.646518707275390625e+01
3.528688049316406250e+01
3.515953826904296875e+01
3.576924133300781250e+01
3.693124389648437500e+01
3.709030151367187500e+01
3.597404479980468750e+01
3.516370391845703125e+01
3.502547836303710938e+01
3.493307113647460938e+01
3.473007583618164062e+01
3.465811157226562500e+01
3.469589614868164062e+01
3.461338424682617188e+01
3.434882736206054688e+01
3.430934524536132812e+01
3.442450714111328125e+01
3.472004699707031250e+01
3.566361999511718750e+01
3.580418014526367188e+01
3.594011688232421875e+01
3.577136993408203125e+01
3.556288528442382812e+01
3.655270004272460938e+01
3.693186950683593750e+01
