3.478660964965820312e+01
3.447287750244140625e+01
3.436194992065429688e+01
3.399880599975585938e+01
3.389772796630859375e+01
3.389247894287109375e+01
3.400106811523437500e+01
3.413063812255859375e+01
3.385413742065429688e+01
3.387879943847656250e+01
3.398210144042968750e+01
3.399040222167968750e+01
3.396240997314453125e+01
3.365112304687500000e+01
3.364756011962890625e+01
3.381647109985351562e+01
3.364826202392578125e+01
3.352970123291015625e+01
3.368748092651367188e+01
3.411093902587890625e+01
3.438555526733398438e+01
3.469240951538085938e+01
3.508993911743164062e+01
3.517278671264648438e+01
3.509632492065429688e+01
3.490036773681640625e+01
3.482828140258789062e+01
3.484774780273437500e+01
3.577616119384765625e+01
3.642933273315429688e+01
3.662459945678710938e+01
3.658045196533203125e+01
3.619910049438476562e+01
3.580628967285156250e+01
3.548925781250000000e+01
3.522327423095703125e+01
3.502104568481445312e+01
3.514302825927734375e+01
3.535311508178710938e+01
3.561904525756835938e+01
3.580636596679687500e+01
3.575837707519531250e+01
3.558812332153320312e+01
3.517308425903320312e+01
3.491286087036132812e+01
3.470993041992187500e+01
3.443773269653320312e+01
3.458243942260742188e+01
3.513695907592773438e+01
3.596936035156250000e+01
3.572338104248046875e+01
3.460090637207031250e+01
3.461012268066406250e+01
3.535035705566406250e+01
3.526125335693359375e+01
3.578463363647460938e+01
3.594139862060546875e+01
3.602748489379882812e+01
3.596455764770507812e+01
3.575389862060546875e+01
3.551910781860351562e+01
3.536960220336914062e+01
3.530071258544921875e+01
3.494813537597656250e+01
3.520922088623046875e+01
3.491674804687500000e+01
3.466635894775390625e+01
3.460809326171875000e+01
3.455689620971679688e+01
3.456555175781250000e+01
3.469714355468750000e+01
3.491627883911132812e+01
3.541930770874023438e+01
3.506302261352539062e+01
3.531789016723632812e+01
3.621033477783203125e+01
3.636488342285156250e+01
3.651980972290039062e+01
3.682733917236328125e+01
3.682682800292968750e+01
3.699372482299804688e+01
3.705346298217773438e+01
3.695042419433593750e+01
3.666736984252929688e+01
3.591178894042968750e+01
3.483225250244140625e+01
3.456025695800781250e+01
3.470933532714843750e+01
3.474211120605468750e+01
3.478300094604492188e+01
3.465408325195312500e+01
3.458213043212890625e+01
3.531880569458007812e+01
3.567327117919921875e+01
3.541141128540039062e+01
3.491266632080078125e+01
3.465055847167968750e+01
3.501915359497070312e+01
3.545810317993164062e+01
3.539859008789062500e+01
3.556677246093750000e+01
3.541130828857421875e+01
3.513175582885742188e+01
