2.687654113769531250e+01
2.704265975952148438e+01
2.722527313232421875e+01
2.719971466064453125e+01
2.724104499816894531e+01
2.709276390075683594e+01
2.643948173522949219e+01
2.622854423522949219e+01
2.634963417053222656e+01
2.658263397216796875e+01
2.614322853088378906e+01
2.605961418151855469e+01
2.611608695983886719e+01
2.632015800476074219e+01
2.644030570983886719e+01
2.623198890686035156e+01
2.594984436035156250e+01
2.593704795837402344e+01
2.601669692993164062e+01
2.620806312561035156e+01
2.635061454772949219e+01
2.632420730590820312e+01
2.624315643310546875e+01
2.628647804260253906e+01
2.598328781127929688e+01
2.552666282653808594e+01
2.535036659240722656e+01
2.519926261901855469e+01
2.515973091125488281e+01
2.520406532287597656e+01
2.518958663940429688e+01
2.523831367492675781e+01
2.532399177551269531e+01
2.549712944030761719e+01
2.563405990600585938e+01
2.568711662292480469e+01
2.564247512817382812e+01
2.558658027648925781e+01
2.561196327209472656e+01
2.567936897277832031e+01
2.574480247497558594e+01
2.577913093566894531e+01
2.578413963317871094e+01
2.590905189514160156e+01
2.592636108398437500e+01
2.576405143737792969e+01
2.564599990844726562e+01
2.554391479492187500e+01
2.542056655883789062e+01
2.535776329040527344e+01
2.530708503723144531e+01
2.527163696289062500e+01
2.516653823852539062e+01
2.500177383422851562e+01
2.498854064941406250e+01
2.498899650573730469e+01
2.498886871337890625e+01
2.503923797607421875e+01
2.513403511047363281e+01
2.522029685974121094e+01
2.523578071594238281e+01
2.527765464782714844e+01
2.537487602233886719e+01
2.544502067565917969e+01
2.547870445251464844e+01
2.562712669372558594e+01
2.567462921142578125e+01
2.562074470520019531e+01
2.553913688659667969e+01
2.542612266540527344e+01
2.528985404968261719e+01
2.519181823730468750e+01
2.514358329772949219e+01
2.504113769531250000e+01
2.500119972229003906e+01
2.488090133666992188e+01
2.469091606140136719e+01
2.443028831481933594e+01
2.417151641845703125e+01
2.408287620544433594e+01
2.436778068542480469e+01
2.476865959167480469e+01
2.509526062011718750e+01
2.517926406860351562e+01
2.504031372070312500e+01
2.461182212829589844e+01
2.420487594604492188e+01
2.412101364135742188e+01
2.427232742309570312e+01
2.424661827087402344e+01
2.430070304870605469e+01
2.448347282409667969e+01
2.450453376770019531e+01
2.429574775695800781e+01
2.438768959045410156e+01
2.465062141418457031e+01
2.497432899475097656e+01
2.527516555786132812e+01
2.539969062805175781e+01
2.523427963256835938e+01
2.519624519348144531e+01
2.563224220275878906e+01
2.565012168884277344e+01
2.565958023071289062e+01
2.588557243347167969e+01
