3.465411758422851562e+01
3.392442321777343750e+01
3.403907012939453125e+01
3.481411743164062500e+01
3.541713333129882812e+01
3.585633850097656250e+01
3.569260406494140625e+01
3.590602493286132812e+01
3.618536758422851562e+01
3.578556442260742188e+01
3.562282562255859375e+01
3.585967254638671875e+01
3.573798370361328125e+01
3.545775222778320312e+01
3.536365509033203125e+01
3.610720062255859375e+01
3.680898666381835938e+01
3.642878341674804688e+01
3.588075637817382812e+01
3.526807785034179688e+01
3.577887725830078125e+01
3.665489578247070312e+01
3.705392074584960938e+01
3.705501174926757812e+01
3.653382492065429688e+01
3.633600234985351562e+01
3.604761123657226562e+01
3.556129074096679688e+01
3.515056228637695312e+01
3.447430038452148438e+01
3.400035095214843750e+01
3.456418228149414062e+01
3.560303497314453125e+01
3.597238159179687500e+01
3.619166183471679688e+01
3.607926177978515625e+01
3.579518890380859375e+01
3.496782684326171875e+01
3.491179656982421875e+01
3.477967453002929688e+01
3.483454513549804688e+01
3.481190490722656250e+01
3.487930679321289062e+01
3.506859207153320312e+01
3.447572708129882812e+01
3.419749832153320312e+01
3.410439300537109375e+01
3.404508209228515625e+01
3.423662567138671875e+01
3.455810928344726562e+01
3.468190383911132812e+01
3.467517089843750000e+01
3.467370986938476562e+01
3.451202774047851562e+01
3.438893890380859375e+01
3.427936172485351562e+01
3.400059127807617188e+01
3.387240982055664062e+01
3.365020751953125000e+01
3.323500061035156250e+01
3.307300186157226562e+01
3.304659652709960938e+01
3.296768188476562500e+01
3.309506607055664062e+01
3.334291458129882812e+01
3.352983474731445312e+01
3.387562942504882812e+01
3.427921676635742188e+01
3.421563720703125000e+01
3.455292892456054688e+01
3.477371597290039062e+01
3.490294265747070312e+01
3.546385955810546875e+01
3.546665573120117188e+01
3.438406372070312500e+01
3.387638092041015625e+01
3.366868972778320312e+01
3.352858352661132812e+01
3.312183761596679688e+01
3.288557052612304688e+01
3.317109298706054688e+01
3.386449432373046875e+01
3.403717422485351562e+01
3.404953002929687500e+01
3.348100662231445312e+01
3.321405410766601562e+01
3.305475997924804688e+01
3.285902404785156250e+01
3.291938781738281250e+01
3.313631820678710938e+01
3.293081283569335938e+01
3.241777801513671875e+01
3.199855422973632812e+01
3.181766891479492188e+01
3.164364624023437500e+01
3.160379981994628906e+01
3.125176048278808594e+01
3.117454147338867188e+01
3.122287178039550781e+01
3.076082801818847656e+01
3.068606758117675781e+01
3.015693283081054688e+01
