3.115999031066894531e+01
3.092337989807128906e+01
3.091456031799316406e+01
3.093910026550292969e+01
3.106881523132324219e+01
3.100078773498535156e+01
3.104803466796875000e+01
3.110873794555664062e+01
3.120203971862792969e+01
3.130555915832519531e+01
3.158659553527832031e+01
3.184388923645019531e+01
3.198130607604980469e+01
3.200895309448242188e+01
3.159212112426757812e+01
3.115360450744628906e+01
3.096436500549316406e+01
3.081637191772460938e+01
3.093255424499511719e+01
3.116395950317382812e+01
3.144467735290527344e+01
3.163854408264160156e+01
3.156413841247558594e+01
3.162240409851074219e+01
3.180011558532714844e+01
3.185589790344238281e+01
3.168151664733886719e+01
3.160132789611816406e+01
3.164137458801269531e+01
3.177613830566406250e+01
3.154951858520507812e+01
3.137908363342285156e+01
3.129625701904296875e+01
3.135195159912109375e+01
3.132037353515625000e+01
3.114006614685058594e+01
3.080922508239746094e+01
3.047100830078125000e+01
3.046210670471191406e+01
3.047173309326171875e+01
3.043503952026367188e+01
3.051319503784179688e+01
3.055877494812011719e+01
3.065617752075195312e+01
3.078431510925292969e+01
3.090521812438964844e+01
3.080926895141601562e+01
3.068269348144531250e+01
3.059035110473632812e+01
3.054398345947265625e+01
3.066227149963378906e+01
3.064496421813964844e+01
3.049102210998535156e+01
3.046816444396972656e+01
3.028125572204589844e+01
3.015086364746093750e+01
3.034466361999511719e+01
3.057627677917480469e+01
3.065807151794433594e+01
3.049477386474609375e+01
3.011924934387207031e+01
2.984727668762207031e+01
2.973599052429199219e+01
2.958342361450195312e+01
2.945444679260253906e+01
2.934722328186035156e+01
2.930774688720703125e+01
2.947605705261230469e+01
2.964423751831054688e+01
2.969818878173828125e+01
2.989976692199707031e+01
2.998760604858398438e+01
3.002543067932128906e+01
3.010572433471679688e+01
3.029711341857910156e+01
3.029268836975097656e+01
3.034990119934082031e+01
3.043207359313964844e+01
3.047716903686523438e+01
3.067816352844238281e+01
3.111942291259765625e+01
3.145779418945312500e+01
3.162850189208984375e+01
3.191526985168457031e+01
3.207999420166015625e+01
3.213120269775390625e+01
3.194139671325683594e+01
3.174711799621582031e+01
3.164699172973632812e+01
3.155110931396484375e+01
3.104501342773437500e+01
3.079789161682128906e+01
3.080489158630371094e+01
3.097926521301269531e+01
3.087630653381347656e+01
3.079010772705078125e+01
3.078750610351562500e+01
3.110022735595703125e+01
3.120823097229003906e+01
3.118046760559082031e+01
3.105226707458496094e+01
3.075564956665039062e+01
3.083420181274414062e+01
3.105045318603515625e+01
3.120738983154296875e+01
3.134385299682617188e+01
3.143153572082519531e+01
3.141103744506835938e+01
