2.942530250549316406e+01
3.055500602722167969e+01
3.026523017883300781e+01
2.996984291076660156e+01
2.998462486267089844e+01
3.018543052673339844e+01
3.040302848815917969e+01
3.102087783813476562e+01
3.089735221862792969e+01
3.072521018981933594e+01
3.120502090454101562e+01
3.226357650756835938e+01
3.265135192871093750e+01
3.255497741699218750e+01
3.236588287353515625e+01
3.217733001708984375e+01
3.144309806823730469e+01
3.031241035461425781e+01
2.999715232849121094e+01
3.017802619934082031e+01
3.029494667053222656e+01
3.041697120666503906e+01
3.069313812255859375e+01
3.106897926330566406e+01
3.138295555114746094e+01
3.155936622619628906e+01
3.167650794982910156e+01
3.169360923767089844e+01
3.175410270690917969e+01
3.195339584350585938e+01
3.234054183959960938e+01
3.258392333984375000e+01
3.250353240966796875e+01
3.221935272216796875e+01
3.202802658081054688e+01
3.186124229431152344e+01
3.159549713134765625e+01
3.123920631408691406e+01
3.099428558349609375e+01
3.093198966979980469e+01
3.108252525329589844e+01
3.114006805419921875e+01
3.117678642272949219e+01
3.132645225524902344e+01
3.150964546203613281e+01
3.180161476135253906e+01
3.178967475891113281e+01
3.171182250976562500e+01
3.173558998107910156e+01
3.186100959777832031e+01
3.194717216491699219e+01
3.207634735107421875e+01
3.221288681030273438e+01
3.222507858276367188e+01
3.225841140747070312e+01
3.224547195434570312e+01
3.221787643432617188e+01
3.219569396972656250e+01
3.213457107543945312e+01
3.216036987304687500e+01
3.222674942016601562e+01
3.225673294067382812e+01
3.216135406494140625e+01
3.192186355590820312e+01
3.171221733093261719e+01
3.161215019226074219e+01
3.158803176879882812e+01
3.151636505126953125e+01
3.137526512145996094e+01
3.130129623413085938e+01
3.129765701293945312e+01
3.129091835021972656e+01
3.145202445983886719e+01
3.151251220703125000e+01
3.166035652160644531e+01
3.167838096618652344e+01
3.153505516052246094e+01
3.143330764770507812e+01
3.131224632263183594e+01
3.137161064147949219e+01
3.145703506469726562e+01
3.131303024291992188e+01
3.104206657409667969e+01
3.076066780090332031e+01
3.060795974731445312e+01
3.056605339050292969e+01
3.052976417541503906e+01
3.084671592712402344e+01
3.120798301696777344e+01
3.113297653198242188e+01
3.024102020263671875e+01
2.947661018371582031e+01
2.880366134643554688e+01
2.833842658996582031e+01
2.760309410095214844e+01
2.717820549011230469e+01
