3.275672912597656250e+01
3.280426406860351562e+01
3.275028610229492188e+01
3.277547454833984375e+01
3.282413101196289062e+01
3.304903793334960938e+01
3.317201232910156250e+01
3.328299713134765625e+01
3.320722961425781250e+01
3.312142944335937500e+01
3.345952606201171875e+01
3.347914505004882812e+01
3.306187820434570312e+01
3.298084259033203125e+01
3.326032638549804688e+01
3.316339874267578125e+01
3.340824127197265625e+01
3.358905792236328125e+01
3.350985336303710938e+01
3.330972671508789062e+01
3.311296081542968750e+01
3.337999343872070312e+01
3.376498031616210938e+01
3.375975799560546875e+01
3.393867111206054688e+01
3.432382965087890625e+01
3.498897933959960938e+01
3.466842651367187500e+01
3.438009643554687500e+01
3.420362091064453125e+01
3.429476547241210938e+01
3.460612487792968750e+01
3.435010147094726562e+01
3.457719802856445312e+01
3.429831314086914062e+01
3.417271041870117188e+01
3.443826675415039062e+01
3.507639694213867188e+01
3.534466934204101562e+01
3.466193389892578125e+01
3.451787185668945312e+01
3.458552169799804688e+01
3.484804534912109375e+01
3.447254943847656250e+01
3.399705886840820312e+01
3.368885803222656250e+01
3.350004196166992188e+01
3.331383132934570312e+01
3.329303359985351562e+01
3.334858703613281250e+01
3.341878890991210938e+01
3.381510925292968750e+01
3.422430419921875000e+01
3.414346694946289062e+01
3.341683197021484375e+01
3.310197067260742188e+01
3.311457443237304688e+01
3.336085128784179688e+01
3.360052871704101562e+01
3.380780792236328125e+01
3.408525085449218750e+01
3.387900924682617188e+01
3.361788558959960938e+01
3.371941757202148438e+01
3.405704498291015625e+01
3.422928237915039062e+01
3.435317230224609375e+01
3.443347549438476562e+01
3.467349243164062500e+01
3.500889587402343750e+01
3.550952911376953125e+01
3.582274627685546875e+01
3.619069290161132812e+01
3.599559783935546875e+01
3.534494781494140625e+01
3.469078826904296875e+01
3.428628158569335938e+01
3.381899642944335938e+01
3.327628326416015625e+01
3.319401168823242188e+01
3.347763442993164062e+01
3.360872650146484375e+01
3.360468292236328125e+01
3.362950134277343750e+01
3.359880447387695312e+01
3.388552093505859375e+01
3.394711303710937500e+01
3.410717010498046875e+01
3.426409912109375000e+01
3.398400878906250000e+01
3.352100753784179688e+01
3.322441482543945312e+01
3.282695770263671875e+01
3.277376174926757812e+01
3.306645584106445312e+01
3.321382141113281250e+01
