2.666563415527343750e+01
2.719614982604980469e+01
2.717578887939453125e+01
2.705671691894531250e+01
2.712229919433593750e+01
2.718662261962890625e+01
2.735760498046875000e+01
2.711093711853027344e+01
2.684790039062500000e+01
2.691195297241210938e+01
2.694880676269531250e+01
2.707282447814941406e+01
2.702950096130371094e+01
2.704618072509765625e+01
2.730661010742187500e+01
2.744303894042968750e+01
2.750444793701171875e+01
2.754334831237792969e+01
2.757303237915039062e+01
2.751508522033691406e+01
2.740436935424804688e+01
2.732916259765625000e+01
2.733026695251464844e+01
2.741631507873535156e+01
2.744782447814941406e+01
2.732349967956542969e+01
2.722406768798828125e+01
2.720984458923339844e+01
2.711804771423339844e+01
2.710569572448730469e+01
2.707631111145019531e+01
2.695410537719726562e+01
2.686592674255371094e+01
2.682790565490722656e+01
2.682377052307128906e+01
2.688226509094238281e+01
2.689257812500000000e+01
2.685485458374023438e+01
2.685938453674316406e+01
2.689662933349609375e+01
2.685397338867187500e+01
2.678724479675292969e+01
2.666977691650390625e+01
2.651427078247070312e+01
2.643076896667480469e+01
2.639683532714843750e+01
2.632999038696289062e+01
2.627466392517089844e+01
2.617972373962402344e+01
2.604502487182617188e+01
2.620804214477539062e+01
2.643118095397949219e+01
2.663166236877441406e+01
2.657621765136718750e+01
2.641764259338378906e+01
2.647732543945312500e+01
2.643761444091796875e+01
2.642292785644531250e+01
2.646550941467285156e+01
2.648795509338378906e+01
2.646339416503906250e+01
2.640676689147949219e+01
2.649373817443847656e+01
2.668804931640625000e+01
2.682339286804199219e+01
2.687089157104492188e+01
2.689396476745605469e+01
2.674848175048828125e+01
2.661888885498046875e+01
2.660348510742187500e+01
2.673485374450683594e+01
2.682861328125000000e+01
2.689547920227050781e+01
2.692263793945312500e+01
2.690579605102539062e+01
2.698474693298339844e+01
2.715709304809570312e+01
2.729916000366210938e+01
2.743636703491210938e+01
2.758060264587402344e+01
2.778455734252929688e+01
2.803600311279296875e+01
2.818659973144531250e+01
2.816178321838378906e+01
2.801591491699218750e+01
2.796034049987792969e+01
2.787655639648437500e+01
2.774262809753417969e+01
2.756311035156250000e+01
2.739093017578125000e+01
2.720284080505371094e+01
2.684860610961914062e+01
2.658535957336425781e+01
2.660379791259765625e+01
2.669511604309082031e+01
2.664819908142089844e+01
2.667483711242675781e+01
2.661536026000976562e+01
2.690470314025878906e+01
2.760604667663574219e+01
2.775672340393066406e+01
2.711957168579101562e+01
2.673633766174316406e+01
2.678910827636718750e+01
