2.757327461242675781e+01
2.736133003234863281e+01
2.781651115417480469e+01
2.859025573730468750e+01
2.839582443237304688e+01
2.783250427246093750e+01
2.791789627075195312e+01
2.816304779052734375e+01
2.842796897888183594e+01
2.855444145202636719e+01
2.856240844726562500e+01
2.863181114196777344e+01
2.876820755004882812e+01
2.877302360534667969e+01
2.869027709960937500e+01
2.864131164550781250e+01
2.840311813354492188e+01
2.837681579589843750e+01
2.820947837829589844e+01
2.807155799865722656e+01
2.778848075866699219e+01
2.752782440185546875e+01
2.738639259338378906e+01
2.734620857238769531e+01
2.723259162902832031e+01
2.745141601562500000e+01
2.760309410095214844e+01
2.776655769348144531e+01
2.870266532897949219e+01
3.018730163574218750e+01
2.915551185607910156e+01
2.897455406188964844e+01
2.907320594787597656e+01
2.890752792358398438e+01
2.878075599670410156e+01
2.867950820922851562e+01
2.860039138793945312e+01
2.858165740966796875e+01
2.894394493103027344e+01
2.946712303161621094e+01
2.918722724914550781e+01
2.909173583984375000e+01
2.923673248291015625e+01
2.915742874145507812e+01
2.920842170715332031e+01
2.923815155029296875e+01
2.919225883483886719e+01
2.906394767761230469e+01
2.885400772094726562e+01
2.861141014099121094e+01
2.848372268676757812e+01
2.839792823791503906e+01
2.843093490600585938e+01
2.843287277221679688e+01
2.840420913696289062e+01
2.843766784667968750e+01
2.839367485046386719e+01
2.846208953857421875e+01
2.852446365356445312e+01
2.863385200500488281e+01
2.860984611511230469e+01
2.815192413330078125e+01
2.781337738037109375e+01
2.764533996582031250e+01
2.757482910156250000e+01
2.755908393859863281e+01
2.770363426208496094e+01
2.778536224365234375e+01
2.776601791381835938e+01
2.767866897583007812e+01
2.775668334960937500e+01
2.771728324890136719e+01
2.777241134643554688e+01
2.785940551757812500e+01
2.796743202209472656e+01
2.808354187011718750e+01
2.816168975830078125e+01
2.819579505920410156e+01
2.823472404479980469e+01
2.817985725402832031e+01
2.818023109436035156e+01
2.811754226684570312e+01
2.809103584289550781e+01
2.821836090087890625e+01
2.824741744995117188e+01
2.828268241882324219e+01
2.832298469543457031e+01
2.836166000366210938e+01
2.846327972412109375e+01
2.850485229492187500e+01
2.861052703857421875e+01
2.860864448547363281e+01
2.841022300720214844e+01
2.830926704406738281e+01
2.815855407714843750e+01
2.828736305236816406e+01
2.849456596374511719e+01
2.867179298400878906e+01
2.884776687622070312e+01
2.909989738464355469e+01
2.879659461975097656e+01
2.912399864196777344e+01
2.932415771484375000e+01
