3.333612442016601562e+01
3.373489761352539062e+01
3.372106552124023438e+01
3.342667770385742188e+01
3.345528030395507812e+01
3.275364303588867188e+01
3.252656555175781250e+01
3.315867614746093750e+01
3.358811950683593750e+01
3.372050094604492188e+01
3.356276321411132812e+01
3.324707794189453125e+01
3.265564727783203125e+01
3.242116928100585938e+01
3.237835693359375000e+01
3.274074172973632812e+01
3.253238677978515625e+01
3.211586761474609375e+01
3.228494644165039062e+01
3.260508728027343750e+01
3.290434265136718750e+01
3.304374313354492188e+01
3.312964248657226562e+01
3.323677444458007812e+01
3.333027267456054688e+01
3.312620162963867188e+01
3.310670471191406250e+01
3.323775100708007812e+01
3.346227264404296875e+01
3.365233230590820312e+01
3.364198303222656250e+01
3.362730789184570312e+01
3.363457489013671875e+01
3.376206207275390625e+01
3.372720336914062500e+01
3.342479324340820312e+01
3.335771560668945312e+01
3.366236495971679688e+01
3.374586868286132812e+01
3.382324981689453125e+01
3.392982864379882812e+01
3.398399734497070312e+01
3.391100311279296875e+01
3.371383285522460938e+01
3.360902023315429688e+01
3.354703140258789062e+01
3.355712890625000000e+01
3.368217086791992188e+01
3.332998657226562500e+01
3.320639801025390625e+01
3.326537322998046875e+01
3.357875442504882812e+01
3.405031585693359375e+01
3.411551666259765625e+01
3.399628448486328125e+01
3.374485778808593750e+01
3.366514205932617188e+01
3.362910842895507812e+01
3.348085021972656250e+01
3.319506835937500000e+01
3.288681793212890625e+01
3.288203430175781250e+01
3.324473190307617188e+01
3.354112625122070312e+01
3.377795028686523438e+01
3.361271286010742188e+01
3.332603073120117188e+01
3.296228408813476562e+01
3.277269744873046875e+01
3.267869186401367188e+01
3.250194931030273438e+01
3.268549346923828125e+01
3.283829116821289062e+01
3.289641952514648438e+01
3.280851364135742188e+01
3.243712997436523438e+01
3.229642486572265625e+01
3.250321960449218750e+01
3.262911605834960938e+01
3.286258316040039062e+01
3.305050659179687500e+01
3.347098541259765625e+01
3.352796554565429688e+01
3.306725692749023438e+01
3.275606155395507812e+01
3.274235916137695312e+01
3.257936859130859375e+01
3.261734390258789062e+01
3.280342102050781250e+01
3.291236495971679688e+01
3.290430831909179688e+01
3.305830383300781250e+01
3.308006668090820312e+01
3.305017852783203125e+01
3.297294235229492188e+01
3.319659423828125000e+01
3.336785507202148438e+01
3.317919540405273438e+01
3.306080627441406250e+01
3.331618118286132812e+01
3.313577651977539062e+01
3.323721313476562500e+01
3.341073989868164062e+01
3.316427612304687500e+01
3.260892105102539062e+01
