3.672979354858398438e+01
3.642697525024414062e+01
3.670625305175781250e+01
3.728821182250976562e+01
3.729372406005859375e+01
3.644865036010742188e+01
3.604233169555664062e+01
3.585290145874023438e+01
3.652018737792968750e+01
3.683122253417968750e+01
3.695487594604492188e+01
3.708180618286132812e+01
3.732898330688476562e+01
3.768828201293945312e+01
3.775266647338867188e+01
3.781607437133789062e+01
3.790314483642578125e+01
3.786066055297851562e+01
3.770445632934570312e+01
3.770828628540039062e+01
3.777433013916015625e+01
3.778108978271484375e+01
3.792283248901367188e+01
3.790921401977539062e+01
3.789864730834960938e+01
3.785069656372070312e+01
3.758957672119140625e+01
3.742252731323242188e+01
3.763169479370117188e+01
3.784940338134765625e+01
3.788406372070312500e+01
3.779892730712890625e+01
3.772355651855468750e+01
3.756324768066406250e+01
3.761330032348632812e+01
3.763277435302734375e+01
3.772983551025390625e+01
3.780906295776367188e+01
3.763480758666992188e+01
3.724945068359375000e+01
3.729339599609375000e+01
3.731410598754882812e+01
3.727774047851562500e+01
3.725333786010742188e+01
3.729912185668945312e+01
3.732062530517578125e+01
3.723015975952148438e+01
3.709912490844726562e+01
3.703455734252929688e+01
3.697160720825195312e+01
3.676397705078125000e+01
3.616748809814453125e+01
3.646781539916992188e+01
3.694025421142578125e+01
3.708346557617187500e+01
3.737137985229492188e+01
3.762082672119140625e+01
3.768319320678710938e+01
3.750457000732421875e+01
3.725296783447265625e+01
3.700291442871093750e+01
3.718700408935546875e+01
3.755586624145507812e+01
3.777901840209960938e+01
3.787781143188476562e+01
3.761102294921875000e+01
3.748380279541015625e+01
3.729921340942382812e+01
3.702219009399414062e+01
3.670475006103515625e+01
3.659842681884765625e+01
3.649990081787109375e+01
3.638517761230468750e+01
3.669143676757812500e+01
3.682889556884765625e+01
3.684167480468750000e+01
3.693499374389648438e+01
3.682514572143554688e+01
3.648058319091796875e+01
3.668224716186523438e+01
3.685571289062500000e+01
3.691844177246093750e+01
3.671396255493164062e+01
3.681211471557617188e+01
3.733049011230468750e+01
3.760494232177734375e+01
3.764269256591796875e+01
3.776234436035156250e+01
3.767562484741210938e+01
3.753462600708007812e+01
3.744906616210937500e+01
3.767710876464843750e+01
3.779574966430664062e+01
3.792603683471679688e+01
3.792533874511718750e+01
