2.718745231628417969e+01
2.737253189086914062e+01
2.765890884399414062e+01
2.773045730590820312e+01
2.779067230224609375e+01
2.765529060363769531e+01
2.718622779846191406e+01
2.676545906066894531e+01
2.652809524536132812e+01
2.654022026062011719e+01
2.664734268188476562e+01
2.682360839843750000e+01
2.691929817199707031e+01
2.694211769104003906e+01
2.696866226196289062e+01
2.702614593505859375e+01
2.698485946655273438e+01
2.679375839233398438e+01
2.676370620727539062e+01
2.685465049743652344e+01
2.692076683044433594e+01
2.705533218383789062e+01
2.719337081909179688e+01
2.714797592163085938e+01
2.706119155883789062e+01
2.695422554016113281e+01
2.693115234375000000e+01
2.693211174011230469e+01
2.691738319396972656e+01
2.692358207702636719e+01
2.699929809570312500e+01
2.703296470642089844e+01
2.703109741210937500e+01
2.709198188781738281e+01
2.712105941772460938e+01
2.712188720703125000e+01
2.705056381225585938e+01
2.695752716064453125e+01
2.690354728698730469e+01
2.682546615600585938e+01
2.685865211486816406e+01
2.691648864746093750e+01
2.705942916870117188e+01
2.731947708129882812e+01
2.766064453125000000e+01
2.789963150024414062e+01
2.807952499389648438e+01
2.787184143066406250e+01
2.756353950500488281e+01
2.723702621459960938e+01
2.688449859619140625e+01
2.667918395996093750e+01
2.677241706848144531e+01
2.666407394409179688e+01
2.662428283691406250e+01
2.677549171447753906e+01
2.671317863464355469e+01
2.678590965270996094e+01
2.687375259399414062e+01
2.690012168884277344e+01
2.690664291381835938e+01
2.655632972717285156e+01
2.639683151245117188e+01
2.647570228576660156e+01
2.664922523498535156e+01
2.680001068115234375e+01
2.695138359069824219e+01
2.692529678344726562e+01
2.705002593994140625e+01
2.717906379699707031e+01
2.731657409667968750e+01
2.747376823425292969e+01
2.755418014526367188e+01
2.740304374694824219e+01
2.728850173950195312e+01
2.718358993530273438e+01
2.711197662353515625e+01
2.708627891540527344e+01
2.706233215332031250e+01
2.713174057006835938e+01
2.722192764282226562e+01
2.725498199462890625e+01
2.731312561035156250e+01
2.735331726074218750e+01
2.732133102416992188e+01
2.742907333374023438e+01
2.745882987976074219e+01
2.733593750000000000e+01
2.725968170166015625e+01
2.711871337890625000e+01
2.693826293945312500e+01
2.682521629333496094e+01
2.679911994934082031e+01
2.687443733215332031e+01
2.689468193054199219e+01
2.683115196228027344e+01
2.682133865356445312e+01
2.682131576538085938e+01
2.689034652709960938e+01
2.700720214843750000e+01
2.698324203491210938e+01
2.680764007568359375e+01
2.678694534301757812e+01
2.636443710327148438e+01
2.635199165344238281e+01
