2.801817131042480469e+01
2.732577133178710938e+01
2.708401107788085938e+01
2.726595497131347656e+01
2.745886421203613281e+01
2.762801742553710938e+01
2.748398971557617188e+01
2.724790382385253906e+01
2.759974288940429688e+01
2.799185752868652344e+01
2.795051956176757812e+01
2.799848175048828125e+01
2.805002212524414062e+01
2.787034606933593750e+01
2.793369293212890625e+01
2.816302680969238281e+01
2.777752304077148438e+01
2.777070808410644531e+01
2.776180076599121094e+01
2.768701171875000000e+01
2.769125366210937500e+01
2.784484100341796875e+01
2.781525993347167969e+01
2.776795578002929688e+01
2.776311492919921875e+01
2.771041679382324219e+01
2.767364883422851562e+01
2.764754867553710938e+01
2.768943977355957031e+01
2.770545387268066406e+01
2.765759658813476562e+01
2.731078147888183594e+01
2.701943206787109375e+01
2.689522552490234375e+01
2.689381027221679688e+01
2.695813369750976562e+01
2.716911125183105469e+01
2.726705169677734375e+01
2.715987777709960938e+01
2.713101196289062500e+01
2.710578727722167969e+01
2.694356536865234375e+01
2.698391151428222656e+01
2.745934104919433594e+01
2.774798011779785156e+01
2.771395683288574219e+01
2.765071487426757812e+01
2.758132743835449219e+01
2.719576454162597656e+01
2.705330467224121094e+01
2.728063201904296875e+01
2.755498695373535156e+01
2.797182846069335938e+01
2.808599281311035156e+01
2.792520904541015625e+01
2.779741668701171875e+01
2.774568176269531250e+01
2.736208724975585938e+01
2.724764823913574219e+01
2.719457626342773438e+01
2.711356163024902344e+01
2.715788078308105469e+01
2.727803039550781250e+01
2.730277442932128906e+01
2.743222236633300781e+01
2.762830543518066406e+01
2.769384956359863281e+01
2.779929733276367188e+01
2.779889106750488281e+01
2.771145439147949219e+01
2.769504356384277344e+01
2.783228302001953125e+01
2.806426048278808594e+01
2.818453025817871094e+01
2.825706100463867188e+01
2.829147148132324219e+01
2.831311416625976562e+01
2.839619255065917969e+01
2.835529518127441406e+01
2.807934761047363281e+01
2.800572967529296875e+01
2.829579353332519531e+01
2.839838981628417969e+01
2.850354576110839844e+01
2.850861740112304688e+01
2.851041030883789062e+01
2.855378913879394531e+01
2.850352859497070312e+01
2.835687637329101562e+01
2.818736648559570312e+01
2.811336326599121094e+01
2.808362579345703125e+01
2.815677070617675781e+01
2.835067558288574219e+01
2.844832801818847656e+01
2.844574546813964844e+01
2.828794860839843750e+01
2.829588508605957031e+01
2.839120292663574219e+01
2.833984184265136719e+01
2.833872413635253906e+01
2.818138122558593750e+01
2.797158432006835938e+01
2.742673492431640625e+01
2.715606117248535156e+01
2.693712997436523438e+01
