3.489015579223632812e+01
3.505590057373046875e+01
3.508517074584960938e+01
3.486370086669921875e+01
3.487360382080078125e+01
3.528702926635742188e+01
3.515367126464843750e+01
3.533710861206054688e+01
3.553627395629882812e+01
3.580080032348632812e+01
3.679186630249023438e+01
3.697152709960937500e+01
3.707956314086914062e+01
3.699657440185546875e+01
3.708098220825195312e+01
3.696613311767578125e+01
3.694755554199218750e+01
3.684055328369140625e+01
3.663609695434570312e+01
3.574539947509765625e+01
3.507526779174804688e+01
3.489864349365234375e+01
3.487649917602539062e+01
3.474528503417968750e+01
3.533313369750976562e+01
3.602651214599609375e+01
3.663100433349609375e+01
3.698072814941406250e+01
3.685564041137695312e+01
3.692621612548828125e+01
3.687247085571289062e+01
3.689746093750000000e+01
3.663231658935546875e+01
3.645133972167968750e+01
3.657133102416992188e+01
3.663082885742187500e+01
3.604099655151367188e+01
3.555753326416015625e+01
3.575538635253906250e+01
3.594983673095703125e+01
3.658316040039062500e+01
3.609135437011718750e+01
3.561753082275390625e+01
3.536425018310546875e+01
3.532863616943359375e+01
3.516123199462890625e+01
3.524680709838867188e+01
3.587461853027343750e+01
3.631673049926757812e+01
3.720978546142578125e+01
3.769252014160156250e+01
3.794776535034179688e+01
3.807765197753906250e+01
3.800248718261718750e+01
3.788475036621093750e+01
3.790313720703125000e+01
3.803071975708007812e+01
3.810018157958984375e+01
3.790882110595703125e+01
3.678138351440429688e+01
3.621615982055664062e+01
3.586251068115234375e+01
3.636174011230468750e+01
3.668816757202148438e+01
3.713194656372070312e+01
3.786978149414062500e+01
3.780498123168945312e+01
3.761253738403320312e+01
3.763058471679687500e+01
3.757722473144531250e+01
3.770604705810546875e+01
3.798689651489257812e+01
3.818397521972656250e+01
3.812096786499023438e+01
3.804440307617187500e+01
3.811861038208007812e+01
3.817995834350585938e+01
3.824510192871093750e+01
3.828008270263671875e+01
3.815480041503906250e+01
3.758218383789062500e+01
3.728096389770507812e+01
3.744214248657226562e+01
3.762614440917968750e+01
3.775614166259765625e+01
3.754800033569335938e+01
3.764049911499023438e+01
3.744760894775390625e+01
3.758104705810546875e+01
3.727928924560546875e+01
3.757421112060546875e+01
3.783225631713867188e+01
3.769939041137695312e+01
3.757513809204101562e+01
3.730781555175781250e+01
3.642016983032226562e+01
3.564038467407226562e+01
3.623804092407226562e+01
