2.237074279785156250e+01
2.234169769287109375e+01
2.204283142089843750e+01
2.260754585266113281e+01
2.211170387268066406e+01
2.226451873779296875e+01
2.271031951904296875e+01
2.259077453613281250e+01
2.273720169067382812e+01
2.265219688415527344e+01
2.398163032531738281e+01
2.380117988586425781e+01
2.329117774963378906e+01
2.334517288208007812e+01
2.269201087951660156e+01
2.238973426818847656e+01
2.199614524841308594e+01
2.204727363586425781e+01
2.234284973144531250e+01
2.236265373229980469e+01
2.260754394531250000e+01
2.209716606140136719e+01
2.219420814514160156e+01
2.208068275451660156e+01
2.176836585998535156e+01
2.186226081848144531e+01
2.158873367309570312e+01
2.171910667419433594e+01
2.154000091552734375e+01
2.135586357116699219e+01
2.123352241516113281e+01
2.108071899414062500e+01
2.112417793273925781e+01
2.117412185668945312e+01
2.126145362854003906e+01
2.128741836547851562e+01
2.128919029235839844e+01
2.140173339843750000e+01
2.141511535644531250e+01
2.162487983703613281e+01
2.160239219665527344e+01
2.149399566650390625e+01
2.156201744079589844e+01
2.147446632385253906e+01
2.161302375793457031e+01
2.148554229736328125e+01
2.148457145690917969e+01
2.143519592285156250e+01
2.139718437194824219e+01
2.152979087829589844e+01
2.145777511596679688e+01
2.160567092895507812e+01
2.163187980651855469e+01
2.167875289916992188e+01
2.179375076293945312e+01
2.169412422180175781e+01
2.177283477783203125e+01
2.176026344299316406e+01
2.179449272155761719e+01
2.184282112121582031e+01
2.179154205322265625e+01
2.183228111267089844e+01
2.180241012573242188e+01
2.185312843322753906e+01
2.189114761352539062e+01
2.194699668884277344e+01
2.203516197204589844e+01
2.203926849365234375e+01
2.204264831542968750e+01
2.191568946838378906e+01
2.185880088806152344e+01
2.183251571655273438e+01
2.187617301940917969e+01
2.218643188476562500e+01
2.254658126831054688e+01
2.314736557006835938e+01
2.380607414245605469e+01
2.440219688415527344e+01
2.474905014038085938e+01
2.448858451843261719e+01
2.415377998352050781e+01
2.396961975097656250e+01
2.413167381286621094e+01
2.457341003417968750e+01
2.470342826843261719e+01
2.482387733459472656e+01
2.473337554931640625e+01
2.467435264587402344e+01
2.463171577453613281e+01
2.452614784240722656e+01
2.479850769042968750e+01
2.502350234985351562e+01
2.540390205383300781e+01
2.574159622192382812e+01
2.590109062194824219e+01
2.584351348876953125e+01
2.546287727355957031e+01
2.527383041381835938e+01
2.531222343444824219e+01
2.548233222961425781e+01
2.575930213928222656e+01
2.608622169494628906e+01
2.683421325683593750e+01
2.713313484191894531e+01
2.780473709106445312e+01
2.744729804992675781e+01
2.702078819274902344e+01
2.726127433776855469e+01
2.678506278991699219e+01
