2.560277748107910156e+01
2.571368217468261719e+01
2.567658805847167969e+01
2.607928657531738281e+01
2.593827247619628906e+01
2.600894355773925781e+01
2.588541793823242188e+01
2.587673759460449219e+01
2.592787551879882812e+01
2.591480827331542969e+01
2.562748146057128906e+01
2.538258552551269531e+01
2.526033782958984375e+01
2.520823478698730469e+01
2.514731597900390625e+01
2.491168403625488281e+01
2.485106849670410156e+01
2.480387878417968750e+01
2.470696067810058594e+01
2.461957550048828125e+01
2.460736465454101562e+01
2.456743049621582031e+01
2.460193634033203125e+01
2.464514160156250000e+01
2.479090690612792969e+01
2.466246414184570312e+01
2.448045539855957031e+01
2.432703971862792969e+01
2.429091453552246094e+01
2.424905395507812500e+01
2.410396766662597656e+01
2.397402000427246094e+01
2.381459426879882812e+01
2.375066184997558594e+01
2.360906219482421875e+01
2.355415344238281250e+01
2.362608146667480469e+01
2.379550361633300781e+01
2.394644546508789062e+01
2.398918724060058594e+01
2.402847099304199219e+01
2.414338684082031250e+01
2.442970848083496094e+01
2.471850585937500000e+01
2.489265060424804688e+01
2.500872230529785156e+01
2.514238357543945312e+01
2.519587135314941406e+01
2.521434211730957031e+01
2.520569419860839844e+01
2.526363563537597656e+01
2.519486618041992188e+01
2.521549987792968750e+01
2.525414276123046875e+01
2.519208717346191406e+01
2.511685180664062500e+01
2.507121849060058594e+01
2.493794441223144531e+01
2.478647613525390625e+01
2.483458900451660156e+01
2.482187843322753906e+01
2.474849700927734375e+01
2.462867736816406250e+01
2.474779129028320312e+01
2.481014060974121094e+01
2.485047912597656250e+01
2.486955070495605469e+01
2.486409950256347656e+01
2.460242652893066406e+01
2.447642326354980469e+01
2.443549919128417969e+01
2.431519126892089844e+01
2.383629417419433594e+01
2.356184959411621094e+01
2.328813362121582031e+01
2.303288269042968750e+01
2.284803390502929688e+01
2.298828506469726562e+01
2.311224937438964844e+01
2.330277252197265625e+01
2.339774894714355469e+01
2.330190467834472656e+01
2.395253181457519531e+01
2.452046394348144531e+01
2.500576019287109375e+01
2.491843986511230469e+01
2.491848754882812500e+01
2.501734733581542969e+01
2.524718284606933594e+01
2.513875961303710938e+01
2.496410942077636719e+01
2.494779205322265625e+01
2.507753562927246094e+01
2.515514564514160156e+01
2.502235031127929688e+01
2.516445732116699219e+01
2.524378013610839844e+01
2.515661239624023438e+01
2.500821685791015625e+01
2.480313110351562500e+01
2.407545661926269531e+01
2.351846122741699219e+01
2.339237594604492188e+01
2.348102951049804688e+01
2.357457733154296875e+01
2.401467704772949219e+01
2.382951545715332031e+01
2.338331604003906250e+01
2.311436271667480469e+01
