3.425312042236328125e+01
3.520357131958007812e+01
3.421327590942382812e+01
3.427123641967773438e+01
3.510625457763671875e+01
3.476560974121093750e+01
3.465371704101562500e+01
3.503644561767578125e+01
3.594968795776367188e+01
3.709397125244140625e+01
3.556496047973632812e+01
3.487430191040039062e+01
3.465260314941406250e+01
3.570999908447265625e+01
3.703636932373046875e+01
3.735143280029296875e+01
3.719480895996093750e+01
3.735198211669921875e+01
3.741025161743164062e+01
3.702919387817382812e+01
3.686729431152343750e+01
3.661191558837890625e+01
3.667249679565429688e+01
3.716928100585937500e+01
3.741309738159179688e+01
3.736288452148437500e+01
3.734762954711914062e+01
3.722345352172851562e+01
3.636964035034179688e+01
3.501712417602539062e+01
3.502271270751953125e+01
3.502622985839843750e+01
3.567819213867187500e+01
3.557812500000000000e+01
3.585155105590820312e+01
3.594454193115234375e+01
3.560174942016601562e+01
3.596670532226562500e+01
3.572825241088867188e+01
3.589454650878906250e+01
3.516195678710937500e+01
3.460055541992187500e+01
3.454944610595703125e+01
3.485911178588867188e+01
3.534062576293945312e+01
3.556278991699218750e+01
3.612295532226562500e+01
3.635757827758789062e+01
3.545856094360351562e+01
3.499078750610351562e+01
3.480331420898437500e+01
3.480850219726562500e+01
3.533747482299804688e+01
3.655310821533203125e+01
3.670454406738281250e+01
3.642692565917968750e+01
3.624079895019531250e+01
3.646303939819335938e+01
3.644049835205078125e+01
3.559600448608398438e+01
3.530171203613281250e+01
3.540814208984375000e+01
3.578712463378906250e+01
3.666927337646484375e+01
3.676756286621093750e+01
3.680665588378906250e+01
3.673163604736328125e+01
3.709466171264648438e+01
3.569311904907226562e+01
3.517588043212890625e+01
3.528995895385742188e+01
3.550783157348632812e+01
3.569577407836914062e+01
3.566115188598632812e+01
3.555277633666992188e+01
3.553404998779296875e+01
3.569312286376953125e+01
3.581358718872070312e+01
3.616193389892578125e+01
3.636689758300781250e+01
3.749365997314453125e+01
3.775437164306640625e+01
3.751781082153320312e+01
3.739009475708007812e+01
3.736848831176757812e+01
3.652362060546875000e+01
3.613114166259765625e+01
3.557517623901367188e+01
3.596240234375000000e+01
3.687430572509765625e+01
3.697854614257812500e+01
3.708982849121093750e+01
3.695221710205078125e+01
3.626995086669921875e+01
3.630446624755859375e+01
3.635877990722656250e+01
3.601576995849609375e+01
3.517250061035156250e+01
3.552285766601562500e+01
3.572736358642578125e+01
3.609129714965820312e+01
3.692590713500976562e+01
