2.660935592651367188e+01
2.696167182922363281e+01
2.750996208190917969e+01
2.788558387756347656e+01
2.731968116760253906e+01
2.680866813659667969e+01
2.693201446533203125e+01
2.714241600036621094e+01
2.720861053466796875e+01
2.691379165649414062e+01
2.672851943969726562e+01
2.662791061401367188e+01
2.656837844848632812e+01
2.659838104248046875e+01
2.645607948303222656e+01
2.642588043212890625e+01
2.647112083435058594e+01
2.657013511657714844e+01
2.650490951538085938e+01
2.637367630004882812e+01
2.623321533203125000e+01
2.623369789123535156e+01
2.627246856689453125e+01
2.626444244384765625e+01
2.634871864318847656e+01
2.645937347412109375e+01
2.645480155944824219e+01
2.639048767089843750e+01
2.632864761352539062e+01
2.636347579956054688e+01
2.643554115295410156e+01
2.651701545715332031e+01
2.646195220947265625e+01
2.627629470825195312e+01
2.620620155334472656e+01
2.619618034362792969e+01
2.614975929260253906e+01
2.602430152893066406e+01
2.601545333862304688e+01
2.621059989929199219e+01
2.652484893798828125e+01
2.660872268676757812e+01
2.660498237609863281e+01
2.653351593017578125e+01
2.638248634338378906e+01
2.623626899719238281e+01
2.614142799377441406e+01
2.602883911132812500e+01
2.585856056213378906e+01
2.576014137268066406e+01
2.569406890869140625e+01
2.567106628417968750e+01
2.567964935302734375e+01
2.567942619323730469e+01
2.571331214904785156e+01
2.571422195434570312e+01
2.567233085632324219e+01
2.565718460083007812e+01
2.571110916137695312e+01
2.586335754394531250e+01
2.610362625122070312e+01
2.651397132873535156e+01
2.691796302795410156e+01
2.689769554138183594e+01
2.678094100952148438e+01
2.666475868225097656e+01
2.655730438232421875e+01
2.650498390197753906e+01
2.634270286560058594e+01
2.617559432983398438e+01
2.607301521301269531e+01
2.597629547119140625e+01
2.595412635803222656e+01
2.592952728271484375e+01
2.581065559387207031e+01
2.576874160766601562e+01
2.591383934020996094e+01
2.609299850463867188e+01
2.612169837951660156e+01
2.599737167358398438e+01
2.586831092834472656e+01
2.580069541931152344e+01
2.578461265563964844e+01
2.582484054565429688e+01
2.583277320861816406e+01
2.579980278015136719e+01
2.567003059387207031e+01
2.546076393127441406e+01
2.533100509643554688e+01
2.522668457031250000e+01
2.508712387084960938e+01
2.502536773681640625e+01
2.485492706298828125e+01
2.473373794555664062e+01
2.493203735351562500e+01
2.513892745971679688e+01
2.521948051452636719e+01
2.515777587890625000e+01
2.486567687988281250e+01
2.482227134704589844e+01
2.492920684814453125e+01
2.534309196472167969e+01
2.578478240966796875e+01
2.615128707885742188e+01
2.602895545959472656e+01
