3.757421875000000000e+01
3.781998825073242188e+01
3.741192626953125000e+01
3.745659255981445312e+01
3.764390563964843750e+01
3.769779586791992188e+01
3.753359222412109375e+01
3.748917007446289062e+01
3.779174041748046875e+01
3.803686141967773438e+01
3.791742324829101562e+01
3.787972259521484375e+01
3.803962326049804688e+01
3.817599487304687500e+01
3.833533096313476562e+01
3.828986740112304688e+01
3.794866180419921875e+01
3.767741012573242188e+01
3.745966720581054688e+01
3.738496398925781250e+01
3.739984893798828125e+01
3.738068008422851562e+01
3.722672653198242188e+01
3.715451049804687500e+01
3.711553192138671875e+01
3.707532501220703125e+01
3.704050064086914062e+01
3.714273834228515625e+01
3.730708694458007812e+01
3.746131134033203125e+01
3.754179763793945312e+01
3.756176376342773438e+01
3.755775451660156250e+01
3.740563964843750000e+01
3.721064376831054688e+01
3.717604446411132812e+01
3.746226119995117188e+01
3.751150512695312500e+01
3.755392074584960938e+01
3.761863708496093750e+01
3.761732864379882812e+01
3.765702438354492188e+01
3.768429946899414062e+01
3.780196380615234375e+01
3.775136566162109375e+01
3.766618347167968750e+01
3.758241271972656250e+01
3.760397720336914062e+01
3.782372283935546875e+01
3.771402359008789062e+01
3.749127960205078125e+01
3.733778762817382812e+01
3.718498992919921875e+01
3.707100677490234375e+01
3.693496704101562500e+01
3.687090682983398438e+01
3.703013610839843750e+01
3.714966583251953125e+01
3.731667709350585938e+01
3.735288619995117188e+01
3.723019790649414062e+01
3.714167785644531250e+01
3.718101501464843750e+01
3.718403244018554688e+01
3.720191192626953125e+01
3.696884918212890625e+01
3.682618331909179688e+01
3.669664382934570312e+01
3.666704177856445312e+01
3.658332061767578125e+01
3.662793731689453125e+01
3.671006774902343750e+01
3.677675247192382812e+01
3.688594436645507812e+01
3.707396316528320312e+01
3.714472579956054688e+01
3.718658065795898438e+01
3.724879837036132812e+01
3.727583312988281250e+01
3.736555862426757812e+01
3.745626449584960938e+01
3.757564163208007812e+01
3.760081863403320312e+01
3.750851821899414062e+01
3.747994995117187500e+01
3.758207702636718750e+01
3.764983749389648438e+01
3.775872421264648438e+01
3.779772949218750000e+01
3.782398986816406250e+01
3.782405090332031250e+01
3.795928955078125000e+01
3.794934082031250000e+01
3.793227767944335938e+01
3.800201797485351562e+01
3.800775909423828125e+01
3.798471832275390625e+01
3.790406036376953125e+01
3.780897903442382812e+01
3.769375610351562500e+01
3.762265777587890625e+01
3.765676116943359375e+01
3.732227325439453125e+01
3.714954376220703125e+01
3.723603057861328125e+01
3.711193466186523438e+01
