2.504873847961425781e+01
2.491345405578613281e+01
2.483435821533203125e+01
2.481429672241210938e+01
2.504158782958984375e+01
2.517633438110351562e+01
2.538638877868652344e+01
2.533195495605468750e+01
2.555974388122558594e+01
2.553267860412597656e+01
2.556767082214355469e+01
2.531389617919921875e+01
2.533306121826171875e+01
2.515095329284667969e+01
2.511043167114257812e+01
2.509319686889648438e+01
2.523325347900390625e+01
2.537331008911132812e+01
2.560606956481933594e+01
2.553532600402832031e+01
2.543296432495117188e+01
2.535950660705566406e+01
2.535503196716308594e+01
2.529487609863281250e+01
2.529671287536621094e+01
2.533984947204589844e+01
2.524866676330566406e+01
2.508460044860839844e+01
2.506393432617187500e+01
2.503459739685058594e+01
2.500477981567382812e+01
2.501622962951660156e+01
2.495745086669921875e+01
2.490020751953125000e+01
2.479465293884277344e+01
2.463812446594238281e+01
2.451929855346679688e+01
2.451031112670898438e+01
2.444087791442871094e+01
2.436259078979492188e+01
2.431455993652343750e+01
2.436467361450195312e+01
2.433164215087890625e+01
2.424343872070312500e+01
2.414833450317382812e+01
2.405888557434082031e+01
2.406095123291015625e+01
2.401851272583007812e+01
2.397965431213378906e+01
2.387961006164550781e+01
2.380394744873046875e+01
2.377560997009277344e+01
2.375439643859863281e+01
2.374415206909179688e+01
2.372126960754394531e+01
2.373958015441894531e+01
2.371628952026367188e+01
2.366874313354492188e+01
2.359327507019042969e+01
2.352590560913085938e+01
2.344769859313964844e+01
2.340057754516601562e+01
2.340688896179199219e+01
2.344012832641601562e+01
2.347974395751953125e+01
2.348132705688476562e+01
2.349908638000488281e+01
2.353103065490722656e+01
2.360522270202636719e+01
2.366478157043457031e+01
2.375497245788574219e+01
2.393396377563476562e+01
2.422398376464843750e+01
2.435757827758789062e+01
2.453251647949218750e+01
2.457742691040039062e+01
2.467477798461914062e+01
2.457138061523437500e+01
2.446680450439453125e+01
2.456343078613281250e+01
2.462426567077636719e+01
2.477404212951660156e+01
2.496130371093750000e+01
2.510254669189453125e+01
2.532201385498046875e+01
2.535799789428710938e+01
2.540134239196777344e+01
2.534449577331542969e+01
2.544684791564941406e+01
2.555856704711914062e+01
2.561079788208007812e+01
2.550909423828125000e+01
2.525207519531250000e+01
2.494486236572265625e+01
2.486036491394042969e+01
2.502694511413574219e+01
2.500246810913085938e+01
