2.863425254821777344e+01
2.867053794860839844e+01
2.858840370178222656e+01
2.837812423706054688e+01
2.821092987060546875e+01
2.818955612182617188e+01
2.807005882263183594e+01
2.791643524169921875e+01
2.785460662841796875e+01
2.788241577148437500e+01
2.795963287353515625e+01
2.806697463989257812e+01
2.802151870727539062e+01
2.793144226074218750e+01
2.795491600036621094e+01
2.783932876586914062e+01
2.769879913330078125e+01
2.761877059936523438e+01
2.742615509033203125e+01
2.731635665893554688e+01
2.736024665832519531e+01
2.756617355346679688e+01
2.775366020202636719e+01
2.779775810241699219e+01
2.777646255493164062e+01
2.773879051208496094e+01
2.770050811767578125e+01
2.772079658508300781e+01
2.770830535888671875e+01
2.770368957519531250e+01
2.773002243041992188e+01
2.772504997253417969e+01
2.768391799926757812e+01
2.768593597412109375e+01
2.767577362060546875e+01
2.759020042419433594e+01
2.750258636474609375e+01
2.738184356689453125e+01
2.730082321166992188e+01
2.735336685180664062e+01
2.736693382263183594e+01
2.740956878662109375e+01
2.741160964965820312e+01
2.741354751586914062e+01
2.743806076049804688e+01
2.762320137023925781e+01
2.763747215270996094e+01
2.750753593444824219e+01
2.719038200378417969e+01
2.708028411865234375e+01
2.721388053894042969e+01
2.756161880493164062e+01
2.771028137207031250e+01
2.783855056762695312e+01
2.777355194091796875e+01
2.783037376403808594e+01
2.768117713928222656e+01
2.738976287841796875e+01
2.726128196716308594e+01
2.715400123596191406e+01
2.707065582275390625e+01
2.701101303100585938e+01
2.708555603027343750e+01
2.717472267150878906e+01
2.735023117065429688e+01
2.744933509826660156e+01
2.748220062255859375e+01
2.738129997253417969e+01
2.727205276489257812e+01
2.713031768798828125e+01
2.699830818176269531e+01
2.682196998596191406e+01
2.670887184143066406e+01
2.665019989013671875e+01
2.659264755249023438e+01
2.654127883911132812e+01
2.662294197082519531e+01
2.676450920104980469e+01
2.694749259948730469e+01
2.705642509460449219e+01
2.712034988403320312e+01
2.725644874572753906e+01
2.745733070373535156e+01
2.764676666259765625e+01
2.773811149597167969e+01
2.764027023315429688e+01
2.763078880310058594e+01
2.766399002075195312e+01
2.768364143371582031e+01
2.788333702087402344e+01
2.793590736389160156e+01
2.799959754943847656e+01
2.817679595947265625e+01
2.833070755004882812e+01
2.836688232421875000e+01
2.822953033447265625e+01
2.807833099365234375e+01
2.806680679321289062e+01
2.810383987426757812e+01
2.800008201599121094e+01
2.795646286010742188e+01
2.811490058898925781e+01
2.806324386596679688e+01
2.764401245117187500e+01
2.734738731384277344e+01
2.716961288452148438e+01
