3.149622535705566406e+01
3.166671371459960938e+01
3.181614875793457031e+01
3.194864082336425781e+01
3.213117599487304688e+01
3.214830780029296875e+01
3.186493873596191406e+01
3.161128044128417969e+01
3.123768615722656250e+01
3.122949409484863281e+01
3.117168807983398438e+01
3.157555961608886719e+01
3.204904174804687500e+01
3.225688934326171875e+01
3.220006561279296875e+01
3.212141418457031250e+01
3.221752166748046875e+01
3.239238739013671875e+01
3.256882858276367188e+01
3.246799087524414062e+01
3.257863616943359375e+01
3.262005996704101562e+01
3.268556976318359375e+01
3.260967254638671875e+01
3.241179275512695312e+01
3.206334304809570312e+01
3.173550033569335938e+01
3.155159187316894531e+01
3.144970130920410156e+01
3.185697937011718750e+01
3.231186294555664062e+01
3.239738082885742188e+01
3.251212310791015625e+01
3.237922668457031250e+01
3.234416198730468750e+01
3.240173721313476562e+01
3.254446029663085938e+01
3.274557113647460938e+01
3.288704299926757812e+01
3.306661987304687500e+01
3.301339721679687500e+01
3.292517852783203125e+01
3.270316314697265625e+01
3.247781753540039062e+01
3.266350936889648438e+01
3.280847167968750000e+01
3.276271438598632812e+01
3.267507934570312500e+01
3.262302017211914062e+01
3.261075210571289062e+01
3.268244934082031250e+01
3.272893142700195312e+01
3.276363372802734375e+01
3.278612899780273438e+01
3.275600814819335938e+01
3.287466430664062500e+01
3.295821380615234375e+01
3.318772125244140625e+01
3.326359176635742188e+01
3.314951324462890625e+01
3.312099075317382812e+01
3.321695709228515625e+01
3.324671936035156250e+01
3.317381668090820312e+01
3.300092697143554688e+01
3.306680679321289062e+01
3.305774688720703125e+01
3.291445922851562500e+01
3.285917282104492188e+01
3.276519775390625000e+01
3.281504821777343750e+01
3.270541381835937500e+01
3.258587265014648438e+01
3.276491928100585938e+01
3.292566299438476562e+01
3.288793182373046875e+01
3.251925659179687500e+01
3.231695175170898438e+01
3.252622985839843750e+01
3.272714233398437500e+01
3.255782699584960938e+01
3.233602523803710938e+01
3.210478591918945312e+01
3.208094406127929688e+01
3.186879158020019531e+01
3.198668861389160156e+01
3.192160224914550781e+01
3.198201751708984375e+01
3.209004211425781250e+01
3.206182861328125000e+01
3.213965988159179688e+01
3.224441909790039062e+01
3.222611236572265625e+01
3.229890441894531250e+01
3.224782562255859375e+01
3.201000595092773438e+01
3.183482742309570312e+01
3.178770637512207031e+01
3.170931053161621094e+01
3.162740325927734375e+01
3.166549682617187500e+01
3.172543525695800781e+01
3.159285545349121094e+01
3.175774383544921875e+01
3.152596855163574219e+01
3.132586288452148438e+01
3.087863540649414062e+01
3.122895622253417969e+01
