3.351836013793945312e+01
3.340524291992187500e+01
3.322756195068359375e+01
3.321570205688476562e+01
3.326392745971679688e+01
3.317990875244140625e+01
3.323345947265625000e+01
3.330125427246093750e+01
3.315443038940429688e+01
3.291215896606445312e+01
3.282831954956054688e+01
3.278889083862304688e+01
3.283349227905273438e+01
3.296827316284179688e+01
3.297419357299804688e+01
3.278735733032226562e+01
3.276064682006835938e+01
3.288545227050781250e+01
3.311299514770507812e+01
3.326835632324218750e+01
3.349226760864257812e+01
3.371560668945312500e+01
3.375923156738281250e+01
3.387993240356445312e+01
3.373154830932617188e+01
3.374785232543945312e+01
3.388536834716796875e+01
3.407403945922851562e+01
3.507859420776367188e+01
3.517427062988281250e+01
3.462879562377929688e+01
3.401787567138671875e+01
3.386314010620117188e+01
3.395196914672851562e+01
3.414188003540039062e+01
3.412965774536132812e+01
3.394862365722656250e+01
3.389948272705078125e+01
3.361496353149414062e+01
3.309373474121093750e+01
3.283418273925781250e+01
3.271899032592773438e+01
3.293436050415039062e+01
3.319682693481445312e+01
3.350378799438476562e+01
3.410115432739257812e+01
3.370823669433593750e+01
3.340460205078125000e+01
3.336603927612304688e+01
3.321090316772460938e+01
3.303592300415039062e+01
3.316953277587890625e+01
3.353647613525390625e+01
3.380052947998046875e+01
3.363212966918945312e+01
3.328149414062500000e+01
3.318281936645507812e+01
3.332484817504882812e+01
3.352259445190429688e+01
3.382929611206054688e+01
3.401333236694335938e+01
3.409199905395507812e+01
3.415289306640625000e+01
3.414086914062500000e+01
3.397593307495117188e+01
3.363848114013671875e+01
3.332874679565429688e+01
3.364021301269531250e+01
3.451134109497070312e+01
3.467703247070312500e+01
3.413347244262695312e+01
3.391721725463867188e+01
3.356767272949218750e+01
3.305267333984375000e+01
3.269845962524414062e+01
3.250542068481445312e+01
3.237655639648437500e+01
3.218257141113281250e+01
3.198225784301757812e+01
3.204072570800781250e+01
3.213618087768554688e+01
3.217426300048828125e+01
3.234312438964843750e+01
3.268178176879882812e+01
3.286322784423828125e+01
3.332503890991210938e+01
3.345870590209960938e+01
3.343434524536132812e+01
3.339953231811523438e+01
3.320422363281250000e+01
3.303428268432617188e+01
3.300891113281250000e+01
3.310830307006835938e+01
3.326865768432617188e+01
3.358309555053710938e+01
3.353992080688476562e+01
3.355587387084960938e+01
3.364523696899414062e+01
3.411172866821289062e+01
3.410583496093750000e+01
3.495952224731445312e+01
3.544423294067382812e+01
