3.708339309692382812e+01
3.702332305908203125e+01
3.622974777221679688e+01
3.514272308349609375e+01
3.473977661132812500e+01
3.403916931152343750e+01
3.348786163330078125e+01
3.327135848999023438e+01
3.300367736816406250e+01
3.304111480712890625e+01
3.354101562500000000e+01
3.365618515014648438e+01
3.364513015747070312e+01
3.352137374877929688e+01
3.330185317993164062e+01
3.324824142456054688e+01
3.336791992187500000e+01
3.311744689941406250e+01
3.322709655761718750e+01
3.312193679809570312e+01
3.309041976928710938e+01
3.324955749511718750e+01
3.333027267456054688e+01
3.326536178588867188e+01
3.312907409667968750e+01
3.326239776611328125e+01
3.320081710815429688e+01
3.325983810424804688e+01
3.329981231689453125e+01
3.354727172851562500e+01
3.389249420166015625e+01
3.424511337280273438e+01
3.516305923461914062e+01
3.592765426635742188e+01
3.546086120605468750e+01
3.480791091918945312e+01
3.439795303344726562e+01
3.404837417602539062e+01
3.404358673095703125e+01
3.402003479003906250e+01
3.408231735229492188e+01
3.403017425537109375e+01
3.428102874755859375e+01
3.442543792724609375e+01
3.412511444091796875e+01
3.416424942016601562e+01
3.435471343994140625e+01
3.438901519775390625e+01
3.442370986938476562e+01
3.441231536865234375e+01
3.442978668212890625e+01
3.437972259521484375e+01
3.426660156250000000e+01
3.436939239501953125e+01
3.444238662719726562e+01
3.435901641845703125e+01
3.417280197143554688e+01
3.394234085083007812e+01
3.418993759155273438e+01
3.441931533813476562e+01
3.442536544799804688e+01
3.473238754272460938e+01
3.514413452148437500e+01
3.516044616699218750e+01
3.478952026367187500e+01
3.408466339111328125e+01
3.371120834350585938e+01
3.373753356933593750e+01
3.386780929565429688e+01
3.403818130493164062e+01
3.424369049072265625e+01
3.419882202148437500e+01
3.406038665771484375e+01
3.388610458374023438e+01
3.383758544921875000e+01
3.409375381469726562e+01
3.422035598754882812e+01
3.399813842773437500e+01
3.396963882446289062e+01
3.433592224121093750e+01
3.448440551757812500e+01
3.452032089233398438e+01
3.480552673339843750e+01
3.546028137207031250e+01
3.480558013916015625e+01
3.424489593505859375e+01
3.388393783569335938e+01
3.370932769775390625e+01
3.373253631591796875e+01
3.348316574096679688e+01
3.362945556640625000e+01
3.354193496704101562e+01
3.369926452636718750e+01
3.377305221557617188e+01
3.414487838745117188e+01
3.429498291015625000e+01
3.430246353149414062e+01
3.424489212036132812e+01
3.390872955322265625e+01
3.385605239868164062e+01
3.434351348876953125e+01
