3.887153625488281250e+01
3.895674896240234375e+01
3.897452545166015625e+01
3.892215347290039062e+01
3.883185195922851562e+01
3.875347518920898438e+01
3.869336700439453125e+01
3.877527999877929688e+01
3.876062011718750000e+01
3.875804519653320312e+01
3.881086730957031250e+01
3.875332641601562500e+01
3.858724975585937500e+01
3.864563751220703125e+01
3.865721893310546875e+01
3.891591644287109375e+01
3.894877624511718750e+01
3.876338577270507812e+01
3.868401336669921875e+01
3.872532272338867188e+01
3.863000488281250000e+01
3.864187240600585938e+01
3.869841003417968750e+01
3.873398590087890625e+01
3.888611602783203125e+01
3.895887374877929688e+01
3.903467941284179688e+01
3.910068893432617188e+01
3.920970916748046875e+01
3.929833602905273438e+01
3.933765029907226562e+01
3.926758575439453125e+01
3.908744812011718750e+01
3.882786941528320312e+01
3.872659683227539062e+01
3.869306945800781250e+01
3.872393417358398438e+01
3.883187103271484375e+01
3.880879211425781250e+01
3.872988128662109375e+01
3.862612533569335938e+01
3.856552505493164062e+01
3.855259323120117188e+01
3.856867218017578125e+01
3.854901885986328125e+01
3.858078002929687500e+01
3.846200561523437500e+01
3.840387725830078125e+01
3.851663970947265625e+01
3.867294692993164062e+01
3.864866638183593750e+01
3.848102188110351562e+01
3.846081924438476562e+01
3.849911499023437500e+01
3.858530426025390625e+01
3.865241622924804688e+01
3.866195297241210938e+01
3.852043914794921875e+01
3.840592193603515625e+01
3.835544586181640625e+01
3.840008544921875000e+01
3.838799667358398438e+01
3.839727783203125000e+01
3.869151306152343750e+01
3.889137268066406250e+01
3.893616867065429688e+01
3.896382904052734375e+01
3.889616394042968750e+01
3.879104232788085938e+01
3.873387908935546875e+01
3.864704895019531250e+01
3.841852569580078125e+01
3.843591308593750000e+01
3.860919189453125000e+01
3.881224441528320312e+01
3.888615798950195312e+01
3.886289596557617188e+01
3.868104553222656250e+01
3.864441680908203125e+01
3.883223342895507812e+01
3.883366775512695312e+01
3.887010192871093750e+01
3.874937057495117188e+01
3.856882858276367188e+01
3.848205566406250000e+01
3.847156906127929688e+01
3.840451431274414062e+01
3.823049163818359375e+01
3.828838348388671875e+01
3.848656463623046875e+01
3.854708099365234375e+01
3.855378723144531250e+01
3.859991073608398438e+01
3.843755340576171875e+01
3.851555633544921875e+01
3.864009857177734375e+01
3.871362304687500000e+01
3.881455230712890625e+01
3.882077026367187500e+01
3.856649398803710938e+01
3.835271072387695312e+01
