3.233193588256835938e+01
3.274694824218750000e+01
3.294861602783203125e+01
3.312971496582031250e+01
3.382725524902343750e+01
3.590159225463867188e+01
3.605582427978515625e+01
3.615331268310546875e+01
3.572682952880859375e+01
3.436858367919921875e+01
3.416666412353515625e+01
3.373472595214843750e+01
3.350913619995117188e+01
3.339696884155273438e+01
3.390676116943359375e+01
3.425695800781250000e+01
3.427750015258789062e+01
3.367136001586914062e+01
3.341425704956054688e+01
3.303705596923828125e+01
3.297931671142578125e+01
3.347382354736328125e+01
3.368968963623046875e+01
3.372722244262695312e+01
3.374509429931640625e+01
3.428663635253906250e+01
3.426308441162109375e+01
3.426096725463867188e+01
3.475979614257812500e+01
3.555740356445312500e+01
3.602979660034179688e+01
3.630337905883789062e+01
3.596940994262695312e+01
3.537506866455078125e+01
3.452088928222656250e+01
3.413221740722656250e+01
3.386296844482421875e+01
3.394507980346679688e+01
3.415497589111328125e+01
3.425151062011718750e+01
3.401078796386718750e+01
3.376453781127929688e+01
3.415573883056640625e+01
3.558850479125976562e+01
3.564557647705078125e+01
3.463558959960937500e+01
3.460113143920898438e+01
3.602664566040039062e+01
3.637670898437500000e+01
3.645251846313476562e+01
3.623067092895507812e+01
3.552139282226562500e+01
3.470486831665039062e+01
3.408731842041015625e+01
3.372245788574218750e+01
3.358326721191406250e+01
3.372482299804687500e+01
3.388159942626953125e+01
3.375078964233398438e+01
3.372733688354492188e+01
3.378653717041015625e+01
3.379917907714843750e+01
3.365491867065429688e+01
3.363901901245117188e+01
3.349959564208984375e+01
3.333911895751953125e+01
3.334751129150390625e+01
3.349599075317382812e+01
3.368443298339843750e+01
3.385516738891601562e+01
3.393419265747070312e+01
3.409718322753906250e+01
3.422332382202148438e+01
3.429404067993164062e+01
3.447714233398437500e+01
3.462437820434570312e+01
3.440187454223632812e+01
3.429168701171875000e+01
3.430117034912109375e+01
3.409889984130859375e+01
3.409820556640625000e+01
3.410583114624023438e+01
3.420190811157226562e+01
3.418701934814453125e+01
3.422033691406250000e+01
3.421655654907226562e+01
3.429140853881835938e+01
3.468244171142578125e+01
3.442253494262695312e+01
3.422012710571289062e+01
3.393710708618164062e+01
3.375996398925781250e+01
3.378619384765625000e+01
3.393942642211914062e+01
3.423459243774414062e+01
3.431354522705078125e+01
3.429759216308593750e+01
3.426732254028320312e+01
3.400814437866210938e+01
3.371349716186523438e+01
3.380519866943359375e+01
3.361059188842773438e+01
3.341441726684570312e+01
