3.383935546875000000e+01
3.385745239257812500e+01
3.370654678344726562e+01
3.385952758789062500e+01
3.405176162719726562e+01
3.393878555297851562e+01
3.400382995605468750e+01
3.390353775024414062e+01
3.399419784545898438e+01
3.423836517333984375e+01
3.434616470336914062e+01
3.504480361938476562e+01
3.651919555664062500e+01
3.680851364135742188e+01
3.683839035034179688e+01
3.657806777954101562e+01
3.533521652221679688e+01
3.482011413574218750e+01
3.485895156860351562e+01
3.464630126953125000e+01
3.433227157592773438e+01
3.391208648681640625e+01
3.419838333129882812e+01
3.467568588256835938e+01
3.619525909423828125e+01
3.500024032592773438e+01
3.448957443237304688e+01
3.549301910400390625e+01
3.507243347167968750e+01
3.387809753417968750e+01
3.374957656860351562e+01
3.386732864379882812e+01
3.404193496704101562e+01
3.435605239868164062e+01
3.425903701782226562e+01
3.425656127929687500e+01
3.454256439208984375e+01
3.399795150756835938e+01
3.382807540893554688e+01
3.400019073486328125e+01
3.412076950073242188e+01
3.449571609497070312e+01
3.500601577758789062e+01
3.539410400390625000e+01
3.629872894287109375e+01
3.647957611083984375e+01
3.482848739624023438e+01
3.413770675659179688e+01
3.378932952880859375e+01
3.363767623901367188e+01
3.373105239868164062e+01
3.390647125244140625e+01
3.454287719726562500e+01
3.665262603759765625e+01
3.624884414672851562e+01
3.527468490600585938e+01
3.466230010986328125e+01
3.601546859741210938e+01
3.669177246093750000e+01
3.585201263427734375e+01
3.506725692749023438e+01
3.440137863159179688e+01
3.421209716796875000e+01
3.401316452026367188e+01
3.382626342773437500e+01
3.341612625122070312e+01
3.309505844116210938e+01
3.321002578735351562e+01
3.362926864624023438e+01
3.419166183471679688e+01
3.465831375122070312e+01
3.392232894897460938e+01
3.355470275878906250e+01
3.329975891113281250e+01
3.324532699584960938e+01
3.361918640136718750e+01
3.359965896606445312e+01
3.346870803833007812e+01
3.285250091552734375e+01
3.278211975097656250e+01
3.330646133422851562e+01
3.325355148315429688e+01
3.289698410034179688e+01
3.310922241210937500e+01
3.355547714233398438e+01
3.378891754150390625e+01
3.452708053588867188e+01
3.638625717163085938e+01
3.655837249755859375e+01
3.613501358032226562e+01
3.475258255004882812e+01
3.418195343017578125e+01
3.461720657348632812e+01
3.422749710083007812e+01
3.379098892211914062e+01
3.353941345214843750e+01
