3.719675827026367188e+01
3.751552200317382812e+01
3.753139877319335938e+01
3.744281005859375000e+01
3.734075164794921875e+01
3.740814208984375000e+01
3.747288513183593750e+01
3.739486312866210938e+01
3.722615051269531250e+01
3.704468536376953125e+01
3.714444732666015625e+01
3.729332351684570312e+01
3.729930114746093750e+01
3.725423431396484375e+01
3.741750335693359375e+01
3.747693634033203125e+01
3.744677352905273438e+01
3.747108840942382812e+01
3.759872817993164062e+01
3.746910476684570312e+01
3.723271942138671875e+01
3.708904266357421875e+01
3.713861465454101562e+01
3.744295501708984375e+01
3.747882843017578125e+01
3.727913284301757812e+01
3.738110733032226562e+01
3.743890380859375000e+01
3.727361679077148438e+01
3.676980590820312500e+01
3.604237365722656250e+01
3.558087158203125000e+01
3.548178100585937500e+01
3.523617553710937500e+01
3.534985351562500000e+01
3.523148727416992188e+01
3.551846694946289062e+01
3.614397048950195312e+01
3.628258132934570312e+01
3.640863418579101562e+01
3.646474456787109375e+01
3.637796783447265625e+01
3.626280975341796875e+01
3.614295959472656250e+01
3.646133041381835938e+01
3.683492279052734375e+01
3.699086761474609375e+01
3.701486206054687500e+01
3.700937271118164062e+01
3.701829528808593750e+01
3.704231643676757812e+01
3.710911941528320312e+01
3.705846786499023438e+01
3.705661010742187500e+01
3.713497543334960938e+01
3.713043594360351562e+01
3.715550994873046875e+01
3.721829986572265625e+01
3.712836456298828125e+01
3.715223693847656250e+01
3.733776092529296875e+01
3.721208953857421875e+01
3.704992294311523438e+01
3.708515167236328125e+01
3.697510528564453125e+01
3.691950988769531250e+01
3.705586624145507812e+01
3.719278717041015625e+01
3.707041931152343750e+01
3.689453887939453125e+01
3.679755401611328125e+01
3.674272918701171875e+01
3.686458969116210938e+01
3.722257614135742188e+01
3.757323837280273438e+01
3.779512405395507812e+01
3.778699493408203125e+01
3.780113601684570312e+01
3.769981765747070312e+01
3.767828369140625000e+01
3.774541473388671875e+01
3.794733428955078125e+01
3.806389999389648438e+01
3.823477554321289062e+01
3.843177413940429688e+01
3.843971633911132812e+01
3.820770263671875000e+01
3.801320648193359375e+01
3.779121017456054688e+01
3.762521362304687500e+01
3.748360824584960938e+01
3.742488098144531250e+01
3.774000167846679688e+01
3.812937545776367188e+01
3.845594406127929688e+01
3.859920501708984375e+01
3.856111145019531250e+01
