2.516566467285156250e+01
2.515409851074218750e+01
2.522524070739746094e+01
2.530117034912109375e+01
2.533294296264648438e+01
2.513316726684570312e+01
2.510155296325683594e+01
2.524835395812988281e+01
2.546768760681152344e+01
2.560908699035644531e+01
2.568908691406250000e+01
2.568653678894042969e+01
2.562558364868164062e+01
2.571299743652343750e+01
2.563262557983398438e+01
2.555626296997070312e+01
2.527723503112792969e+01
2.507540702819824219e+01
2.492302131652832031e+01
2.495958900451660156e+01
2.491184806823730469e+01
2.478805160522460938e+01
2.465447998046875000e+01
2.444372367858886719e+01
2.427877807617187500e+01
2.406862640380859375e+01
2.406782150268554688e+01
2.425124359130859375e+01
2.444078254699707031e+01
2.446938323974609375e+01
2.452474021911621094e+01
2.458111381530761719e+01
2.462845611572265625e+01
2.470920944213867188e+01
2.469890213012695312e+01
2.473897933959960938e+01
2.471138954162597656e+01
2.468348121643066406e+01
2.463338470458984375e+01
2.464389610290527344e+01
2.468001747131347656e+01
2.471744346618652344e+01
2.470762634277343750e+01
2.471405601501464844e+01
2.470396614074707031e+01
2.467047691345214844e+01
2.465043640136718750e+01
2.465970611572265625e+01
2.472200584411621094e+01
2.481896018981933594e+01
2.491864776611328125e+01
2.499954986572265625e+01
2.507667922973632812e+01
2.516122627258300781e+01
2.531969070434570312e+01
2.526747703552246094e+01
2.520934295654296875e+01
2.516960525512695312e+01
2.517969703674316406e+01
2.511126518249511719e+01
2.509786415100097656e+01
2.507914543151855469e+01
2.500515937805175781e+01
2.487661933898925781e+01
2.474660110473632812e+01
2.473595809936523438e+01
2.482028961181640625e+01
2.498550415039062500e+01
2.509474945068359375e+01
2.517142105102539062e+01
2.519755554199218750e+01
2.520417022705078125e+01
2.519953727722167969e+01
2.521498870849609375e+01
2.534102058410644531e+01
2.526705551147460938e+01
2.523906135559082031e+01
2.494820404052734375e+01
2.489101982116699219e+01
2.442009925842285156e+01
2.416192245483398438e+01
2.411398315429687500e+01
2.420075988769531250e+01
2.439921379089355469e+01
2.450656890869140625e+01
2.457268142700195312e+01
2.482195663452148438e+01
2.506487846374511719e+01
2.510845947265625000e+01
2.548130035400390625e+01
2.526926612854003906e+01
2.584255981445312500e+01
2.618043327331542969e+01
2.681335067749023438e+01
