3.081133079528808594e+01
3.056503868103027344e+01
3.058287239074707031e+01
3.095946502685546875e+01
3.243000030517578125e+01
3.299587249755859375e+01
3.276910018920898438e+01
3.263855361938476562e+01
3.251705932617187500e+01
3.237751007080078125e+01
3.230608749389648438e+01
3.209363555908203125e+01
3.205264282226562500e+01
3.204079818725585938e+01
3.181996726989746094e+01
3.165070533752441406e+01
3.136451148986816406e+01
3.098670768737792969e+01
3.083237648010253906e+01
3.083993339538574219e+01
3.066983985900878906e+01
3.052072334289550781e+01
3.060940361022949219e+01
3.100166320800781250e+01
3.132633590698242188e+01
3.140702056884765625e+01
3.143219566345214844e+01
3.146363067626953125e+01
3.159800720214843750e+01
3.143713951110839844e+01
3.109288978576660156e+01
3.096001243591308594e+01
3.103951454162597656e+01
3.137049674987792969e+01
3.196184539794921875e+01
3.238673782348632812e+01
3.228157424926757812e+01
3.177600669860839844e+01
3.176599693298339844e+01
3.179175758361816406e+01
3.173421478271484375e+01
3.173089408874511719e+01
3.211107254028320312e+01
3.273957443237304688e+01
3.302249526977539062e+01
3.298720169067382812e+01
3.276653289794921875e+01
3.236546707153320312e+01
3.222552490234375000e+01
3.168544578552246094e+01
3.160481452941894531e+01
3.124187278747558594e+01
3.090936279296875000e+01
3.144136238098144531e+01
3.177915954589843750e+01
3.178069496154785156e+01
3.184628295898437500e+01
3.157814979553222656e+01
3.165964126586914062e+01
3.169535064697265625e+01
3.161925125122070312e+01
3.162461662292480469e+01
3.180590629577636719e+01
3.144464111328125000e+01
3.123344612121582031e+01
3.148284149169921875e+01
3.170417022705078125e+01
3.162109565734863281e+01
3.147232246398925781e+01
3.137645912170410156e+01
3.149499893188476562e+01
3.172170066833496094e+01
3.186022377014160156e+01
3.202769088745117188e+01
3.219308090209960938e+01
3.228739547729492188e+01
3.223573684692382812e+01
3.196464729309082031e+01
3.152678871154785156e+01
3.119882583618164062e+01
3.095047187805175781e+01
3.091820144653320312e+01
3.102684974670410156e+01
3.123691940307617188e+01
3.147665405273437500e+01
3.161440086364746094e+01
3.160475349426269531e+01
3.171146583557128906e+01
3.179891395568847656e+01
3.184125328063964844e+01
3.154606437683105469e+01
3.120072746276855469e+01
3.128917503356933594e+01
3.164814567565917969e+01
3.166275978088378906e+01
3.146320915222167969e+01
3.174958992004394531e+01
3.221825027465820312e+01
3.265542602539062500e+01
3.279319000244140625e+01
3.217528152465820312e+01
3.179212379455566406e+01
3.224752807617187500e+01
3.219778442382812500e+01
3.175342750549316406e+01
3.136940574645996094e+01
3.113453865051269531e+01
3.105372238159179688e+01
