3.168392181396484375e+01
3.162583732604980469e+01
3.143313217163085938e+01
3.103064155578613281e+01
3.147420310974121094e+01
3.200333786010742188e+01
3.189001846313476562e+01
3.190252876281738281e+01
3.204330825805664062e+01
3.204829788208007812e+01
3.218859100341796875e+01
3.259055328369140625e+01
3.260462951660156250e+01
3.261113739013671875e+01
3.269469833374023438e+01
3.233996963500976562e+01
3.154646682739257812e+01
3.084896469116210938e+01
3.052220535278320312e+01
3.042783355712890625e+01
3.058859825134277344e+01
3.122763252258300781e+01
3.154961776733398438e+01
3.122633934020996094e+01
3.139195251464843750e+01
3.172734260559082031e+01
3.200127410888671875e+01
3.225319671630859375e+01
3.243035888671875000e+01
3.242396163940429688e+01
3.234367370605468750e+01
3.233906555175781250e+01
3.214379882812500000e+01
3.200664138793945312e+01
3.183333015441894531e+01
3.179929161071777344e+01
3.161167526245117188e+01
3.168001747131347656e+01
3.198165130615234375e+01
3.221563720703125000e+01
3.221231842041015625e+01
3.224757385253906250e+01
3.169718360900878906e+01
3.129195213317871094e+01
3.149234008789062500e+01
3.237401199340820312e+01
3.299439239501953125e+01
3.288068008422851562e+01
3.248737716674804688e+01
3.209071731567382812e+01
3.188809776306152344e+01
3.184180450439453125e+01
3.175252723693847656e+01
3.070473289489746094e+01
3.003024291992187500e+01
3.065636634826660156e+01
3.133184051513671875e+01
3.161734771728515625e+01
3.141053581237792969e+01
3.115549850463867188e+01
3.118313407897949219e+01
3.089470291137695312e+01
3.108984375000000000e+01
3.122523498535156250e+01
3.089667129516601562e+01
3.035583686828613281e+01
2.996500205993652344e+01
3.025209999084472656e+01
3.057653236389160156e+01
3.085294914245605469e+01
3.088364028930664062e+01
3.063970375061035156e+01
3.047006797790527344e+01
3.034079742431640625e+01
2.983201789855957031e+01
2.968272209167480469e+01
2.985673332214355469e+01
3.036663627624511719e+01
3.087235069274902344e+01
3.083505439758300781e+01
3.056569099426269531e+01
3.016965103149414062e+01
2.992852592468261719e+01
2.993155860900878906e+01
2.965383911132812500e+01
2.948694229125976562e+01
2.934991455078125000e+01
2.904280471801757812e+01
2.902270317077636719e+01
2.911271858215332031e+01
2.922863197326660156e+01
2.931096839904785156e+01
2.978285980224609375e+01
3.087072563171386719e+01
3.164654731750488281e+01
3.197216224670410156e+01
3.172594070434570312e+01
3.144169425964355469e+01
3.134536552429199219e+01
3.130801582336425781e+01
3.131749725341796875e+01
3.109032630920410156e+01
3.087507820129394531e+01
3.061540794372558594e+01
3.107830429077148438e+01
3.189342689514160156e+01
3.249187088012695312e+01
3.248115158081054688e+01
3.228160095214843750e+01
3.233415603637695312e+01
