2.210140419006347656e+01
2.199239158630371094e+01
2.197418403625488281e+01
2.230018234252929688e+01
2.346128845214843750e+01
2.457192420959472656e+01
2.603046226501464844e+01
2.614435768127441406e+01
2.522654914855957031e+01
2.414808082580566406e+01
2.287116622924804688e+01
2.265847015380859375e+01
2.244297981262207031e+01
2.244666862487792969e+01
2.244860649108886719e+01
2.251113128662109375e+01
2.253635597229003906e+01
2.255972862243652344e+01
2.295640563964843750e+01
2.277529716491699219e+01
2.278190803527832031e+01
2.263086128234863281e+01
2.269041633605957031e+01
2.289373970031738281e+01
2.329192924499511719e+01
2.374387359619140625e+01
2.398685646057128906e+01
2.412990570068359375e+01
2.369908142089843750e+01
2.345151710510253906e+01
2.348787879943847656e+01
2.347495651245117188e+01
2.371781730651855469e+01
2.382046318054199219e+01
2.386559104919433594e+01
2.373554611206054688e+01
2.367653846740722656e+01
2.356577873229980469e+01
2.327622032165527344e+01
2.301673126220703125e+01
2.296054458618164062e+01
2.296791267395019531e+01
2.287360763549804688e+01
2.288290214538574219e+01
2.295109558105468750e+01
2.303751945495605469e+01
2.325694656372070312e+01
2.351180458068847656e+01
2.363477706909179688e+01
2.358848762512207031e+01
2.352742195129394531e+01
2.343674278259277344e+01
2.342873954772949219e+01
2.349586105346679688e+01
2.359426689147949219e+01
2.374102401733398438e+01
2.385249328613281250e+01
2.387882995605468750e+01
2.373910903930664062e+01
2.355661773681640625e+01
2.346743202209472656e+01
2.334232139587402344e+01
2.327229118347167969e+01
2.323551177978515625e+01
2.333501625061035156e+01
2.343665885925292969e+01
2.351078224182128906e+01
2.355182456970214844e+01
2.351138877868652344e+01
2.352268791198730469e+01
2.347230529785156250e+01
2.341570472717285156e+01
2.338617897033691406e+01
2.339287376403808594e+01
2.334423065185546875e+01
2.330724716186523438e+01
2.328265571594238281e+01
2.327430725097656250e+01
2.333542823791503906e+01
2.340507316589355469e+01
2.327960205078125000e+01
2.313929939270019531e+01
2.298787117004394531e+01
2.309220695495605469e+01
2.310090065002441406e+01
2.323457527160644531e+01
2.335554504394531250e+01
2.329122543334960938e+01
2.323478698730468750e+01
2.296782684326171875e+01
2.276023674011230469e+01
2.254542922973632812e+01
2.248057365417480469e+01
2.239616012573242188e+01
2.233766365051269531e+01
2.232391357421875000e+01
2.229905891418457031e+01
2.245627403259277344e+01
2.251415252685546875e+01
2.258823966979980469e+01
2.268219757080078125e+01
2.271455383300781250e+01
2.254430389404296875e+01
2.236176109313964844e+01
2.247152709960937500e+01
2.252923774719238281e+01
2.259265136718750000e+01
2.276566123962402344e+01
2.252611351013183594e+01
