3.477294540405273438e+01
3.652832412719726562e+01
3.599419021606445312e+01
3.573281478881835938e+01
3.595917892456054688e+01
3.648712158203125000e+01
3.656919479370117188e+01
3.691610336303710938e+01
3.670114135742187500e+01
3.687123870849609375e+01
3.679720687866210938e+01
3.673714828491210938e+01
3.694680023193359375e+01
3.678839492797851562e+01
3.676383590698242188e+01
3.696430587768554688e+01
3.700742721557617188e+01
3.682814025878906250e+01
3.705622482299804688e+01
3.748527526855468750e+01
3.781151580810546875e+01
3.777798843383789062e+01
3.756658935546875000e+01
3.746439743041992188e+01
3.736396026611328125e+01
3.734789657592773438e+01
3.749969482421875000e+01
3.751139831542968750e+01
3.703308105468750000e+01
3.573796081542968750e+01
3.533819580078125000e+01
3.633460617065429688e+01
3.734729766845703125e+01
3.760302734375000000e+01
3.759870147705078125e+01
3.736638259887695312e+01
3.757516479492187500e+01
3.773321914672851562e+01
3.764130783081054688e+01
3.775253677368164062e+01
3.793391799926757812e+01
3.808742904663085938e+01
3.801850128173828125e+01
3.787445068359375000e+01
3.771114349365234375e+01
3.752608871459960938e+01
3.745143508911132812e+01
3.765998840332031250e+01
3.763236999511718750e+01
3.739670181274414062e+01
3.725654983520507812e+01
3.724251937866210938e+01
3.740203857421875000e+01
3.751364135742187500e+01
3.738581848144531250e+01
3.725147628784179688e+01
3.723586654663085938e+01
3.716190719604492188e+01
3.690401840209960938e+01
3.705311584472656250e+01
3.734548187255859375e+01
3.793487167358398438e+01
3.827181243896484375e+01
3.825471878051757812e+01
3.815085220336914062e+01
3.810178375244140625e+01
3.790140533447265625e+01
3.763589477539062500e+01
3.766607284545898438e+01
3.781276321411132812e+01
3.768542480468750000e+01
3.756533432006835938e+01
3.719457626342773438e+01
3.694653701782226562e+01
3.680307006835937500e+01
3.677260208129882812e+01
3.672186279296875000e+01
3.704067230224609375e+01
3.760543823242187500e+01
3.778760910034179688e+01
3.751840209960937500e+01
3.698412704467773438e+01
3.618431091308593750e+01
3.577212142944335938e+01
3.565923690795898438e+01
3.580022430419921875e+01
3.552471542358398438e+01
3.581348037719726562e+01
3.570124816894531250e+01
3.483050537109375000e+01
3.470133209228515625e+01
3.528053283691406250e+01
3.615902328491210938e+01
3.654734420776367188e+01
3.632530212402343750e+01
3.509239196777343750e+01
3.490831375122070312e+01
