3.565444946289062500e+01
3.541890335083007812e+01
3.541373825073242188e+01
3.574598693847656250e+01
3.624818420410156250e+01
3.674071884155273438e+01
3.699459075927734375e+01
3.726162719726562500e+01
3.726865768432617188e+01
3.732580184936523438e+01
3.695127105712890625e+01
3.616480636596679688e+01
3.643422698974609375e+01
3.694413375854492188e+01
3.713057327270507812e+01
3.720121383666992188e+01
3.719680786132812500e+01
3.671746444702148438e+01
3.624513626098632812e+01
3.619507980346679688e+01
3.634215545654296875e+01
3.665793228149414062e+01
3.704714202880859375e+01
3.730484771728515625e+01
3.728952026367187500e+01
3.719060134887695312e+01
3.675425338745117188e+01
3.600682830810546875e+01
3.544097137451171875e+01
3.563940811157226562e+01
3.644037628173828125e+01
3.674703216552734375e+01
3.626690292358398438e+01
3.524875640869140625e+01
3.478945159912109375e+01
3.464874649047851562e+01
3.471020507812500000e+01
3.494155502319335938e+01
3.474308776855468750e+01
3.448611831665039062e+01
3.446012496948242188e+01
3.456134414672851562e+01
3.453859329223632812e+01
3.479810714721679688e+01
3.463188552856445312e+01
3.419820785522460938e+01
3.427280807495117188e+01
3.466457748413085938e+01
3.438331985473632812e+01
3.407160568237304688e+01
3.377843093872070312e+01
3.366548538208007812e+01
3.371465301513671875e+01
3.397371673583984375e+01
3.432061767578125000e+01
3.476506042480468750e+01
3.506594467163085938e+01
3.508333969116210938e+01
3.514477920532226562e+01
3.509356689453125000e+01
3.522728729248046875e+01
3.523701858520507812e+01
3.515973663330078125e+01
3.516609573364257812e+01
3.515776443481445312e+01
3.536263656616210938e+01
3.527738952636718750e+01
3.507936859130859375e+01
3.531925582885742188e+01
3.601821899414062500e+01
3.593867492675781250e+01
3.554965209960937500e+01
3.537985229492187500e+01
3.519734573364257812e+01
3.510527038574218750e+01
3.497850799560546875e+01
3.492982101440429688e+01
3.468407058715820312e+01
3.441510009765625000e+01
3.426354980468750000e+01
3.436251831054687500e+01
3.461336898803710938e+01
3.479997634887695312e+01
3.485152816772460938e+01
3.489734649658203125e+01
3.519118499755859375e+01
3.564985656738281250e+01
3.607928466796875000e+01
3.598845672607421875e+01
3.557175445556640625e+01
3.487276458740234375e+01
3.403460693359375000e+01
3.366431045532226562e+01
3.381749343872070312e+01
3.419507598876953125e+01
3.475271606445312500e+01
3.621707153320312500e+01
3.649330902099609375e+01
3.589168930053710938e+01
3.536559295654296875e+01
3.539098739624023438e+01
3.441067123413085938e+01
