2.973744201660156250e+01
3.018948173522949219e+01
3.026458549499511719e+01
3.022778701782226562e+01
3.013920402526855469e+01
3.037963104248046875e+01
3.090988540649414062e+01
3.068483734130859375e+01
3.044373130798339844e+01
2.878390121459960938e+01
2.885581016540527344e+01
2.936772537231445312e+01
2.971328163146972656e+01
2.990479850769042969e+01
3.013727760314941406e+01
3.019150924682617188e+01
3.086811256408691406e+01
3.177986717224121094e+01
3.188179969787597656e+01
3.145045089721679688e+01
3.093498611450195312e+01
3.063022613525390625e+01
3.073368453979492188e+01
3.113169479370117188e+01
3.078898620605468750e+01
3.060943794250488281e+01
3.068970298767089844e+01
3.068808746337890625e+01
3.086043357849121094e+01
3.087839698791503906e+01
3.100478553771972656e+01
3.108409500122070312e+01
3.104879951477050781e+01
3.107799911499023438e+01
3.115466117858886719e+01
3.110699844360351562e+01
3.109813308715820312e+01
3.116992378234863281e+01
3.127008247375488281e+01
3.130805015563964844e+01
3.094739913940429688e+01
3.072283172607421875e+01
3.095150566101074219e+01
3.125924873352050781e+01
3.123572349548339844e+01
3.093374633789062500e+01
3.038247871398925781e+01
2.990247154235839844e+01
2.934123992919921875e+01
2.925760269165039062e+01
2.975323295593261719e+01
2.999472808837890625e+01
3.021058082580566406e+01
3.004130172729492188e+01
2.984737586975097656e+01
2.985160827636718750e+01
2.997539329528808594e+01
2.991106414794921875e+01
2.969208145141601562e+01
2.940906906127929688e+01
2.910044479370117188e+01
2.908980369567871094e+01
2.921555900573730469e+01
2.930573081970214844e+01
2.950224685668945312e+01
2.960376358032226562e+01
3.000109863281250000e+01
3.017054557800292969e+01
3.016117668151855469e+01
3.003704452514648438e+01
2.968085289001464844e+01
2.962047767639160156e+01
2.960526657104492188e+01
2.955745506286621094e+01
2.949447441101074219e+01
2.928928375244140625e+01
2.906817245483398438e+01
2.877584838867187500e+01
2.866843032836914062e+01
2.867182350158691406e+01
2.874185371398925781e+01
2.876449584960937500e+01
2.886744689941406250e+01
2.939208984375000000e+01
2.978817367553710938e+01
2.992413902282714844e+01
2.971848106384277344e+01
2.919328689575195312e+01
2.874004554748535156e+01
2.853346443176269531e+01
2.857349586486816406e+01
2.909666442871093750e+01
2.908126449584960938e+01
2.892020416259765625e+01
2.877116394042968750e+01
2.795770645141601562e+01
2.773350715637207031e+01
2.797205734252929688e+01
2.836105728149414062e+01
2.883337593078613281e+01
2.888674926757812500e+01
