3.349668884277343750e+01
3.309874725341796875e+01
3.265310287475585938e+01
3.224989700317382812e+01
3.220683288574218750e+01
3.251093673706054688e+01
3.260509490966796875e+01
3.267682266235351562e+01
3.245160293579101562e+01
3.212384414672851562e+01
3.189235877990722656e+01
3.226877212524414062e+01
3.244559478759765625e+01
3.264675903320312500e+01
3.310300827026367188e+01
3.328673934936523438e+01
3.394631958007812500e+01
3.426803588867187500e+01
3.406858825683593750e+01
3.412929153442382812e+01
3.404419708251953125e+01
3.385896682739257812e+01
3.390245056152343750e+01
3.394195938110351562e+01
3.589114761352539062e+01
3.645273971557617188e+01
3.648426818847656250e+01
3.661040496826171875e+01
3.668263626098632812e+01
3.691117095947265625e+01
3.667936706542968750e+01
3.555911636352539062e+01
3.512210464477539062e+01
3.510439300537109375e+01
3.566553115844726562e+01
3.593154525756835938e+01
3.535240173339843750e+01
3.564074325561523438e+01
3.548357009887695312e+01
3.564252471923828125e+01
3.591139602661132812e+01
3.582973098754882812e+01
3.517152786254882812e+01
3.438782501220703125e+01
3.406593322753906250e+01
3.381747055053710938e+01
3.347956466674804688e+01
3.299301910400390625e+01
3.268507385253906250e+01
3.259516525268554688e+01
3.289311981201171875e+01
3.326235961914062500e+01
3.399921035766601562e+01
3.470814132690429688e+01
3.481591415405273438e+01
3.449218368530273438e+01
3.390176010131835938e+01
3.319145202636718750e+01
3.315816497802734375e+01
3.353235626220703125e+01
3.436919784545898438e+01
3.430737304687500000e+01
3.414402008056640625e+01
3.377872085571289062e+01
3.360267257690429688e+01
3.364191055297851562e+01
3.352361679077148438e+01
3.406859207153320312e+01
3.451280593872070312e+01
3.450269699096679688e+01
3.433869934082031250e+01
3.412840652465820312e+01
3.406338500976562500e+01
3.416099929809570312e+01
3.399115753173828125e+01
3.390748596191406250e+01
3.376553344726562500e+01
3.383171844482421875e+01
3.366627502441406250e+01
3.326508712768554688e+01
3.309843063354492188e+01
3.342898559570312500e+01
3.319222640991210938e+01
3.298886489868164062e+01
3.302647399902343750e+01
3.321619033813476562e+01
3.325584793090820312e+01
3.332610702514648438e+01
3.340137863159179688e+01
3.317999267578125000e+01
3.297500610351562500e+01
3.325273132324218750e+01
3.340463638305664062e+01
3.424718093872070312e+01
3.330232620239257812e+01
3.296636962890625000e+01
3.435497665405273438e+01
