3.735649490356445312e+01
3.729122161865234375e+01
3.714485549926757812e+01
3.719192504882812500e+01
3.730622100830078125e+01
3.749359893798828125e+01
3.751063919067382812e+01
3.734537124633789062e+01
3.637898254394531250e+01
3.454392242431640625e+01
3.367450332641601562e+01
3.330125808715820312e+01
3.323091888427734375e+01
3.365620803833007812e+01
3.360455322265625000e+01
3.419499969482421875e+01
3.461363601684570312e+01
3.416099166870117188e+01
3.371086883544921875e+01
3.331322097778320312e+01
3.369092178344726562e+01
3.387418365478515625e+01
3.374039459228515625e+01
3.406731033325195312e+01
3.562630081176757812e+01
3.525466156005859375e+01
3.618638992309570312e+01
3.576178359985351562e+01
3.533555603027343750e+01
3.438422012329101562e+01
3.441207504272460938e+01
3.460993194580078125e+01
3.501504135131835938e+01
3.493921279907226562e+01
3.479073715209960938e+01
3.446083068847656250e+01
3.412128448486328125e+01
3.397851181030273438e+01
3.420192718505859375e+01
3.494113540649414062e+01
3.584267425537109375e+01
3.596123886108398438e+01
3.597272491455078125e+01
3.538745117187500000e+01
3.556582641601562500e+01
3.638302993774414062e+01
3.681995391845703125e+01
3.691424942016601562e+01
3.686427688598632812e+01
3.668648529052734375e+01
3.567613220214843750e+01
3.543020629882812500e+01
3.601509475708007812e+01
3.647307586669921875e+01
3.650629425048828125e+01
3.575458908081054688e+01
3.605404663085937500e+01
3.602383422851562500e+01
3.616794204711914062e+01
3.706401443481445312e+01
3.740316390991210938e+01
3.744087982177734375e+01
3.753142166137695312e+01
3.776037216186523438e+01
3.776433181762695312e+01
3.781914520263671875e+01
3.778762435913085938e+01
3.778160858154296875e+01
3.732670211791992188e+01
3.622957611083984375e+01
3.525439071655273438e+01
3.613395690917968750e+01
3.542259979248046875e+01
3.464430618286132812e+01
3.445078659057617188e+01
3.418930053710937500e+01
3.467481994628906250e+01
3.698175811767578125e+01
3.808528518676757812e+01
3.759262847900390625e+01
3.736433792114257812e+01
3.756333160400390625e+01
3.667114257812500000e+01
3.569612503051757812e+01
3.620166015625000000e+01
3.703704452514648438e+01
3.698686981201171875e+01
3.672764205932617188e+01
3.687953948974609375e+01
3.684964370727539062e+01
3.692636108398437500e+01
3.681597518920898438e+01
3.641641998291015625e+01
3.482640457153320312e+01
3.348502349853515625e+01
3.365626907348632812e+01
3.383870315551757812e+01
3.330412292480468750e+01
3.309664154052734375e+01
