2.669688415527343750e+01
2.823429870605468750e+01
2.906309509277343750e+01
2.927003479003906250e+01
2.949096488952636719e+01
2.928857421875000000e+01
2.891244506835937500e+01
2.863391304016113281e+01
2.845091056823730469e+01
2.844842338562011719e+01
2.817078590393066406e+01
2.795510292053222656e+01
2.769735717773437500e+01
2.747004890441894531e+01
2.741430473327636719e+01
2.749645614624023438e+01
2.783436393737792969e+01
2.791026306152343750e+01
2.774842643737792969e+01
2.774997329711914062e+01
2.762991714477539062e+01
2.744261169433593750e+01
2.732425880432128906e+01
2.734034919738769531e+01
2.738817977905273438e+01
2.754544067382812500e+01
2.768631935119628906e+01
2.780648994445800781e+01
2.786185646057128906e+01
2.775770759582519531e+01
2.764689445495605469e+01
2.778845405578613281e+01
2.813797569274902344e+01
2.825098800659179688e+01
2.815873718261718750e+01
2.813914299011230469e+01
2.821809959411621094e+01
2.824248504638671875e+01
2.821241378784179688e+01
2.821730804443359375e+01
2.841107749938964844e+01
2.855249023437500000e+01
2.869945526123046875e+01
2.891073036193847656e+01
2.916618537902832031e+01
2.933049392700195312e+01
2.923541641235351562e+01
2.898983001708984375e+01
2.883545303344726562e+01
2.879415702819824219e+01
2.863635444641113281e+01
2.856574821472167969e+01
2.852965927124023438e+01
2.831150054931640625e+01
2.813106536865234375e+01
2.810548019409179688e+01
2.831605148315429688e+01
2.866529083251953125e+01
2.888856697082519531e+01
2.898534011840820312e+01
2.897197532653808594e+01
2.898044967651367188e+01
2.904758071899414062e+01
2.914156913757324219e+01
2.901805686950683594e+01
2.882188034057617188e+01
2.861362457275390625e+01
2.863312149047851562e+01
2.875965881347656250e+01
2.882342910766601562e+01
2.889049720764160156e+01
2.888021469116210938e+01
2.893564987182617188e+01
2.905158996582031250e+01
2.926563262939453125e+01
2.937945556640625000e+01
2.950425720214843750e+01
2.956122398376464844e+01
2.960934257507324219e+01
2.957758903503417969e+01
2.956898498535156250e+01
2.945044517517089844e+01
2.923189353942871094e+01
2.907776451110839844e+01
2.898489952087402344e+01
2.881660652160644531e+01
2.849617195129394531e+01
2.814082527160644531e+01
2.782792663574218750e+01
2.760715484619140625e+01
2.754676818847656250e+01
2.737565803527832031e+01
2.716747856140136719e+01
2.736369514465332031e+01
2.779318618774414062e+01
2.790385437011718750e+01
2.811774826049804688e+01
2.860220909118652344e+01
2.890654182434082031e+01
2.868650245666503906e+01
2.857517814636230469e+01
2.865440940856933594e+01
2.844083595275878906e+01
2.848714256286621094e+01
2.839426422119140625e+01
