2.535495185852050781e+01
2.499604225158691406e+01
2.473235893249511719e+01
2.382785034179687500e+01
2.260798072814941406e+01
2.233515357971191406e+01
2.245995521545410156e+01
2.306527519226074219e+01
2.360134124755859375e+01
2.423591232299804688e+01
2.481261062622070312e+01
2.493407821655273438e+01
2.496501731872558594e+01
2.491025733947753906e+01
2.487420272827148438e+01
2.475374031066894531e+01
2.432744979858398438e+01
2.407613754272460938e+01
2.406434822082519531e+01
2.395672607421875000e+01
2.415179824829101562e+01
2.420539474487304688e+01
2.413075256347656250e+01
2.425726127624511719e+01
2.443358421325683594e+01
2.460595512390136719e+01
2.484615516662597656e+01
2.472286796569824219e+01
2.473751831054687500e+01
2.463717460632324219e+01
2.482833480834960938e+01
2.521155357360839844e+01
2.551926422119140625e+01
2.574714279174804688e+01
2.574035644531250000e+01
2.566798400878906250e+01
2.545783615112304688e+01
2.501124382019042969e+01
2.477136230468750000e+01
2.460184669494628906e+01
2.446761512756347656e+01
2.439476966857910156e+01
2.419425010681152344e+01
2.394731712341308594e+01
2.371840476989746094e+01
2.339174652099609375e+01
2.316800689697265625e+01
2.309656906127929688e+01
2.308880043029785156e+01
2.315357780456542969e+01
2.330786323547363281e+01
2.349142265319824219e+01
2.356994819641113281e+01
2.358101844787597656e+01
2.367472457885742188e+01
2.369915580749511719e+01
2.374860572814941406e+01
2.379522132873535156e+01
2.371317100524902344e+01
2.358136749267578125e+01
2.342389488220214844e+01
2.331731224060058594e+01
2.325667572021484375e+01
2.326856231689453125e+01
2.322353553771972656e+01
2.313461494445800781e+01
2.313035583496093750e+01
2.315237426757812500e+01
2.324969673156738281e+01
2.333878135681152344e+01
2.335617828369140625e+01
2.329114341735839844e+01
2.319435310363769531e+01
2.308026123046875000e+01
2.300560951232910156e+01
2.296608161926269531e+01
2.301244735717773438e+01
2.316049766540527344e+01
2.331534004211425781e+01
2.342921829223632812e+01
2.353359222412109375e+01
2.356449508666992188e+01
2.336275672912597656e+01
2.329094314575195312e+01
2.327755355834960938e+01
2.337610244750976562e+01
2.334288024902343750e+01
2.328098297119140625e+01
2.329851531982421875e+01
2.330871009826660156e+01
2.318518447875976562e+01
2.314475440979003906e+01
2.323501586914062500e+01
2.340461730957031250e+01
2.364447784423828125e+01
2.384126281738281250e+01
2.390185356140136719e+01
2.397618103027343750e+01
2.429599571228027344e+01
2.488745307922363281e+01
2.558493423461914062e+01
2.569141960144042969e+01
2.570399475097656250e+01
2.600102043151855469e+01
