2.624724578857421875e+01
2.658583831787109375e+01
2.730949592590332031e+01
2.778705215454101562e+01
2.809345054626464844e+01
2.813201713562011719e+01
2.816884803771972656e+01
2.821167564392089844e+01
2.830137634277343750e+01
2.832186889648437500e+01
2.843011093139648438e+01
2.843651008605957031e+01
2.856179237365722656e+01
2.873290443420410156e+01
2.871732330322265625e+01
2.850719451904296875e+01
2.825598907470703125e+01
2.816088485717773438e+01
2.817440795898437500e+01
2.826118850708007812e+01
2.836447525024414062e+01
2.851976776123046875e+01
2.859218597412109375e+01
2.860005569458007812e+01
2.864927864074707031e+01
2.867452239990234375e+01
2.870794677734375000e+01
2.880547714233398438e+01
2.893076705932617188e+01
2.885778617858886719e+01
2.873732185363769531e+01
2.862129974365234375e+01
2.871149444580078125e+01
2.906002998352050781e+01
2.953740692138671875e+01
2.968761062622070312e+01
2.968252754211425781e+01
2.973933601379394531e+01
2.967572402954101562e+01
2.958023643493652344e+01
2.928943443298339844e+01
2.911510276794433594e+01
2.893542289733886719e+01
2.867119789123535156e+01
2.831468009948730469e+01
2.820712089538574219e+01
2.818432044982910156e+01
2.830840682983398438e+01
2.832312011718750000e+01
2.831549453735351562e+01
2.848475837707519531e+01
2.858846473693847656e+01
2.852621650695800781e+01
2.855493164062500000e+01
2.861686515808105469e+01
2.858101081848144531e+01
2.837770080566406250e+01
2.822705650329589844e+01
2.819664382934570312e+01
2.813300514221191406e+01
2.812990188598632812e+01
2.817879676818847656e+01
2.821747016906738281e+01
2.831732177734375000e+01
2.849143791198730469e+01
2.843890571594238281e+01
2.833819007873535156e+01
2.840146064758300781e+01
2.849333381652832031e+01
2.854389953613281250e+01
2.847702407836914062e+01
2.841283607482910156e+01
2.836180877685546875e+01
2.842558670043945312e+01
2.861672019958496094e+01
2.886758995056152344e+01
2.904850769042968750e+01
2.927387237548828125e+01
2.919142913818359375e+01
2.900047874450683594e+01
2.892548561096191406e+01
2.899109840393066406e+01
2.885500717163085938e+01
2.868473815917968750e+01
2.834851074218750000e+01
2.810369873046875000e+01
2.811615180969238281e+01
2.829325103759765625e+01
2.854570198059082031e+01
2.867777442932128906e+01
2.861543655395507812e+01
2.845692062377929688e+01
2.844228172302246094e+01
2.852164649963378906e+01
2.860630607604980469e+01
2.858835029602050781e+01
2.871346664428710938e+01
2.923271751403808594e+01
