3.088283920288085938e+01
3.078612518310546875e+01
3.069186782836914062e+01
3.035620498657226562e+01
2.981987953186035156e+01
2.955488777160644531e+01
2.969036674499511719e+01
2.968606758117675781e+01
2.917721176147460938e+01
2.902869415283203125e+01
2.942833518981933594e+01
2.972179603576660156e+01
2.988534355163574219e+01
3.008688545227050781e+01
3.019278526306152344e+01
3.032693672180175781e+01
3.043823242187500000e+01
3.053890991210937500e+01
3.021250534057617188e+01
3.006883049011230469e+01
2.994168090820312500e+01
2.976405906677246094e+01
2.977526855468750000e+01
2.982274246215820312e+01
2.966471290588378906e+01
2.952935981750488281e+01
2.947678947448730469e+01
2.948321342468261719e+01
2.938942909240722656e+01
2.927963829040527344e+01
2.927745628356933594e+01
2.927190589904785156e+01
2.928257942199707031e+01
2.925215721130371094e+01
2.915502548217773438e+01
2.909169006347656250e+01
2.910196876525878906e+01
2.923792076110839844e+01
2.928655052185058594e+01
2.912569427490234375e+01
2.897418212890625000e+01
2.886792182922363281e+01
2.899199295043945312e+01
2.912185668945312500e+01
2.936638069152832031e+01
2.963798141479492188e+01
2.953723716735839844e+01
2.907918739318847656e+01
2.868028831481933594e+01
2.875231742858886719e+01
2.930148506164550781e+01
3.008489227294921875e+01
2.965913391113281250e+01
2.929627037048339844e+01
2.907771873474121094e+01
2.917981719970703125e+01
2.936817741394042969e+01
2.933889579772949219e+01
2.935234451293945312e+01
2.935590362548828125e+01
2.940526199340820312e+01
2.936316871643066406e+01
2.923403739929199219e+01
2.918173599243164062e+01
2.911992454528808594e+01
2.905062866210937500e+01
2.897756576538085938e+01
2.893900871276855469e+01
2.888738632202148438e+01
2.890304183959960938e+01
2.883292770385742188e+01
2.871967315673828125e+01
2.874079513549804688e+01
2.871251678466796875e+01
2.881860351562500000e+01
2.890974044799804688e+01
2.907378005981445312e+01
2.915188980102539062e+01
2.934132194519042969e+01
2.972225570678710938e+01
2.985917663574218750e+01
2.969035530090332031e+01
2.952715873718261719e+01
2.930077552795410156e+01
2.913977813720703125e+01
2.896432304382324219e+01
2.907808685302734375e+01
2.928743171691894531e+01
2.939437866210937500e+01
2.959681701660156250e+01
2.973656845092773438e+01
2.985737800598144531e+01
2.965330123901367188e+01
2.944867515563964844e+01
2.970822525024414062e+01
3.030117225646972656e+01
3.072676467895507812e+01
3.103130722045898438e+01
3.105717468261718750e+01
3.086487388610839844e+01
3.067373466491699219e+01
2.998607254028320312e+01
2.978647613525390625e+01
2.940556907653808594e+01
