3.364774703979492188e+01
3.387818145751953125e+01
3.395280838012695312e+01
3.413431167602539062e+01
3.430687713623046875e+01
3.414950942993164062e+01
3.412895584106445312e+01
3.403559112548828125e+01
3.406091690063476562e+01
3.401368331909179688e+01
3.369925689697265625e+01
3.351675796508789062e+01
3.300414657592773438e+01
3.252647399902343750e+01
3.261714553833007812e+01
3.270848846435546875e+01
3.276825332641601562e+01
3.276503372192382812e+01
3.273152542114257812e+01
3.256884002685546875e+01
3.257979583740234375e+01
3.271672821044921875e+01
3.298597717285156250e+01
3.299206542968750000e+01
3.301573181152343750e+01
3.305701065063476562e+01
3.320409393310546875e+01
3.344581985473632812e+01
3.363628768920898438e+01
3.340461730957031250e+01
3.308262252807617188e+01
3.298321914672851562e+01
3.295435333251953125e+01
3.286220550537109375e+01
3.284573745727539062e+01
3.317129135131835938e+01
3.332228851318359375e+01
3.335997009277343750e+01
3.354386901855468750e+01
3.374483871459960938e+01
3.407967758178710938e+01
3.423862838745117188e+01
3.432870101928710938e+01
3.361899948120117188e+01
3.327784347534179688e+01
3.338444519042968750e+01
3.349182128906250000e+01
3.365703201293945312e+01
3.363288879394531250e+01
3.371944046020507812e+01
3.440090179443359375e+01
3.486580276489257812e+01
3.447607421875000000e+01
3.443087387084960938e+01
3.385847473144531250e+01
3.344563293457031250e+01
3.359268569946289062e+01
3.356552505493164062e+01
3.376312637329101562e+01
3.408468246459960938e+01
3.413290786743164062e+01
3.424085235595703125e+01
3.427709197998046875e+01
3.436048507690429688e+01
3.434844207763671875e+01
3.447430038452148438e+01
3.481315994262695312e+01
3.496653747558593750e+01
3.482526779174804688e+01
3.477552795410156250e+01
3.454741668701171875e+01
3.433190536499023438e+01
3.435886001586914062e+01
3.479942703247070312e+01
3.468806838989257812e+01
3.505034637451171875e+01
3.512426376342773438e+01
3.440269851684570312e+01
3.429598617553710938e+01
3.371851730346679688e+01
3.329408264160156250e+01
3.313717269897460938e+01
3.345017242431640625e+01
3.368787002563476562e+01
3.407117080688476562e+01
3.419682312011718750e+01
3.395885848999023438e+01
3.407932662963867188e+01
3.421907424926757812e+01
3.342498016357421875e+01
3.295982742309570312e+01
3.257442474365234375e+01
3.260274124145507812e+01
3.247164535522460938e+01
3.210340881347656250e+01
3.062460136413574219e+01
2.834402465820312500e+01
2.681202697753906250e+01
