3.670783996582031250e+01
3.555286788940429688e+01
3.547029495239257812e+01
3.559807586669921875e+01
3.573382186889648438e+01
3.567696380615234375e+01
3.575805664062500000e+01
3.494279861450195312e+01
3.428845214843750000e+01
3.415622711181640625e+01
3.469144439697265625e+01
3.458032989501953125e+01
3.441536712646484375e+01
3.444706726074218750e+01
3.449682235717773438e+01
3.445311737060546875e+01
3.511486816406250000e+01
3.575016784667968750e+01
3.646174621582031250e+01
3.679960632324218750e+01
3.660730743408203125e+01
3.615020751953125000e+01
3.595602416992187500e+01
3.561133956909179688e+01
3.500361633300781250e+01
3.465677642822265625e+01
3.479220581054687500e+01
3.520513153076171875e+01
3.537512207031250000e+01
3.497130584716796875e+01
3.497639465332031250e+01
3.440201187133789062e+01
3.429879379272460938e+01
3.422706604003906250e+01
3.423883819580078125e+01
3.417957687377929688e+01
3.487584686279296875e+01
3.510475921630859375e+01
3.543930816650390625e+01
3.472542190551757812e+01
3.472990036010742188e+01
3.515161132812500000e+01
3.511677551269531250e+01
3.466125488281250000e+01
3.419827270507812500e+01
3.456564331054687500e+01
3.448501205444335938e+01
3.480901336669921875e+01
3.382574462890625000e+01
3.367628097534179688e+01
3.375768661499023438e+01
3.367096328735351562e+01
3.433451461791992188e+01
3.498585128784179688e+01
3.525615692138671875e+01
3.545028305053710938e+01
3.579914093017578125e+01
3.579016876220703125e+01
3.540426254272460938e+01
3.502543258666992188e+01
3.475676727294921875e+01
3.432065200805664062e+01
3.386170959472656250e+01
3.387449645996093750e+01
3.371828842163085938e+01
3.362182998657226562e+01
3.364036560058593750e+01
3.414330291748046875e+01
3.407849884033203125e+01
3.397642135620117188e+01
3.387102890014648438e+01
3.432046127319335938e+01
3.470698928833007812e+01
3.455665969848632812e+01
3.445534896850585938e+01
3.452637100219726562e+01
3.479848861694335938e+01
3.544936370849609375e+01
3.616360092163085938e+01
3.630945968627929688e+01
3.544810104370117188e+01
3.514465713500976562e+01
3.611922454833984375e+01
3.658399200439453125e+01
3.651465225219726562e+01
3.624231338500976562e+01
3.583288955688476562e+01
3.498034667968750000e+01
3.438362121582031250e+01
3.393251800537109375e+01
3.392296218872070312e+01
3.374793624877929688e+01
3.373706054687500000e+01
3.365748214721679688e+01
3.398556137084960938e+01
3.427359390258789062e+01
3.440069198608398438e+01
3.615145492553710938e+01
3.530945968627929688e+01
