2.702244567871093750e+01
2.693992805480957031e+01
2.747435188293457031e+01
2.818506431579589844e+01
2.817588043212890625e+01
2.822333717346191406e+01
2.850644683837890625e+01
2.827009773254394531e+01
2.817756080627441406e+01
2.844594383239746094e+01
2.819295501708984375e+01
2.809451675415039062e+01
2.788454818725585938e+01
2.779766082763671875e+01
2.772982978820800781e+01
2.769405174255371094e+01
2.752202987670898438e+01
2.718249320983886719e+01
2.687474250793457031e+01
2.687333106994628906e+01
2.692938041687011719e+01
2.700616645812988281e+01
2.716749954223632812e+01
2.712285041809082031e+01
2.710136413574218750e+01
2.724119186401367188e+01
2.719498443603515625e+01
2.723942565917968750e+01
2.735764503479003906e+01
2.756145286560058594e+01
2.771749687194824219e+01
2.775077247619628906e+01
2.760041236877441406e+01
2.751765632629394531e+01
2.761849784851074219e+01
2.781958961486816406e+01
2.779092597961425781e+01
2.770375823974609375e+01
2.772962188720703125e+01
2.774138832092285156e+01
2.793741607666015625e+01
2.820577621459960938e+01
2.828021049499511719e+01
2.831253242492675781e+01
2.846163558959960938e+01
2.861929130554199219e+01
2.874713516235351562e+01
2.886640548706054688e+01
2.875230216979980469e+01
2.839021110534667969e+01
2.837215995788574219e+01
2.853815460205078125e+01
2.860113143920898438e+01
2.855936431884765625e+01
2.914618301391601562e+01
2.932040023803710938e+01
2.949759292602539062e+01
2.937652778625488281e+01
2.880806732177734375e+01
2.840814399719238281e+01
2.820124816894531250e+01
2.806510925292968750e+01
2.789026451110839844e+01
2.798682022094726562e+01
2.796850395202636719e+01
2.792509651184082031e+01
2.795028114318847656e+01
2.794126129150390625e+01
2.789318084716796875e+01
2.794946670532226562e+01
2.801557540893554688e+01
2.804334259033203125e+01
2.814739608764648438e+01
2.834436035156250000e+01
2.835613822937011719e+01
2.838597106933593750e+01
2.845703697204589844e+01
2.845898246765136719e+01
2.855526924133300781e+01
2.881114768981933594e+01
2.889415550231933594e+01
2.876653099060058594e+01
2.854114723205566406e+01
2.827758407592773438e+01
2.788848686218261719e+01
2.762800216674804688e+01
2.754940414428710938e+01
2.752434349060058594e+01
2.763678169250488281e+01
2.779814720153808594e+01
2.779692459106445312e+01
2.800469779968261719e+01
2.825468635559082031e+01
2.823101806640625000e+01
2.841384315490722656e+01
2.846430015563964844e+01
2.833540916442871094e+01
2.820207023620605469e+01
2.824586105346679688e+01
2.826365852355957031e+01
2.793659591674804688e+01
2.810996437072753906e+01
2.873160552978515625e+01
2.899427032470703125e+01
2.843693733215332031e+01
2.822212028503417969e+01
2.755666160583496094e+01
2.757148551940917969e+01
