2.593731689453125000e+01
2.608596801757812500e+01
2.616548728942871094e+01
2.615466690063476562e+01
2.621112442016601562e+01
2.611400604248046875e+01
2.596606063842773438e+01
2.588947105407714844e+01
2.590762138366699219e+01
2.598624229431152344e+01
2.624645233154296875e+01
2.639611244201660156e+01
2.639140510559082031e+01
2.631687545776367188e+01
2.632360458374023438e+01
2.639124679565429688e+01
2.648563194274902344e+01
2.658729553222656250e+01
2.665243339538574219e+01
2.667367935180664062e+01
2.672681427001953125e+01
2.676503181457519531e+01
2.685214614868164062e+01
2.689765357971191406e+01
2.689093399047851562e+01
2.686719322204589844e+01
2.693520164489746094e+01
2.702177429199218750e+01
2.708028411865234375e+01
2.695765304565429688e+01
2.672654724121093750e+01
2.654462623596191406e+01
2.643989562988281250e+01
2.627952957153320312e+01
2.627165031433105469e+01
2.632759284973144531e+01
2.636148834228515625e+01
2.635058975219726562e+01
2.635597419738769531e+01
2.635536193847656250e+01
2.635442543029785156e+01
2.632463073730468750e+01
2.630534934997558594e+01
2.636743354797363281e+01
2.645093154907226562e+01
2.657712173461914062e+01
2.661723899841308594e+01
2.664672470092773438e+01
2.666316223144531250e+01
2.659659957885742188e+01
2.660031318664550781e+01
2.659055519104003906e+01
2.660353851318359375e+01
2.661671829223632812e+01
2.658631324768066406e+01
2.650980377197265625e+01
2.649440956115722656e+01
2.659024810791015625e+01
2.663154983520507812e+01
2.655940818786621094e+01
2.643264389038085938e+01
2.636874771118164062e+01
2.638503074645996094e+01
2.640453147888183594e+01
2.645824623107910156e+01
2.650773239135742188e+01
2.638772583007812500e+01
2.627294540405273438e+01
2.616861152648925781e+01
2.614402961730957031e+01
2.630507469177246094e+01
2.647139930725097656e+01
2.645125770568847656e+01
2.634301567077636719e+01
2.619500541687011719e+01
2.580873107910156250e+01
2.556037902832031250e+01
2.538787078857421875e+01
2.532876205444335938e+01
2.543531227111816406e+01
2.548793220520019531e+01
2.573003959655761719e+01
2.587531089782714844e+01
2.592327499389648438e+01
2.584352111816406250e+01
2.490704536437988281e+01
2.432914924621582031e+01
2.425012779235839844e+01
2.419694137573242188e+01
