3.202441787719726562e+01
3.123843955993652344e+01
3.082279968261718750e+01
3.096735954284667969e+01
3.112804603576660156e+01
3.173602867126464844e+01
3.208226394653320312e+01
3.244160079956054688e+01
3.210608291625976562e+01
3.187759971618652344e+01
3.220292282104492188e+01
3.259288406372070312e+01
3.311984252929687500e+01
3.296823883056640625e+01
3.262963485717773438e+01
3.239110946655273438e+01
3.250297164916992188e+01
3.263771438598632812e+01
3.270894241333007812e+01
3.287181091308593750e+01
3.262280273437500000e+01
3.204470443725585938e+01
3.153062248229980469e+01
3.153333473205566406e+01
3.190144538879394531e+01
3.239558029174804688e+01
3.288463211059570312e+01
3.285655975341796875e+01
3.282107162475585938e+01
3.276551437377929688e+01
3.280183410644531250e+01
3.253201675415039062e+01
3.173707008361816406e+01
3.147918510437011719e+01
3.180168724060058594e+01
3.162118339538574219e+01
3.133075714111328125e+01
3.127066612243652344e+01
3.158344650268554688e+01
3.150291442871093750e+01
3.114201354980468750e+01
3.109998893737792969e+01
3.148268699645996094e+01
3.161406898498535156e+01
3.132098960876464844e+01
3.083563423156738281e+01
3.113594436645507812e+01
3.200358200073242188e+01
3.206645584106445312e+01
3.185236167907714844e+01
3.198322868347167969e+01
3.225630950927734375e+01
3.210757827758789062e+01
3.199064826965332031e+01
3.146925163269042969e+01
3.085586357116699219e+01
3.086018180847167969e+01
3.225106430053710938e+01
3.255235290527343750e+01
3.230342102050781250e+01
3.169260215759277344e+01
3.136462402343750000e+01
3.124652481079101562e+01
3.136018753051757812e+01
3.153194046020507812e+01
3.169351196289062500e+01
3.167819404602050781e+01
3.188385963439941406e+01
3.224965286254882812e+01
3.245763778686523438e+01
3.239757537841796875e+01
3.206673431396484375e+01
3.139683532714843750e+01
3.107801437377929688e+01
3.116744232177734375e+01
3.126975822448730469e+01
3.139295387268066406e+01
3.143672370910644531e+01
3.140498733520507812e+01
3.140716361999511719e+01
3.118184661865234375e+01
3.113362121582031250e+01
3.126626396179199219e+01
3.144722938537597656e+01
3.161650657653808594e+01
3.152482032775878906e+01
3.144075584411621094e+01
3.145352745056152344e+01
3.179546356201171875e+01
3.192644309997558594e+01
3.177942276000976562e+01
3.186013031005859375e+01
3.208393096923828125e+01
3.215039443969726562e+01
3.203969955444335938e+01
3.199388122558593750e+01
3.214649581909179688e+01
3.208069610595703125e+01
3.192341995239257812e+01
3.182283401489257812e+01
3.185587882995605469e+01
3.178705215454101562e+01
3.182101631164550781e+01
3.175455474853515625e+01
3.152846336364746094e+01
3.172770309448242188e+01
3.170678901672363281e+01
3.243386077880859375e+01
3.209403228759765625e+01
