2.718393516540527344e+01
2.704107284545898438e+01
2.696099662780761719e+01
2.686825752258300781e+01
2.677732658386230469e+01
2.655815505981445312e+01
2.622681808471679688e+01
2.608927154541015625e+01
2.605344581604003906e+01
2.605869674682617188e+01
2.611668968200683594e+01
2.618108940124511719e+01
2.628614425659179688e+01
2.636565971374511719e+01
2.640026473999023438e+01
2.648411560058593750e+01
2.653786277770996094e+01
2.635406875610351562e+01
2.612459754943847656e+01
2.623414611816406250e+01
2.643461608886718750e+01
2.637471008300781250e+01
2.633795928955078125e+01
2.627034378051757812e+01
2.626364898681640625e+01
2.624032974243164062e+01
2.626917648315429688e+01
2.630239486694335938e+01
2.634592819213867188e+01
2.637147140502929688e+01
2.638470077514648438e+01
2.635486793518066406e+01
2.650432968139648438e+01
2.670871162414550781e+01
2.677570724487304688e+01
2.681181716918945312e+01
2.684986686706542969e+01
2.678330612182617188e+01
2.681518936157226562e+01
2.677765655517578125e+01
2.666881179809570312e+01
2.660379409790039062e+01
2.659818649291992188e+01
2.666471481323242188e+01
2.678014755249023438e+01
2.681973266601562500e+01
2.686733055114746094e+01
2.663773155212402344e+01
2.647632026672363281e+01
2.624038314819335938e+01
2.583639335632324219e+01
2.548261260986328125e+01
2.537994766235351562e+01
2.571559143066406250e+01
2.600430870056152344e+01
2.656631660461425781e+01
2.675299644470214844e+01
2.675808143615722656e+01
2.674782562255859375e+01
2.659780883789062500e+01
2.651209259033203125e+01
2.646766090393066406e+01
2.671234512329101562e+01
2.694411849975585938e+01
2.707846641540527344e+01
2.722306823730468750e+01
2.724138641357421875e+01
2.711220550537109375e+01
2.696538734436035156e+01
2.681680679321289062e+01
2.678562164306640625e+01
2.676934623718261719e+01
2.665806198120117188e+01
2.660262298583984375e+01
2.655350112915039062e+01
2.648827552795410156e+01
2.645771789550781250e+01
2.644255828857421875e+01
2.645789718627929688e+01
2.646472358703613281e+01
2.643688201904296875e+01
2.634190368652343750e+01
2.629206085205078125e+01
2.624758911132812500e+01
2.623722457885742188e+01
2.634451866149902344e+01
2.659927749633789062e+01
2.661481285095214844e+01
2.647296714782714844e+01
2.624567031860351562e+01
2.607609176635742188e+01
2.582469177246093750e+01
2.570714950561523438e+01
2.586422538757324219e+01
2.593900299072265625e+01
2.612493705749511719e+01
2.632941436767578125e+01
2.653179168701171875e+01
2.662657928466796875e+01
2.672000503540039062e+01
2.679130363464355469e+01
2.685206794738769531e+01
