3.544693756103515625e+01
3.557933044433593750e+01
3.532152557373046875e+01
3.530944061279296875e+01
3.611941528320312500e+01
3.692518997192382812e+01
3.673104858398437500e+01
3.594681167602539062e+01
3.532989120483398438e+01
3.497869873046875000e+01
3.493997573852539062e+01
3.564269638061523438e+01
3.553407669067382812e+01
3.581521606445312500e+01
3.532691192626953125e+01
3.483425140380859375e+01
3.454935455322265625e+01
3.492887878417968750e+01
3.547742080688476562e+01
3.572252655029296875e+01
3.558128356933593750e+01
3.597503280639648438e+01
3.664488220214843750e+01
3.636385726928710938e+01
3.631499481201171875e+01
3.649283599853515625e+01
3.661054992675781250e+01
3.671772003173828125e+01
3.685249710083007812e+01
3.689889526367187500e+01
3.675971984863281250e+01
3.650778579711914062e+01
3.599655914306640625e+01
3.638109207153320312e+01
3.643320083618164062e+01
3.651538085937500000e+01
3.677407455444335938e+01
3.676046371459960938e+01
3.652312850952148438e+01
3.623430633544921875e+01
3.571705245971679688e+01
3.522317886352539062e+01
3.492256927490234375e+01
3.479153060913085938e+01
3.463888168334960938e+01
3.456292343139648438e+01
3.457958602905273438e+01
3.470832061767578125e+01
3.476292037963867188e+01
3.478342819213867188e+01
3.465935516357421875e+01
3.462373733520507812e+01
3.466816711425781250e+01
3.472567749023437500e+01
3.494480133056640625e+01
3.540592956542968750e+01
3.573024749755859375e+01
3.594586944580078125e+01
3.615469360351562500e+01
3.661602783203125000e+01
3.697178268432617188e+01
3.718292236328125000e+01
3.714493560791015625e+01
3.712825012207031250e+01
3.720645904541015625e+01
3.738636398315429688e+01
3.743787384033203125e+01
3.730772399902343750e+01
3.661479568481445312e+01
3.511993789672851562e+01
3.493465423583984375e+01
3.496354675292968750e+01
3.467474365234375000e+01
3.435635375976562500e+01
3.450226974487304688e+01
3.471082305908203125e+01
3.509820938110351562e+01
3.538926315307617188e+01
3.560136032104492188e+01
3.573279571533203125e+01
3.553091430664062500e+01
3.589017868041992188e+01
3.611644363403320312e+01
3.618980407714843750e+01
3.541909408569335938e+01
3.453672409057617188e+01
3.416016006469726562e+01
3.384961318969726562e+01
3.381266021728515625e+01
3.364755249023437500e+01
