2.713603973388671875e+01
2.684523391723632812e+01
2.655977249145507812e+01
2.653072738647460938e+01
2.650572204589843750e+01
2.656850242614746094e+01
2.666603088378906250e+01
2.659858512878417969e+01
2.655444145202636719e+01
2.647087287902832031e+01
2.638289451599121094e+01
2.647182655334472656e+01
2.666137886047363281e+01
2.652615165710449219e+01
2.638447189331054688e+01
2.641913795471191406e+01
2.643027877807617188e+01
2.632360458374023438e+01
2.617986679077148438e+01
2.610696983337402344e+01
2.609868621826171875e+01
2.611895370483398438e+01
2.615090370178222656e+01
2.619744491577148438e+01
2.607955741882324219e+01
2.600300025939941406e+01
2.598497962951660156e+01
2.593050003051757812e+01
2.601022911071777344e+01
2.625694274902343750e+01
2.637521934509277344e+01
2.653715896606445312e+01
2.665430259704589844e+01
2.678384399414062500e+01
2.683794593811035156e+01
2.688202857971191406e+01
2.683066177368164062e+01
2.665382385253906250e+01
2.656697273254394531e+01
2.661367225646972656e+01
2.665480995178222656e+01
2.676124191284179688e+01
2.691044425964355469e+01
2.696330451965332031e+01
2.696385383605957031e+01
2.689312362670898438e+01
2.683367347717285156e+01
2.688558769226074219e+01
2.690586280822753906e+01
2.688586044311523438e+01
2.647476577758789062e+01
2.620589828491210938e+01
2.634616088867187500e+01
2.651123619079589844e+01
2.672958374023437500e+01
2.688265991210937500e+01
2.706772041320800781e+01
2.711855125427246094e+01
2.697365188598632812e+01
2.686085319519042969e+01
2.673669433593750000e+01
2.665672111511230469e+01
2.664578437805175781e+01
2.660959243774414062e+01
2.638929367065429688e+01
2.619397163391113281e+01
2.609523773193359375e+01
2.612298393249511719e+01
2.631802940368652344e+01
2.641902542114257812e+01
2.648495864868164062e+01
2.654943275451660156e+01
2.650707435607910156e+01
2.647253990173339844e+01
2.642413711547851562e+01
2.635144996643066406e+01
2.647159957885742188e+01
2.652460479736328125e+01
2.665131950378417969e+01
2.672952079772949219e+01
2.689046287536621094e+01
2.699664497375488281e+01
2.710878372192382812e+01
2.694645881652832031e+01
2.692945480346679688e+01
2.695162582397460938e+01
2.698130607604980469e+01
2.699098014831542969e+01
2.699125480651855469e+01
2.681347656250000000e+01
2.675299644470214844e+01
2.689360427856445312e+01
2.696610069274902344e+01
2.710622406005859375e+01
2.731842613220214844e+01
