3.749995803833007812e+01
3.751763153076171875e+01
3.728907775878906250e+01
3.723512649536132812e+01
3.744895172119140625e+01
3.750050354003906250e+01
3.768901824951171875e+01
3.782846832275390625e+01
3.775404357910156250e+01
3.753583908081054688e+01
3.752222824096679688e+01
3.738572311401367188e+01
3.729232025146484375e+01
3.709947204589843750e+01
3.698819732666015625e+01
3.703578186035156250e+01
3.708436965942382812e+01
3.706183624267578125e+01
3.713161849975585938e+01
3.740220642089843750e+01
3.763137817382812500e+01
3.765581893920898438e+01
3.772485351562500000e+01
3.778294754028320312e+01
3.791092681884765625e+01
3.789269638061523438e+01
3.786007308959960938e+01
3.786775207519531250e+01
3.792240142822265625e+01
3.790435791015625000e+01
3.773641586303710938e+01
3.761920166015625000e+01
3.750260925292968750e+01
3.758494186401367188e+01
3.776553344726562500e+01
3.768269729614257812e+01
3.747980499267578125e+01
3.731494140625000000e+01
3.733370208740234375e+01
3.744465637207031250e+01
3.748582077026367188e+01
3.746002960205078125e+01
3.744894409179687500e+01
3.747437286376953125e+01
3.747924041748046875e+01
3.755264282226562500e+01
3.751908874511718750e+01
3.758579254150390625e+01
3.767556381225585938e+01
3.768822479248046875e+01
3.770269012451171875e+01
3.777176284790039062e+01
3.771799468994140625e+01
3.759282684326171875e+01
3.756227493286132812e+01
3.727237319946289062e+01
3.715065002441406250e+01
3.712393188476562500e+01
3.711896133422851562e+01
3.727452850341796875e+01
3.738973617553710938e+01
3.739748382568359375e+01
3.739321136474609375e+01
3.733300399780273438e+01
3.722283172607421875e+01
3.732146835327148438e+01
3.738459014892578125e+01
3.729181671142578125e+01
3.712174987792968750e+01
3.701206588745117188e+01
3.699330139160156250e+01
3.694802093505859375e+01
3.678558731079101562e+01
3.667416000366210938e+01
3.667427444458007812e+01
3.681536102294921875e+01
3.686639022827148438e+01
3.674539566040039062e+01
3.670027542114257812e+01
3.668011856079101562e+01
3.670265960693359375e+01
3.663266372680664062e+01
3.646183395385742188e+01
3.626408767700195312e+01
3.580977630615234375e+01
3.528290176391601562e+01
3.509815216064453125e+01
3.515425491333007812e+01
3.579634857177734375e+01
3.645793914794921875e+01
3.640560913085937500e+01
3.611081314086914062e+01
3.647988128662109375e+01
3.690264892578125000e+01
3.708571243286132812e+01
3.712005615234375000e+01
3.712855148315429688e+01
3.706131744384765625e+01
3.693472290039062500e+01
3.672724914550781250e+01
3.683202362060546875e+01
3.706698608398437500e+01
3.704713058471679688e+01
