3.205783462524414062e+01
3.177580451965332031e+01
3.166686058044433594e+01
3.157804107666015625e+01
3.157268142700195312e+01
3.154380798339843750e+01
3.119259643554687500e+01
3.057226562500000000e+01
3.014480972290039062e+01
3.010227394104003906e+01
2.982722663879394531e+01
2.973638343811035156e+01
2.996795272827148438e+01
3.029134941101074219e+01
3.096327400207519531e+01
3.105951881408691406e+01
3.140260314941406250e+01
3.138796997070312500e+01
3.125340080261230469e+01
3.168986701965332031e+01
3.165981864929199219e+01
3.148277091979980469e+01
3.102280807495117188e+01
3.072312355041503906e+01
3.047282028198242188e+01
3.025955772399902344e+01
3.015382766723632812e+01
2.985365676879882812e+01
2.970269393920898438e+01
2.957586097717285156e+01
2.942850112915039062e+01
2.966623878479003906e+01
2.991489982604980469e+01
3.026395416259765625e+01
3.026138305664062500e+01
3.028730964660644531e+01
3.023074722290039062e+01
3.010497856140136719e+01
3.032620239257812500e+01
3.042553520202636719e+01
3.054580116271972656e+01
3.076148414611816406e+01
3.091866302490234375e+01
3.107127189636230469e+01
3.101391601562500000e+01
3.103069496154785156e+01
3.087598228454589844e+01
3.074697494506835938e+01
3.070470237731933594e+01
3.071476364135742188e+01
3.083031272888183594e+01
3.078911399841308594e+01
3.086693382263183594e+01
3.090246582031250000e+01
3.083127212524414062e+01
3.087258529663085938e+01
3.093088340759277344e+01
3.121067237854003906e+01
3.134387969970703125e+01
3.127786064147949219e+01
3.127450370788574219e+01
3.121693420410156250e+01
3.116605377197265625e+01
3.109735298156738281e+01
3.117587661743164062e+01
3.128096580505371094e+01
3.117831993103027344e+01
3.099593353271484375e+01
3.061259651184082031e+01
3.056495285034179688e+01
3.070377922058105469e+01
3.108898353576660156e+01
3.156754875183105469e+01
3.153625297546386719e+01
3.170804405212402344e+01
3.136716461181640625e+01
3.123773384094238281e+01
3.127484703063964844e+01
3.125407409667968750e+01
3.138370513916015625e+01
3.159602355957031250e+01
3.199473762512207031e+01
3.221365356445312500e+01
3.246139907836914062e+01
3.224400329589843750e+01
3.148813819885253906e+01
3.139253044128417969e+01
3.288310241699218750e+01
3.438299560546875000e+01
3.383347320556640625e+01
3.242505264282226562e+01
3.141282844543457031e+01
3.061506462097167969e+01
3.047137451171875000e+01
3.053350639343261719e+01
3.024399948120117188e+01
3.026672935485839844e+01
3.011207962036132812e+01
3.217733764648437500e+01
3.365758132934570312e+01
3.401296234130859375e+01
