2.991091346740722656e+01
2.960585021972656250e+01
2.945754241943359375e+01
2.890036582946777344e+01
2.820589065551757812e+01
2.795999145507812500e+01
2.834310531616210938e+01
2.839909744262695312e+01
2.846192932128906250e+01
2.851450538635253906e+01
2.877877998352050781e+01
2.914053726196289062e+01
2.910334396362304688e+01
2.955154228210449219e+01
3.012446594238281250e+01
2.902297973632812500e+01
2.838669013977050781e+01
2.821828651428222656e+01
2.853869056701660156e+01
2.851557350158691406e+01
2.791707992553710938e+01
2.796508216857910156e+01
2.831781959533691406e+01
2.849663925170898438e+01
2.826184272766113281e+01
2.791997909545898438e+01
2.772013282775878906e+01
2.752451133728027344e+01
2.728181648254394531e+01
2.737512779235839844e+01
2.745488929748535156e+01
2.768565177917480469e+01
2.799953842163085938e+01
2.835165023803710938e+01
2.823002052307128906e+01
2.815457725524902344e+01
2.819723320007324219e+01
2.822695732116699219e+01
2.831432533264160156e+01
2.847042083740234375e+01
2.849880027770996094e+01
2.864801216125488281e+01
2.873469543457031250e+01
2.885299110412597656e+01
2.892786979675292969e+01
2.884125709533691406e+01
2.859891510009765625e+01
2.851864242553710938e+01
2.846235084533691406e+01
2.836871719360351562e+01
2.844715690612792969e+01
2.847845840454101562e+01
2.850888442993164062e+01
2.874254035949707031e+01
2.905336570739746094e+01
2.943646430969238281e+01
2.971130943298339844e+01
2.948397636413574219e+01
2.913445281982421875e+01
2.899370384216308594e+01
2.888335227966308594e+01
2.887559700012207031e+01
2.892964363098144531e+01
2.888812255859375000e+01
2.879664039611816406e+01
2.875300788879394531e+01
2.854119110107421875e+01
2.847447967529296875e+01
2.842981147766113281e+01
2.842356491088867188e+01
2.848200607299804688e+01
2.867364692687988281e+01
2.880975151062011719e+01
2.899145698547363281e+01
2.932731819152832031e+01
2.959523582458496094e+01
2.974662590026855469e+01
2.989319038391113281e+01
2.994263076782226562e+01
2.990918350219726562e+01
2.992552566528320312e+01
2.998397636413574219e+01
3.002941131591796875e+01
3.027590370178222656e+01
3.063141250610351562e+01
3.071275138854980469e+01
3.070379447937011719e+01
3.037910652160644531e+01
3.011268806457519531e+01
2.965851593017578125e+01
2.943888282775878906e+01
2.943772315979003906e+01
2.977743911743164062e+01
2.952704048156738281e+01
3.021384811401367188e+01
3.091634750366210938e+01
3.104704284667968750e+01
3.128401756286621094e+01
3.141596984863281250e+01
