3.583230209350585938e+01
3.528281021118164062e+01
3.532468795776367188e+01
3.567719650268554688e+01
3.559548187255859375e+01
3.571666717529296875e+01
3.593629837036132812e+01
3.609468460083007812e+01
3.644575500488281250e+01
3.652571105957031250e+01
3.691792297363281250e+01
3.656018447875976562e+01
3.562419509887695312e+01
3.530857467651367188e+01
3.530318069458007812e+01
3.573109436035156250e+01
3.637185287475585938e+01
3.706658554077148438e+01
3.754619216918945312e+01
3.752447128295898438e+01
3.752779006958007812e+01
3.737901687622070312e+01
3.712911224365234375e+01
3.686971282958984375e+01
3.628072738647460938e+01
3.617203521728515625e+01
3.682498931884765625e+01
3.696766662597656250e+01
3.694506072998046875e+01
3.716907501220703125e+01
3.712854003906250000e+01
3.731298446655273438e+01
3.746560287475585938e+01
3.745890808105468750e+01
3.734912109375000000e+01
3.714765548706054688e+01
3.706497955322265625e+01
3.695489501953125000e+01
3.693785858154296875e+01
3.696084213256835938e+01
3.690209579467773438e+01
3.696858596801757812e+01
3.712533187866210938e+01
3.712828445434570312e+01
3.711030197143554688e+01
3.715025711059570312e+01
3.718532943725585938e+01
3.719619369506835938e+01
3.724911499023437500e+01
3.725990676879882812e+01
3.731861877441406250e+01
3.725760650634765625e+01
3.709121704101562500e+01
3.694678878784179688e+01
3.685702133178710938e+01
3.673902511596679688e+01
3.684228134155273438e+01
3.683667373657226562e+01
3.664727020263671875e+01
3.599500656127929688e+01
3.584477996826171875e+01
3.559808731079101562e+01
3.540941619873046875e+01
3.532218170166015625e+01
3.530921554565429688e+01
3.525432205200195312e+01
3.510229873657226562e+01
3.506570434570312500e+01
3.547108078002929688e+01
3.662322616577148438e+01
3.619487380981445312e+01
3.538329696655273438e+01
3.493507003784179688e+01
3.500054931640625000e+01
3.471698760986328125e+01
3.458812332153320312e+01
3.462934112548828125e+01
3.502194213867187500e+01
3.575424194335937500e+01
3.530926513671875000e+01
3.517325210571289062e+01
3.525735855102539062e+01
3.579572296142578125e+01
3.621184539794921875e+01
3.687544631958007812e+01
3.711408996582031250e+01
3.676090240478515625e+01
3.693700790405273438e+01
3.734164810180664062e+01
3.779320907592773438e+01
3.731139755249023438e+01
3.685911560058593750e+01
3.586421585083007812e+01
3.423312377929687500e+01
