3.491844558715820312e+01
3.519589233398437500e+01
3.495912933349609375e+01
3.453123092651367188e+01
3.391958236694335938e+01
3.350342178344726562e+01
3.343592071533203125e+01
3.296407318115234375e+01
3.375201416015625000e+01
3.478744888305664062e+01
3.363970947265625000e+01
3.340106582641601562e+01
3.326244354248046875e+01
3.229130935668945312e+01
3.198675346374511719e+01
3.224581909179687500e+01
3.233646392822265625e+01
3.226620101928710938e+01
3.200836944580078125e+01
3.207148361206054688e+01
3.239606857299804688e+01
3.256457519531250000e+01
3.263222885131835938e+01
3.232305908203125000e+01
3.195673751831054688e+01
3.194282150268554688e+01
3.217948913574218750e+01
3.261128997802734375e+01
3.310686492919921875e+01
3.323574066162109375e+01
3.302861022949218750e+01
3.305070114135742188e+01
3.315685272216796875e+01
3.333222198486328125e+01
3.316028213500976562e+01
3.279615783691406250e+01
3.290311813354492188e+01
3.298106765747070312e+01
3.333129119873046875e+01
3.331600952148437500e+01
3.284806823730468750e+01
3.249089431762695312e+01
3.233034515380859375e+01
3.251298904418945312e+01
3.294463348388671875e+01
3.350778961181640625e+01
3.355454254150390625e+01
3.324661254882812500e+01
3.279273986816406250e+01
3.244967651367187500e+01
3.242516326904296875e+01
3.258620452880859375e+01
3.304356384277343750e+01
3.348499298095703125e+01
3.407083129882812500e+01
3.427910614013671875e+01
3.412826156616210938e+01
3.348112869262695312e+01
3.301476669311523438e+01
3.294197082519531250e+01
3.326157379150390625e+01
3.363362121582031250e+01
3.375586700439453125e+01
3.347927856445312500e+01
3.341240310668945312e+01
3.320731735229492188e+01
3.288948822021484375e+01
3.279837036132812500e+01
3.352625274658203125e+01
3.379460906982421875e+01
3.462588119506835938e+01
3.556402969360351562e+01
3.514800643920898438e+01
3.397275543212890625e+01
3.398295593261718750e+01
3.371896743774414062e+01
3.360505294799804688e+01
3.388177108764648438e+01
3.372286605834960938e+01
3.326900482177734375e+01
3.336039352416992188e+01
3.351790618896484375e+01
3.368389511108398438e+01
3.447471618652343750e+01
3.480727767944335938e+01
3.448434448242187500e+01
3.425496292114257812e+01
3.396106338500976562e+01
3.405026245117187500e+01
3.427121353149414062e+01
3.450677108764648438e+01
3.427392959594726562e+01
3.465194702148437500e+01
3.531890106201171875e+01
3.611303329467773438e+01
3.612602615356445312e+01
3.657863235473632812e+01
3.642828750610351562e+01
3.634003448486328125e+01
3.578913116455078125e+01
3.514509963989257812e+01
3.383216094970703125e+01
