3.657106018066406250e+01
3.647616195678710938e+01
3.690742111206054688e+01
3.740422058105468750e+01
3.752437591552734375e+01
3.769197082519531250e+01
3.774138259887695312e+01
3.788042449951171875e+01
3.778789520263671875e+01
3.790164947509765625e+01
3.782309341430664062e+01
3.782645034790039062e+01
3.773482131958007812e+01
3.767368316650390625e+01
3.752312469482421875e+01
3.755468368530273438e+01
3.748417663574218750e+01
3.741539764404296875e+01
3.750598907470703125e+01
3.746793746948242188e+01
3.743019866943359375e+01
3.743877410888671875e+01
3.728272628784179688e+01
3.711990356445312500e+01
3.702895355224609375e+01
3.711733245849609375e+01
3.689351272583007812e+01
3.716539764404296875e+01
3.737300491333007812e+01
3.767277526855468750e+01
3.777112960815429688e+01
3.775775909423828125e+01
3.772048187255859375e+01
3.775328445434570312e+01
3.777798843383789062e+01
3.787523269653320312e+01
3.783769226074218750e+01
3.778038787841796875e+01
3.773308181762695312e+01
3.728706359863281250e+01
3.694808578491210938e+01
3.595241546630859375e+01
3.595798492431640625e+01
3.583707427978515625e+01
3.679486083984375000e+01
3.718126296997070312e+01
3.721242141723632812e+01
3.722639846801757812e+01
3.705805587768554688e+01
3.713238525390625000e+01
3.725064849853515625e+01
3.752791595458984375e+01
3.758344268798828125e+01
3.753401184082031250e+01
3.763389587402343750e+01
3.774723815917968750e+01
3.771443176269531250e+01
3.755661773681640625e+01
3.743444061279296875e+01
3.737250900268554688e+01
3.745056152343750000e+01
3.769480133056640625e+01
3.773040771484375000e+01
3.777088928222656250e+01
3.774977493286132812e+01
3.758016967773437500e+01
3.752051544189453125e+01
3.768881225585937500e+01
3.773153305053710938e+01
3.753432464599609375e+01
3.755062866210937500e+01
3.751049041748046875e+01
3.762185287475585938e+01
3.770257949829101562e+01
3.781068038940429688e+01
3.791093063354492188e+01
3.801697540283203125e+01
3.769327926635742188e+01
3.735438537597656250e+01
3.749321365356445312e+01
3.756962203979492188e+01
3.756602859497070312e+01
3.772677993774414062e+01
3.778109741210937500e+01
3.768595504760742188e+01
3.761569976806640625e+01
3.754763793945312500e+01
3.742555999755859375e+01
3.732331466674804688e+01
3.714000701904296875e+01
3.695062637329101562e+01
3.732452392578125000e+01
3.753435516357421875e+01
3.735765075683593750e+01
3.718478775024414062e+01
3.723318862915039062e+01
3.729315185546875000e+01
3.682772064208984375e+01
3.641849136352539062e+01
3.616790008544921875e+01
3.655083084106445312e+01
3.641722869873046875e+01
3.441437911987304688e+01
3.702516555786132812e+01
