3.629992675781250000e+01
3.672457504272460938e+01
3.639949798583984375e+01
3.624193572998046875e+01
3.611532974243164062e+01
3.611675262451171875e+01
3.618390274047851562e+01
3.588042449951171875e+01
3.598054504394531250e+01
3.614760589599609375e+01
3.623406600952148438e+01
3.621928024291992188e+01
3.630400848388671875e+01
3.626990890502929688e+01
3.586267471313476562e+01
3.569993209838867188e+01
3.645028686523437500e+01
3.726374435424804688e+01
3.732413482666015625e+01
3.732925415039062500e+01
3.729314041137695312e+01
3.685791778564453125e+01
3.678670501708984375e+01
3.687969207763671875e+01
3.700834274291992188e+01
3.708506393432617188e+01
3.704503631591796875e+01
3.693975067138671875e+01
3.700610351562500000e+01
3.719411468505859375e+01
3.721862030029296875e+01
3.715402603149414062e+01
3.714305114746093750e+01
3.712919998168945312e+01
3.696126174926757812e+01
3.694213104248046875e+01
3.701935577392578125e+01
3.714011383056640625e+01
3.713134765625000000e+01
3.709379577636718750e+01
3.714473342895507812e+01
3.733940124511718750e+01
3.733300781250000000e+01
3.731824493408203125e+01
3.738206481933593750e+01
3.763379287719726562e+01
3.782190322875976562e+01
3.792650222778320312e+01
3.797845840454101562e+01
3.785016632080078125e+01
3.770415878295898438e+01
3.760539245605468750e+01
3.750816345214843750e+01
3.746283721923828125e+01
3.750357055664062500e+01
3.736098480224609375e+01
3.726604080200195312e+01
3.725604248046875000e+01
3.721045684814453125e+01
3.726519012451171875e+01
3.732777023315429688e+01
3.741797637939453125e+01
3.740895462036132812e+01
3.737156677246093750e+01
3.728318786621093750e+01
3.716855621337890625e+01
3.696076965332031250e+01
3.692596435546875000e+01
3.712583923339843750e+01
3.729712677001953125e+01
3.736583709716796875e+01
3.735790252685546875e+01
3.729919052124023438e+01
3.719720458984375000e+01
3.717400360107421875e+01
3.725573348999023438e+01
3.721308135986328125e+01
3.719718933105468750e+01
3.720427322387695312e+01
3.735636520385742188e+01
3.746975708007812500e+01
3.739453887939453125e+01
3.720092391967773438e+01
3.693773269653320312e+01
3.674417877197265625e+01
3.695487594604492188e+01
3.734147262573242188e+01
3.752304077148437500e+01
3.748534393310546875e+01
3.694711303710937500e+01
3.664710235595703125e+01
3.599574279785156250e+01
3.512967681884765625e+01
3.487609481811523438e+01
3.519904708862304688e+01
3.599098968505859375e+01
3.534083938598632812e+01
3.515659713745117188e+01
3.522874450683593750e+01
3.476412200927734375e+01
3.448101043701171875e+01
3.452365493774414062e+01
3.415879821777343750e+01
