3.695547103881835938e+01
3.695745849609375000e+01
3.660343933105468750e+01
3.575593185424804688e+01
3.514373397827148438e+01
3.455517196655273438e+01
3.517436599731445312e+01
3.491171646118164062e+01
3.350008010864257812e+01
3.323016738891601562e+01
3.346385574340820312e+01
3.376916122436523438e+01
3.453308868408203125e+01
3.561082458496093750e+01
3.575587463378906250e+01
3.538965988159179688e+01
3.565279006958007812e+01
3.581286621093750000e+01
3.512143325805664062e+01
3.488482284545898438e+01
3.474635314941406250e+01
3.463534164428710938e+01
3.484372329711914062e+01
3.513491439819335938e+01
3.533555984497070312e+01
3.505498886108398438e+01
3.507290649414062500e+01
3.581818389892578125e+01
3.579982376098632812e+01
3.604977035522460938e+01
3.496879577636718750e+01
3.478573989868164062e+01
3.546457290649414062e+01
3.627747726440429688e+01
3.694870758056640625e+01
3.669544982910156250e+01
3.542098617553710938e+01
3.502008438110351562e+01
3.551446914672851562e+01
3.568984985351562500e+01
3.590333175659179688e+01
3.684886932373046875e+01
3.658509826660156250e+01
3.611927032470703125e+01
3.696652221679687500e+01
3.701115798950195312e+01
3.646803665161132812e+01
3.584004211425781250e+01
3.567901992797851562e+01
3.563386154174804688e+01
3.625690841674804688e+01
3.628765487670898438e+01
3.649297332763671875e+01
3.657312011718750000e+01
3.646981811523437500e+01
3.598200225830078125e+01
3.531169128417968750e+01
3.482640075683593750e+01
3.485991668701171875e+01
3.564970397949218750e+01
3.632745742797851562e+01
3.649703979492187500e+01
3.567488479614257812e+01
3.489551925659179688e+01
3.479098892211914062e+01
3.489086914062500000e+01
3.489720916748046875e+01
3.475938034057617188e+01
3.453622055053710938e+01
3.462240982055664062e+01
3.470073318481445312e+01
3.470238494873046875e+01
3.463841247558593750e+01
3.480426025390625000e+01
3.518835830688476562e+01
3.517776870727539062e+01
3.521564483642578125e+01
3.570732498168945312e+01
3.635466766357421875e+01
3.661843872070312500e+01
3.642026519775390625e+01
3.531206893920898438e+01
3.531528091430664062e+01
3.519246673583984375e+01
3.530693817138671875e+01
3.532888793945312500e+01
3.583314514160156250e+01
3.609338378906250000e+01
3.655240631103515625e+01
3.690761947631835938e+01
3.736375808715820312e+01
3.718924331665039062e+01
3.703467178344726562e+01
3.675303268432617188e+01
3.668735122680664062e+01
3.677804565429687500e+01
3.687162399291992188e+01
3.718257141113281250e+01
3.733539962768554688e+01
3.770177841186523438e+01
3.747833633422851562e+01
3.715101242065429688e+01
3.692040634155273438e+01
