2.491303062438964844e+01
2.420600128173828125e+01
2.369125938415527344e+01
2.450975227355957031e+01
2.484408187866210938e+01
2.485186386108398438e+01
2.430867576599121094e+01
2.404564094543457031e+01
2.421295738220214844e+01
2.411821365356445312e+01
2.462712860107421875e+01
2.470391654968261719e+01
2.479766273498535156e+01
2.468704986572265625e+01
2.476701736450195312e+01
2.516112709045410156e+01
2.565860939025878906e+01
2.590954780578613281e+01
2.586274909973144531e+01
2.588462448120117188e+01
2.617947006225585938e+01
2.653443717956542969e+01
2.674895858764648438e+01
2.675952339172363281e+01
2.655227088928222656e+01
2.618548583984375000e+01
2.576789093017578125e+01
2.566001892089843750e+01
2.576817131042480469e+01
2.571344375610351562e+01
2.559551239013671875e+01
2.556570243835449219e+01
2.571313095092773438e+01
2.583535575866699219e+01
2.587419128417968750e+01
2.592246818542480469e+01
2.612378883361816406e+01
2.625111198425292969e+01
2.619888305664062500e+01
2.616152191162109375e+01
2.608648490905761719e+01
2.581895637512207031e+01
2.563220405578613281e+01
2.570800590515136719e+01
2.583512687683105469e+01
2.608504676818847656e+01
2.627144241333007812e+01
2.641829681396484375e+01
2.645916938781738281e+01
2.637637329101562500e+01
2.633019065856933594e+01
2.635181427001953125e+01
2.647910118103027344e+01
2.664283752441406250e+01
2.667784881591796875e+01
2.659605216979980469e+01
2.644963836669921875e+01
2.627146720886230469e+01
2.616579627990722656e+01
2.607857322692871094e+01
2.600776100158691406e+01
2.594082260131835938e+01
2.580478858947753906e+01
2.576375770568847656e+01
2.574201393127441406e+01
2.581470108032226562e+01
2.580489730834960938e+01
2.592304992675781250e+01
2.609944343566894531e+01
2.620110702514648438e+01
2.618398666381835938e+01
2.612925720214843750e+01
2.596673011779785156e+01
2.578250694274902344e+01
2.565295028686523438e+01
2.563967323303222656e+01
2.574201202392578125e+01
2.581488609313964844e+01
2.585709571838378906e+01
2.572076988220214844e+01
2.558320045471191406e+01
2.559250831604003906e+01
2.554952239990234375e+01
2.543769645690917969e+01
2.519761466979980469e+01
2.502474021911621094e+01
2.503747177124023438e+01
2.521608734130859375e+01
2.541422843933105469e+01
2.560955810546875000e+01
2.572180747985839844e+01
2.579452705383300781e+01
2.581760787963867188e+01
2.581595420837402344e+01
2.583891296386718750e+01
2.590522003173828125e+01
2.599700546264648438e+01
2.596144294738769531e+01
2.594752311706542969e+01
2.595768737792968750e+01
2.584365272521972656e+01
2.570381355285644531e+01
2.577532768249511719e+01
2.584670639038085938e+01
2.590233612060546875e+01
2.588279342651367188e+01
