3.422154617309570312e+01
3.479076385498046875e+01
3.590688705444335938e+01
3.678953170776367188e+01
3.665196228027343750e+01
3.678913497924804688e+01
3.700990676879882812e+01
3.720371627807617188e+01
3.714657211303710938e+01
3.707105255126953125e+01
3.674176406860351562e+01
3.590548324584960938e+01
3.572076797485351562e+01
3.604709243774414062e+01
3.626251602172851562e+01
3.594090652465820312e+01
3.537786865234375000e+01
3.572210311889648438e+01
3.649697113037109375e+01
3.654240798950195312e+01
3.676871871948242188e+01
3.735851287841796875e+01
3.733343505859375000e+01
3.657089996337890625e+01
3.586384582519531250e+01
3.635786056518554688e+01
3.696697998046875000e+01
3.719332504272460938e+01
3.713382720947265625e+01
3.700017166137695312e+01
3.685779190063476562e+01
3.690822982788085938e+01
3.682070922851562500e+01
3.620980453491210938e+01
3.631049346923828125e+01
3.693981170654296875e+01
3.674858474731445312e+01
3.604322052001953125e+01
3.644805526733398438e+01
3.664475250244140625e+01
3.659627532958984375e+01
3.679453659057617188e+01
3.688974380493164062e+01
3.713222885131835938e+01
3.713899993896484375e+01
3.679936218261718750e+01
3.616493606567382812e+01
3.618260955810546875e+01
3.591434860229492188e+01
3.561830520629882812e+01
3.556270980834960938e+01
3.588189315795898438e+01
3.587160110473632812e+01
3.593903732299804688e+01
3.596026992797851562e+01
3.642589569091796875e+01
3.687295150756835938e+01
3.704541397094726562e+01
3.676373672485351562e+01
3.660156631469726562e+01
3.646057510375976562e+01
3.634627914428710938e+01
3.619015121459960938e+01
3.548321151733398438e+01
3.523458480834960938e+01
3.537808227539062500e+01
3.575594329833984375e+01
3.583245468139648438e+01
3.632656478881835938e+01
3.588414382934570312e+01
3.581634140014648438e+01
3.649800109863281250e+01
3.680443572998046875e+01
3.690993499755859375e+01
3.713945007324218750e+01
3.730519104003906250e+01
3.749809646606445312e+01
3.739132690429687500e+01
3.727325057983398438e+01
3.700387191772460938e+01
3.658223724365234375e+01
3.609537887573242188e+01
3.592961120605468750e+01
3.599290084838867188e+01
3.611884307861328125e+01
3.603264236450195312e+01
3.654476928710937500e+01
3.643434524536132812e+01
3.611544418334960938e+01
3.670595169067382812e+01
3.693937301635742188e+01
3.697484207153320312e+01
3.708587265014648438e+01
3.717984771728515625e+01
3.674068450927734375e+01
3.498727416992187500e+01
