2.491758537292480469e+01
2.503514480590820312e+01
2.524516105651855469e+01
2.557645797729492188e+01
2.606723213195800781e+01
2.627540397644042969e+01
2.602657318115234375e+01
2.610235786437988281e+01
2.616695404052734375e+01
2.602397727966308594e+01
2.583558464050292969e+01
2.576137924194335938e+01
2.584876441955566406e+01
2.587101173400878906e+01
2.596726608276367188e+01
2.616293907165527344e+01
2.631275177001953125e+01
2.650078201293945312e+01
2.663486480712890625e+01
2.664078330993652344e+01
2.675211715698242188e+01
2.650117683410644531e+01
2.633912849426269531e+01
2.601974296569824219e+01
2.574172210693359375e+01
2.555024337768554688e+01
2.537128448486328125e+01
2.524466514587402344e+01
2.518287658691406250e+01
2.514734268188476562e+01
2.518787765502929688e+01
2.530964660644531250e+01
2.540025520324707031e+01
2.548565483093261719e+01
2.561855125427246094e+01
2.570008277893066406e+01
2.569099235534667969e+01
2.563781166076660156e+01
2.559155273437500000e+01
2.550475692749023438e+01
2.540211105346679688e+01
2.521887779235839844e+01
2.502000999450683594e+01
2.489291381835937500e+01
2.493742179870605469e+01
2.506023216247558594e+01
2.522762870788574219e+01
2.541251182556152344e+01
2.561864852905273438e+01
2.572509956359863281e+01
2.575645256042480469e+01
2.582149124145507812e+01
2.572283554077148438e+01
2.557636260986328125e+01
2.544363212585449219e+01
2.533446884155273438e+01
2.524816131591796875e+01
2.529937553405761719e+01
2.522718811035156250e+01
2.522115135192871094e+01
2.517920303344726562e+01
2.515145874023437500e+01
2.504302406311035156e+01
2.497681427001953125e+01
2.500987243652343750e+01
2.512976455688476562e+01
2.531377220153808594e+01
2.543927383422851562e+01
2.555320739746093750e+01
2.552822303771972656e+01
2.533801269531250000e+01
2.515863418579101562e+01
2.515695762634277344e+01
2.517015838623046875e+01
2.520803833007812500e+01
2.521231651306152344e+01
2.501488113403320312e+01
2.486393356323242188e+01
2.480384445190429688e+01
2.466421318054199219e+01
2.468314743041992188e+01
2.449474334716796875e+01
2.442411231994628906e+01
2.439090538024902344e+01
2.451300048828125000e+01
2.480452919006347656e+01
2.525739669799804688e+01
2.567025184631347656e+01
2.589172363281250000e+01
