2.797864151000976562e+01
2.822421836853027344e+01
2.862461090087890625e+01
2.847242355346679688e+01
2.884019088745117188e+01
2.899936485290527344e+01
2.866657829284667969e+01
2.861548423767089844e+01
2.874508094787597656e+01
2.867158889770507812e+01
2.862925529479980469e+01
2.872263908386230469e+01
2.872137832641601562e+01
2.857686614990234375e+01
2.830496978759765625e+01
2.809531021118164062e+01
2.821653747558593750e+01
2.837372398376464844e+01
2.846358299255371094e+01
2.843951988220214844e+01
2.836848449707031250e+01
2.838429450988769531e+01
2.866493988037109375e+01
2.891511154174804688e+01
2.897346496582031250e+01
2.898273468017578125e+01
2.895439910888671875e+01
2.879351234436035156e+01
2.859083747863769531e+01
2.833644104003906250e+01
2.816551017761230469e+01
2.803966331481933594e+01
2.789558219909667969e+01
2.781038284301757812e+01
2.784477996826171875e+01
2.796525955200195312e+01
2.804634857177734375e+01
2.835127067565917969e+01
2.858046150207519531e+01
2.873117065429687500e+01
2.901283073425292969e+01
2.924122238159179688e+01
2.921371650695800781e+01
2.916385269165039062e+01
2.918049621582031250e+01
2.920294570922851562e+01
2.923331832885742188e+01
2.917309951782226562e+01
2.908243370056152344e+01
2.902990341186523438e+01
2.890059661865234375e+01
2.871436691284179688e+01
2.864572143554687500e+01
2.870661354064941406e+01
2.870956802368164062e+01
2.880477523803710938e+01
2.910422706604003906e+01
2.947780227661132812e+01
2.965291213989257812e+01
2.964325332641601562e+01
2.951789093017578125e+01
2.953920173645019531e+01
2.956746101379394531e+01
2.953797531127929688e+01
2.949143028259277344e+01
2.921661186218261719e+01
2.908815956115722656e+01
2.942300796508789062e+01
2.941954612731933594e+01
2.917197799682617188e+01
2.920073509216308594e+01
2.941983985900878906e+01
2.950814437866210938e+01
2.962417411804199219e+01
2.953939056396484375e+01
2.933352661132812500e+01
2.926250076293945312e+01
2.900022697448730469e+01
2.887355804443359375e+01
2.894140243530273438e+01
2.887381744384765625e+01
2.888889884948730469e+01
2.903422355651855469e+01
2.908483695983886719e+01
2.914019775390625000e+01
2.920531654357910156e+01
2.918856811523437500e+01
2.919880104064941406e+01
2.918450355529785156e+01
2.908710289001464844e+01
2.904611587524414062e+01
2.921020698547363281e+01
2.880076789855957031e+01
2.854190635681152344e+01
2.873980331420898438e+01
2.876952934265136719e+01
2.858423995971679688e+01
2.839859962463378906e+01
2.816876029968261719e+01
2.817308998107910156e+01
2.803451156616210938e+01
2.777172660827636719e+01
2.755787277221679688e+01
