3.508467864990234375e+01
3.634494018554687500e+01
3.695608139038085938e+01
3.763970565795898438e+01
3.772885894775390625e+01
3.725625610351562500e+01
3.687697601318359375e+01
3.645635223388671875e+01
3.575218200683593750e+01
3.563403320312500000e+01
3.491203308105468750e+01
3.452896881103515625e+01
3.445384216308593750e+01
3.450462341308593750e+01
3.457520294189453125e+01
3.470648956298828125e+01
3.480813980102539062e+01
3.531024169921875000e+01
3.584393310546875000e+01
3.473611068725585938e+01
3.484138870239257812e+01
3.490555572509765625e+01
3.491223526000976562e+01
3.479582977294921875e+01
3.467162322998046875e+01
3.466553497314453125e+01
3.485171127319335938e+01
3.525980758666992188e+01
3.559190368652343750e+01
3.514894485473632812e+01
3.474156188964843750e+01
3.458770370483398438e+01
3.472696685791015625e+01
3.474399566650390625e+01
3.564126586914062500e+01
3.688700866699218750e+01
3.689407348632812500e+01
3.633102035522460938e+01
3.494831848144531250e+01
3.455041122436523438e+01
3.470341873168945312e+01
3.499400711059570312e+01
3.494673538208007812e+01
3.502342224121093750e+01
3.497360992431640625e+01
3.495696258544921875e+01
3.482792282104492188e+01
3.455086898803710938e+01
3.460034942626953125e+01
3.452875518798828125e+01
3.478867340087890625e+01
3.501529693603515625e+01
3.459957122802734375e+01
3.417160797119140625e+01
3.422732925415039062e+01
3.467953491210937500e+01
3.558078002929687500e+01
3.670397949218750000e+01
3.697900772094726562e+01
3.710451126098632812e+01
3.716451263427734375e+01
3.728195953369140625e+01
3.741884231567382812e+01
3.733443450927734375e+01
3.729806518554687500e+01
3.722454071044921875e+01
3.702582931518554688e+01
3.585198974609375000e+01
3.578704452514648438e+01
3.633011627197265625e+01
3.722264099121093750e+01
3.750379562377929688e+01
3.765065383911132812e+01
3.656909561157226562e+01
3.581769561767578125e+01
3.563179779052734375e+01
3.554243850708007812e+01
3.567984771728515625e+01
3.586417770385742188e+01
3.608013153076171875e+01
3.697847747802734375e+01
3.737498092651367188e+01
3.765864944458007812e+01
3.780249023437500000e+01
3.750059509277343750e+01
3.576077270507812500e+01
3.548893356323242188e+01
3.585671234130859375e+01
3.764235687255859375e+01
3.779162597656250000e+01
3.716022491455078125e+01
3.646791076660156250e+01
3.738782119750976562e+01
3.781123352050781250e+01
3.801591873168945312e+01
3.711579513549804688e+01
3.603456115722656250e+01
3.588224411010742188e+01
3.642495727539062500e+01
3.592529296875000000e+01
3.686635208129882812e+01
