3.711990737915039062e+01
3.728837203979492188e+01
3.734875106811523438e+01
3.732443237304687500e+01
3.723908996582031250e+01
3.732764434814453125e+01
3.729030990600585938e+01
3.725467300415039062e+01
3.632631683349609375e+01
3.558523178100585938e+01
3.595082092285156250e+01
3.672580337524414062e+01
3.690790939331054688e+01
3.690660476684570312e+01
3.691348266601562500e+01
3.592860794067382812e+01
3.515919494628906250e+01
3.492819976806640625e+01
3.529792404174804688e+01
3.524783325195312500e+01
3.505492019653320312e+01
3.516218948364257812e+01
3.525571060180664062e+01
3.587958908081054688e+01
3.701032638549804688e+01
3.723116302490234375e+01
3.754392242431640625e+01
3.781238937377929688e+01
3.767938613891601562e+01
3.720146942138671875e+01
3.701148223876953125e+01
3.689985656738281250e+01
3.704841995239257812e+01
3.724969100952148438e+01
3.742561721801757812e+01
3.732711029052734375e+01
3.720726394653320312e+01
3.733148193359375000e+01
3.756932830810546875e+01
3.753659057617187500e+01
3.742202758789062500e+01
3.742390060424804688e+01
3.747624206542968750e+01
3.754674530029296875e+01
3.763813781738281250e+01
3.788568878173828125e+01
3.798564529418945312e+01
3.809406280517578125e+01
3.828324508666992188e+01
3.822996139526367188e+01
3.792530441284179688e+01
3.763496398925781250e+01
3.731035995483398438e+01
3.708499526977539062e+01
3.686352157592773438e+01
3.686430358886718750e+01
3.730218505859375000e+01
3.758804321289062500e+01
3.754131698608398438e+01
3.753114700317382812e+01
3.757811737060546875e+01
3.762358093261718750e+01
3.759290695190429688e+01
3.749294281005859375e+01
3.727502441406250000e+01
3.709783172607421875e+01
3.696749496459960938e+01
3.694450378417968750e+01
3.690455245971679688e+01
3.667922210693359375e+01
3.663669204711914062e+01
3.675028610229492188e+01
3.676627731323242188e+01
3.678295516967773438e+01
3.694758605957031250e+01
3.699312591552734375e+01
3.688348388671875000e+01
3.683200836181640625e+01
3.691939544677734375e+01
3.691541290283203125e+01
3.701713562011718750e+01
3.699147415161132812e+01
3.667645645141601562e+01
3.672311019897460938e+01
3.703567886352539062e+01
3.710225296020507812e+01
3.701066589355468750e+01
3.676159286499023438e+01
3.667089080810546875e+01
3.662860870361328125e+01
3.607715606689453125e+01
3.576869201660156250e+01
3.618377685546875000e+01
3.735001373291015625e+01
3.755738449096679688e+01
3.768265151977539062e+01
3.783869934082031250e+01
3.757966613769531250e+01
