3.382812500000000000e+01
3.395034408569335938e+01
3.403673553466796875e+01
3.445827102661132812e+01
3.536955261230468750e+01
3.525004196166992188e+01
3.561546707153320312e+01
3.573933792114257812e+01
3.556128311157226562e+01
3.494958877563476562e+01
3.527754974365234375e+01
3.647117233276367188e+01
3.657299423217773438e+01
3.511827087402343750e+01
3.403651809692382812e+01
3.362156677246093750e+01
3.354097366333007812e+01
3.376844787597656250e+01
3.436318588256835938e+01
3.480601882934570312e+01
3.485129547119140625e+01
3.485784912109375000e+01
3.458794403076171875e+01
3.494112396240234375e+01
3.514822006225585938e+01
3.541141891479492188e+01
3.517897033691406250e+01
3.502447128295898438e+01
3.514157485961914062e+01
3.496200942993164062e+01
3.479440689086914062e+01
3.467699813842773438e+01
3.503553771972656250e+01
3.500483322143554688e+01
3.481455612182617188e+01
3.520709609985351562e+01
3.533385086059570312e+01
3.504528045654296875e+01
3.454632949829101562e+01
3.421436309814453125e+01
3.397877120971679688e+01
3.395366668701171875e+01
3.389789962768554688e+01
3.393479919433593750e+01
3.408586502075195312e+01
3.414310073852539062e+01
3.425989913940429688e+01
3.432934188842773438e+01
3.439309310913085938e+01
3.425878143310546875e+01
3.383562850952148438e+01
3.384186172485351562e+01
3.400542068481445312e+01
3.415353012084960938e+01
3.380141448974609375e+01
3.387858963012695312e+01
3.455610656738281250e+01
3.434296798706054688e+01
3.397139358520507812e+01
3.405855560302734375e+01
3.438112258911132812e+01
3.454353713989257812e+01
3.445019912719726562e+01
3.418828964233398438e+01
3.397676849365234375e+01
3.382822799682617188e+01
3.354320907592773438e+01
3.350481414794921875e+01
3.371265029907226562e+01
3.391709899902343750e+01
3.381783294677734375e+01
3.345586776733398438e+01
3.330791091918945312e+01
3.367137145996093750e+01
3.389360046386718750e+01
3.386577987670898438e+01
3.374810791015625000e+01
3.354030609130859375e+01
3.353702545166015625e+01
3.358737564086914062e+01
3.370100402832031250e+01
3.396360397338867188e+01
3.432046127319335938e+01
3.471201324462890625e+01
3.509896850585937500e+01
3.487406158447265625e+01
3.387751770019531250e+01
3.362831115722656250e+01
3.420616149902343750e+01
3.440227890014648438e+01
3.454727172851562500e+01
3.452453231811523438e+01
3.411653137207031250e+01
3.471030044555664062e+01
3.472754287719726562e+01
3.446955490112304688e+01
3.462268447875976562e+01
3.515011215209960938e+01
3.498747253417968750e+01
3.471670532226562500e+01
3.428397750854492188e+01
3.402132797241210938e+01
3.404536437988281250e+01
3.439313507080078125e+01
3.447929000854492188e+01
