2.963421249389648438e+01
2.915450286865234375e+01
2.837160301208496094e+01
2.818334960937500000e+01
2.861829566955566406e+01
2.933177757263183594e+01
2.967512130737304688e+01
2.991949653625488281e+01
3.011674499511718750e+01
3.002302551269531250e+01
3.034173202514648438e+01
3.071317863464355469e+01
3.081868934631347656e+01
3.066517639160156250e+01
3.080248069763183594e+01
3.094585990905761719e+01
3.110103797912597656e+01
3.140251350402832031e+01
3.102816963195800781e+01
3.065450859069824219e+01
2.943744277954101562e+01
2.902390289306640625e+01
2.963585853576660156e+01
3.009642410278320312e+01
3.015972518920898438e+01
2.982206344604492188e+01
2.926293373107910156e+01
2.912227058410644531e+01
2.948370170593261719e+01
2.992373847961425781e+01
3.036411094665527344e+01
3.070611763000488281e+01
3.126959037780761719e+01
3.170407295227050781e+01
3.166315078735351562e+01
3.109850883483886719e+01
3.083342742919921875e+01
3.090234184265136719e+01
3.158222198486328125e+01
3.210921478271484375e+01
3.223492431640625000e+01
3.225366973876953125e+01
3.206256866455078125e+01
3.179605865478515625e+01
3.211212539672851562e+01
3.233298873901367188e+01
3.253256225585937500e+01
3.274420166015625000e+01
3.287282943725585938e+01
3.277992630004882812e+01
3.260545730590820312e+01
3.262347030639648438e+01
3.277292633056640625e+01
3.266117858886718750e+01
3.294420242309570312e+01
3.302958679199218750e+01
3.257592391967773438e+01
3.234639739990234375e+01
3.192824172973632812e+01
3.146393775939941406e+01
3.162812805175781250e+01
3.197698211669921875e+01
3.230968856811523438e+01
3.256782150268554688e+01
3.253509140014648438e+01
3.215328216552734375e+01
3.186972618103027344e+01
3.148278045654296875e+01
3.151601600646972656e+01
3.164411544799804688e+01
3.177122116088867188e+01
3.141134452819824219e+01
3.081937980651855469e+01
3.058398628234863281e+01
3.077762794494628906e+01
3.130694389343261719e+01
3.191757392883300781e+01
3.189783668518066406e+01
3.185629272460937500e+01
3.185663223266601562e+01
3.204621505737304688e+01
3.211350631713867188e+01
3.193531990051269531e+01
3.189300918579101562e+01
3.222757720947265625e+01
3.237854385375976562e+01
3.222966003417968750e+01
3.208054733276367188e+01
3.191132926940917969e+01
3.164374923706054688e+01
3.143556785583496094e+01
3.146173095703125000e+01
3.177633857727050781e+01
3.184409523010253906e+01
3.192858695983886719e+01
3.189346122741699219e+01
3.202157211303710938e+01
3.211787796020507812e+01
3.229585266113281250e+01
3.220790100097656250e+01
3.171173095703125000e+01
3.152868461608886719e+01
3.152981376647949219e+01
3.164759826660156250e+01
3.181826591491699219e+01
3.199052810668945312e+01
3.177253341674804688e+01
3.190184974670410156e+01
