3.635946655273437500e+01
3.524502563476562500e+01
3.595726394653320312e+01
3.694039154052734375e+01
3.749285888671875000e+01
3.807538604736328125e+01
3.805543899536132812e+01
3.801799011230468750e+01
3.763543319702148438e+01
3.767974472045898438e+01
3.779675674438476562e+01
3.793146896362304688e+01
3.807377243041992188e+01
3.832204818725585938e+01
3.781498718261718750e+01
3.719819641113281250e+01
3.704643249511718750e+01
3.678031158447265625e+01
3.655128860473632812e+01
3.629906463623046875e+01
3.695472717285156250e+01
3.667582702636718750e+01
3.623520660400390625e+01
3.708544921875000000e+01
3.686215209960937500e+01
3.733987045288085938e+01
3.757570266723632812e+01
3.733648300170898438e+01
3.743988800048828125e+01
3.757804107666015625e+01
3.783053970336914062e+01
3.787592697143554688e+01
3.786397933959960938e+01
3.779600143432617188e+01
3.806236648559570312e+01
3.807659530639648438e+01
3.797363281250000000e+01
3.790454483032226562e+01
3.784849548339843750e+01
3.757311630249023438e+01
3.742696762084960938e+01
3.742108535766601562e+01
3.727040100097656250e+01
3.723814010620117188e+01
3.745001220703125000e+01
3.762774658203125000e+01
3.772754287719726562e+01
3.757405090332031250e+01
3.724999237060546875e+01
3.764481353759765625e+01
3.755839157104492188e+01
3.747330474853515625e+01
3.765264129638671875e+01
3.794338989257812500e+01
3.791120529174804688e+01
3.793669891357421875e+01
3.798083496093750000e+01
3.785159683227539062e+01
3.741556930541992188e+01
3.726886367797851562e+01
3.741517257690429688e+01
3.758700942993164062e+01
3.756266403198242188e+01
3.777457427978515625e+01
3.771847152709960938e+01
3.736672973632812500e+01
3.719758224487304688e+01
3.732198715209960938e+01
3.686525344848632812e+01
3.683262252807617188e+01
3.700411224365234375e+01
3.677156448364257812e+01
3.681897354125976562e+01
3.714135742187500000e+01
3.736692428588867188e+01
3.724669647216796875e+01
3.723986816406250000e+01
3.737458038330078125e+01
3.724063491821289062e+01
3.720906829833984375e+01
3.743504333496093750e+01
3.805965042114257812e+01
3.810498428344726562e+01
3.795505523681640625e+01
3.759776306152343750e+01
3.730990600585937500e+01
3.724711227416992188e+01
3.718440246582031250e+01
3.694607543945312500e+01
3.703566360473632812e+01
3.710204315185546875e+01
3.744688796997070312e+01
3.755250167846679688e+01
3.731598663330078125e+01
3.679110717773437500e+01
3.637111282348632812e+01
3.590805816650390625e+01
3.569111251831054688e+01
3.594271087646484375e+01
3.597093963623046875e+01
3.560590362548828125e+01
3.543733978271484375e+01
