2.278465843200683594e+01
2.276933288574218750e+01
2.282531929016113281e+01
2.275461959838867188e+01
2.280244255065917969e+01
2.290657615661621094e+01
2.307782363891601562e+01
2.312838745117187500e+01
2.302729606628417969e+01
2.294735145568847656e+01
2.285820960998535156e+01
2.274070167541503906e+01
2.241807365417480469e+01
2.213863182067871094e+01
2.209396743774414062e+01
2.223065376281738281e+01
2.246388053894042969e+01
2.268564605712890625e+01
2.288395881652832031e+01
2.301200294494628906e+01
2.316394615173339844e+01
2.317505455017089844e+01
2.326840591430664062e+01
2.308073616027832031e+01
2.307602500915527344e+01
2.293126678466796875e+01
2.293306541442871094e+01
2.293347740173339844e+01
2.298218345642089844e+01
2.301287460327148438e+01
2.303543663024902344e+01
2.305476188659667969e+01
2.298700523376464844e+01
2.298815536499023438e+01
2.291443824768066406e+01
2.293789100646972656e+01
2.299788475036621094e+01
2.307534790039062500e+01
2.313178062438964844e+01
2.319186019897460938e+01
2.319499397277832031e+01
2.308315277099609375e+01
2.296696472167968750e+01
2.289489555358886719e+01
2.292272186279296875e+01
2.282583808898925781e+01
2.279238128662109375e+01
2.274065017700195312e+01
2.277731132507324219e+01
2.283689498901367188e+01
2.287848663330078125e+01
2.293662834167480469e+01
2.296325492858886719e+01
2.302728462219238281e+01
2.297860717773437500e+01
2.305716705322265625e+01
2.308654403686523438e+01
2.319762039184570312e+01
2.322668457031250000e+01
2.324971389770507812e+01
2.321042251586914062e+01
2.308015060424804688e+01
2.304371833801269531e+01
2.293886375427246094e+01
2.288654899597167969e+01
2.281748390197753906e+01
2.286966323852539062e+01
2.279941368103027344e+01
2.279904174804687500e+01
2.273302078247070312e+01
2.281205177307128906e+01
2.291880226135253906e+01
2.295693206787109375e+01
2.300432586669921875e+01
2.306851768493652344e+01
2.320459365844726562e+01
2.308156013488769531e+01
2.314658164978027344e+01
2.306944847106933594e+01
2.319746780395507812e+01
2.338023948669433594e+01
2.354704093933105469e+01
2.360814094543457031e+01
2.361832427978515625e+01
2.373098754882812500e+01
2.375213813781738281e+01
