3.106870841979980469e+01
3.100424957275390625e+01
3.097523498535156250e+01
3.089151000976562500e+01
3.081280136108398438e+01
3.108030319213867188e+01
3.134194946289062500e+01
3.122500419616699219e+01
3.107724761962890625e+01
3.082951354980468750e+01
3.055886459350585938e+01
3.053705787658691406e+01
3.044462203979492188e+01
3.029314994812011719e+01
2.949654197692871094e+01
2.948293685913085938e+01
3.021436500549316406e+01
3.092411231994628906e+01
3.158399581909179688e+01
3.163566589355468750e+01
3.171452331542968750e+01
3.177639961242675781e+01
3.181768035888671875e+01
3.175749778747558594e+01
3.151609420776367188e+01
3.137199020385742188e+01
3.139023780822753906e+01
3.137919616699218750e+01
3.128375053405761719e+01
3.115014266967773438e+01
3.119927787780761719e+01
3.131551361083984375e+01
3.141526031494140625e+01
3.158068466186523438e+01
3.165731239318847656e+01
3.185144424438476562e+01
3.196507453918457031e+01
3.219776153564453125e+01
3.235737991333007812e+01
3.228460693359375000e+01
3.222183227539062500e+01
3.209022903442382812e+01
3.191882133483886719e+01
3.155523490905761719e+01
3.118929862976074219e+01
3.130215835571289062e+01
3.181362533569335938e+01
3.189438819885253906e+01
3.215774154663085938e+01
3.216800689697265625e+01
3.218863677978515625e+01
3.210700607299804688e+01
3.218783950805664062e+01
3.239532852172851562e+01
3.190317344665527344e+01
3.182490539550781250e+01
3.192293739318847656e+01
3.181893920898437500e+01
3.175457382202148438e+01
3.174710845947265625e+01
3.167407417297363281e+01
3.167037963867187500e+01
3.161774063110351562e+01
3.136392784118652344e+01
3.107344245910644531e+01
3.085778427124023438e+01
3.052610969543457031e+01
3.031722068786621094e+01
3.039699363708496094e+01
3.017840003967285156e+01
2.992578125000000000e+01
2.988620567321777344e+01
2.994459152221679688e+01
3.010327339172363281e+01
3.005148124694824219e+01
2.993682479858398438e+01
2.987578201293945312e+01
3.012776184082031250e+01
3.033338737487792969e+01
3.038316345214843750e+01
3.038547706604003906e+01
3.032060241699218750e+01
3.017330741882324219e+01
2.985515403747558594e+01
2.974905967712402344e+01
2.985269546508789062e+01
2.993757247924804688e+01
2.979262924194335938e+01
2.953441810607910156e+01
2.982668304443359375e+01
3.052189826965332031e+01
3.078266716003417969e+01
3.057686996459960938e+01
3.047710227966308594e+01
3.057471847534179688e+01
3.058959960937500000e+01
3.088604354858398438e+01
3.104831504821777344e+01
3.087254905700683594e+01
3.088591766357421875e+01
3.096757888793945312e+01
3.077629089355468750e+01
3.085040283203125000e+01
3.085199928283691406e+01
3.042150878906250000e+01
