3.491732025146484375e+01
3.490730667114257812e+01
3.549185180664062500e+01
3.583072280883789062e+01
3.567578125000000000e+01
3.517707443237304688e+01
3.532113647460937500e+01
3.536771774291992188e+01
3.523139953613281250e+01
3.582896804809570312e+01
3.574895095825195312e+01
3.633773803710937500e+01
3.553743362426757812e+01
3.480102539062500000e+01
3.466517639160156250e+01
3.495261383056640625e+01
3.426328277587890625e+01
3.394398498535156250e+01
3.431327819824218750e+01
3.481064987182617188e+01
3.464343643188476562e+01
3.477890014648437500e+01
3.457661437988281250e+01
3.439215469360351562e+01
3.451293182373046875e+01
3.473132324218750000e+01
3.471242523193359375e+01
3.446647644042968750e+01
3.420141220092773438e+01
3.409902954101562500e+01
3.394907379150390625e+01
3.406940078735351562e+01
3.434822082519531250e+01
3.448464202880859375e+01
3.447895431518554688e+01
3.457380676269531250e+01
3.457230377197265625e+01
3.463409423828125000e+01
3.459873580932617188e+01
3.450769424438476562e+01
3.452775192260742188e+01
3.435952377319335938e+01
3.399506378173828125e+01
3.397158813476562500e+01
3.387592315673828125e+01
3.422679901123046875e+01
3.456949234008789062e+01
3.460127258300781250e+01
3.468951416015625000e+01
3.491146469116210938e+01
3.534532165527343750e+01
3.624425506591796875e+01
3.520106124877929688e+01
3.469861984252929688e+01
3.494654846191406250e+01
3.452561187744140625e+01
3.426676559448242188e+01
3.429093170166015625e+01
3.448672103881835938e+01
3.500501251220703125e+01
3.474085998535156250e+01
3.467027664184570312e+01
3.481354141235351562e+01
3.488137817382812500e+01
3.497959518432617188e+01
3.479846191406250000e+01
3.458925247192382812e+01
3.427928543090820312e+01
3.417928695678710938e+01
3.405542755126953125e+01
3.372727966308593750e+01
3.343419265747070312e+01
3.336464691162109375e+01
3.322940063476562500e+01
3.302943038940429688e+01
3.343774032592773438e+01
3.397109985351562500e+01
3.402408981323242188e+01
3.391115570068359375e+01
3.407459259033203125e+01
3.421851348876953125e+01
3.394070816040039062e+01
3.391954040527343750e+01
3.417002487182617188e+01
3.388710784912109375e+01
3.398174285888671875e+01
3.435520553588867188e+01
3.474525833129882812e+01
3.460567474365234375e+01
3.485783767700195312e+01
3.477704238891601562e+01
3.486953353881835938e+01
3.459653472900390625e+01
3.470677947998046875e+01
3.453492736816406250e+01
3.491221237182617188e+01
3.515781021118164062e+01
3.571743774414062500e+01
3.631774520874023438e+01
3.621184539794921875e+01
3.631336593627929688e+01
3.635500717163085938e+01
3.401254653930664062e+01
