3.334449005126953125e+01
3.369526290893554688e+01
3.392965316772460938e+01
3.400421524047851562e+01
3.353779983520507812e+01
3.336126708984375000e+01
3.346567153930664062e+01
3.345820236206054688e+01
3.335403060913085938e+01
3.292002105712890625e+01
3.308983230590820312e+01
3.335405731201171875e+01
3.339479446411132812e+01
3.327363204956054688e+01
3.352009963989257812e+01
3.329514312744140625e+01
3.312841796875000000e+01
3.298168945312500000e+01
3.279534912109375000e+01
3.266753768920898438e+01
3.253330993652343750e+01
3.317213821411132812e+01
3.352339553833007812e+01
3.377648162841796875e+01
3.385437774658203125e+01
3.356985855102539062e+01
3.315433883666992188e+01
3.319295501708984375e+01
3.333709335327148438e+01
3.339191436767578125e+01
3.378417587280273438e+01
3.394226455688476562e+01
3.375955200195312500e+01
3.319669723510742188e+01
3.287467193603515625e+01
3.325579452514648438e+01
3.340333175659179688e+01
3.326620483398437500e+01
3.277701568603515625e+01
3.254825973510742188e+01
3.245853805541992188e+01
3.292650604248046875e+01
3.337202835083007812e+01
3.340921020507812500e+01
3.338074493408203125e+01
3.330905914306640625e+01
3.300985336303710938e+01
3.293230819702148438e+01
3.309659957885742188e+01
3.317731094360351562e+01
3.309305572509765625e+01
3.302626419067382812e+01
3.321259307861328125e+01
3.328230285644531250e+01
3.325193786621093750e+01
3.336260604858398438e+01
3.336071395874023438e+01
3.344342422485351562e+01
3.342050933837890625e+01
3.338272476196289062e+01
3.267339706420898438e+01
3.260034942626953125e+01
3.275605392456054688e+01
3.275218582153320312e+01
3.271935272216796875e+01
3.274879074096679688e+01
3.322148513793945312e+01
3.340287017822265625e+01
3.383856582641601562e+01
3.407101821899414062e+01
3.365142059326171875e+01
3.312820434570312500e+01
3.274584960937500000e+01
3.294237899780273438e+01
3.288859939575195312e+01
3.358363723754882812e+01
3.417845153808593750e+01
3.494443893432617188e+01
3.395656585693359375e+01
3.332861709594726562e+01
3.254516220092773438e+01
3.239821243286132812e+01
3.287535858154296875e+01
3.331720733642578125e+01
3.317265319824218750e+01
3.310114669799804688e+01
3.324069595336914062e+01
3.317647933959960938e+01
3.348366928100585938e+01
3.366065216064453125e+01
3.340761947631835938e+01
3.332097244262695312e+01
3.305325698852539062e+01
3.334146118164062500e+01
3.365629959106445312e+01
3.359577560424804688e+01
3.372218704223632812e+01
3.374242401123046875e+01
