3.337931442260742188e+01
3.258382034301757812e+01
3.291357421875000000e+01
3.330830001831054688e+01
3.348347091674804688e+01
3.330720901489257812e+01
3.286043930053710938e+01
3.235657501220703125e+01
3.264488983154296875e+01
3.307738113403320312e+01
3.344608306884765625e+01
3.360799789428710938e+01
3.352311325073242188e+01
3.334695816040039062e+01
3.320847320556640625e+01
3.312387847900390625e+01
3.314412307739257812e+01
3.289537048339843750e+01
3.289917755126953125e+01
3.300806808471679688e+01
3.302809906005859375e+01
3.331834411621093750e+01
3.355865859985351562e+01
3.368220901489257812e+01
3.345058822631835938e+01
3.318144607543945312e+01
3.321530532836914062e+01
3.328575134277343750e+01
3.336461639404296875e+01
3.335112762451171875e+01
3.322022628784179688e+01
3.286719512939453125e+01
3.262689971923828125e+01
3.255497741699218750e+01
3.274503326416015625e+01
3.315269088745117188e+01
3.344599533081054688e+01
3.344385528564453125e+01
3.326644515991210938e+01
3.301866912841796875e+01
3.259919738769531250e+01
3.229416275024414062e+01
3.227790832519531250e+01
3.231352615356445312e+01
3.236227416992187500e+01
3.278530883789062500e+01
3.333172607421875000e+01
3.343484115600585938e+01
3.335277175903320312e+01
3.313603973388671875e+01
3.293273162841796875e+01
3.302122116088867188e+01
3.310776138305664062e+01
3.318788909912109375e+01
3.325722122192382812e+01
3.353101730346679688e+01
3.384554672241210938e+01
3.414153671264648438e+01
3.416297149658203125e+01
3.396460723876953125e+01
3.384177398681640625e+01
3.390118026733398438e+01
3.394372558593750000e+01
3.388376998901367188e+01
3.374504470825195312e+01
3.358761596679687500e+01
3.366114425659179688e+01
3.383589553833007812e+01
3.394303131103515625e+01
3.376527786254882812e+01
3.310892105102539062e+01
3.253417587280273438e+01
3.234274673461914062e+01
3.250567245483398438e+01
3.266357040405273438e+01
3.289587402343750000e+01
3.303891754150390625e+01
3.324213409423828125e+01
3.338886260986328125e+01
3.317659378051757812e+01
3.302183532714843750e+01
3.272833633422851562e+01
3.238043594360351562e+01
3.229525375366210938e+01
3.252053070068359375e+01
3.268165588378906250e+01
3.291878128051757812e+01
3.291984558105468750e+01
3.264909362792968750e+01
3.236841964721679688e+01
3.198350715637207031e+01
3.139837265014648438e+01
3.143926811218261719e+01
3.178429603576660156e+01
3.224847030639648438e+01
3.252100753784179688e+01
3.290580368041992188e+01
3.316844940185546875e+01
3.307240295410156250e+01
3.265872955322265625e+01
3.209712219238281250e+01
3.181216049194335938e+01
3.192336082458496094e+01
3.229429626464843750e+01
3.302996063232421875e+01
3.303778076171875000e+01
3.249790954589843750e+01
3.183421897888183594e+01
