3.378326034545898438e+01
3.387252807617187500e+01
3.399619674682617188e+01
3.375578308105468750e+01
3.362139129638671875e+01
3.391462326049804688e+01
3.446424484252929688e+01
3.603670120239257812e+01
3.609776687622070312e+01
3.557311248779296875e+01
3.437447738647460938e+01
3.375889205932617188e+01
3.331664657592773438e+01
3.295302963256835938e+01
3.289021301269531250e+01
3.315841674804687500e+01
3.370635604858398438e+01
3.393854904174804688e+01
3.339955520629882812e+01
3.326837921142578125e+01
3.313631057739257812e+01
3.301097106933593750e+01
3.340667343139648438e+01
3.386437988281250000e+01
3.383834838867187500e+01
3.351153182983398438e+01
3.329211807250976562e+01
3.353460693359375000e+01
3.367317962646484375e+01
3.363878250122070312e+01
3.371191787719726562e+01
3.362354660034179688e+01
3.364978408813476562e+01
3.370837020874023438e+01
3.426760864257812500e+01
3.495354843139648438e+01
3.461933135986328125e+01
3.430663681030273438e+01
3.428448867797851562e+01
3.418405914306640625e+01
3.431153869628906250e+01
3.395635986328125000e+01
3.375463485717773438e+01
3.394024658203125000e+01
3.364309310913085938e+01
3.370829010009765625e+01
3.399859619140625000e+01
3.421827316284179688e+01
3.425870895385742188e+01
3.420916366577148438e+01
3.430337905883789062e+01
3.431563949584960938e+01
3.405125045776367188e+01
3.361635971069335938e+01
3.322568511962890625e+01
3.290336990356445312e+01
3.307258224487304688e+01
3.357843780517578125e+01
3.401449966430664062e+01
3.384931182861328125e+01
3.346848678588867188e+01
3.324826431274414062e+01
3.302470016479492188e+01
3.303676986694335938e+01
3.326914978027343750e+01
3.327267837524414062e+01
3.321762847900390625e+01
3.334334564208984375e+01
3.351097488403320312e+01
3.354127883911132812e+01
3.370919418334960938e+01
3.365693283081054688e+01
3.378634262084960938e+01
3.422134399414062500e+01
3.446708297729492188e+01
3.456576156616210938e+01
3.403602218627929688e+01
3.385864639282226562e+01
3.382788085937500000e+01
3.373789215087890625e+01
3.419075393676757812e+01
3.394946670532226562e+01
3.395611190795898438e+01
3.368602752685546875e+01
3.342678451538085938e+01
3.346889114379882812e+01
3.343486404418945312e+01
3.353538894653320312e+01
3.374706649780273438e+01
3.333963394165039062e+01
3.326045608520507812e+01
3.380167770385742188e+01
3.396888351440429688e+01
3.443166732788085938e+01
3.506635284423828125e+01
3.557612609863281250e+01
3.439608001708984375e+01
3.440061950683593750e+01
3.455364608764648438e+01
