3.631412506103515625e+01
3.647011947631835938e+01
3.656949996948242188e+01
3.645191192626953125e+01
3.666641235351562500e+01
3.692986297607421875e+01
3.718233871459960938e+01
3.726904678344726562e+01
3.701177597045898438e+01
3.663661956787109375e+01
3.581121444702148438e+01
3.537136459350585938e+01
3.515256118774414062e+01
3.568943023681640625e+01
3.656333923339843750e+01
3.686198806762695312e+01
3.650806808471679688e+01
3.597175598144531250e+01
3.533255004882812500e+01
3.555717849731445312e+01
3.605580520629882812e+01
3.583944320678710938e+01
3.585278701782226562e+01
3.658325958251953125e+01
3.685881423950195312e+01
3.659817123413085938e+01
3.626376724243164062e+01
3.694733810424804688e+01
3.743721771240234375e+01
3.783480072021484375e+01
3.803144073486328125e+01
3.784712982177734375e+01
3.765531921386718750e+01
3.760789489746093750e+01
3.756054687500000000e+01
3.755150985717773438e+01
3.760914230346679688e+01
3.764767837524414062e+01
3.752417755126953125e+01
3.710940933227539062e+01
3.703095245361328125e+01
3.712857437133789062e+01
3.706801223754882812e+01
3.723938369750976562e+01
3.765795898437500000e+01
3.777933120727539062e+01
3.754017257690429688e+01
3.733332824707031250e+01
3.704889678955078125e+01
3.651731109619140625e+01
3.677415466308593750e+01
3.694148635864257812e+01
3.739347076416015625e+01
3.743405914306640625e+01
3.741411209106445312e+01
3.728698730468750000e+01
3.736572647094726562e+01
3.749068832397460938e+01
3.772269058227539062e+01
3.787331008911132812e+01
3.777334213256835938e+01
3.767484664916992188e+01
3.768685913085937500e+01
3.778487396240234375e+01
3.788956069946289062e+01
3.798971176147460938e+01
3.798158264160156250e+01
3.783905029296875000e+01
3.753553390502929688e+01
3.749310302734375000e+01
3.765663909912109375e+01
3.781395721435546875e+01
3.790042114257812500e+01
3.776541519165039062e+01
3.761158370971679688e+01
3.751720809936523438e+01
3.755689239501953125e+01
3.764703750610351562e+01
3.773087310791015625e+01
3.787015151977539062e+01
3.805118179321289062e+01
3.810078048706054688e+01
3.816861724853515625e+01
3.839260101318359375e+01
3.847053909301757812e+01
3.846360397338867188e+01
3.830054855346679688e+01
3.793466186523437500e+01
3.786989593505859375e+01
3.773242187500000000e+01
3.772695541381835938e+01
3.754878997802734375e+01
3.717800903320312500e+01
3.704924774169921875e+01
3.705733489990234375e+01
3.692868423461914062e+01
3.673051071166992188e+01
3.688076019287109375e+01
3.698685836791992188e+01
3.727327346801757812e+01
3.729998397827148438e+01
3.732442474365234375e+01
3.744721984863281250e+01
3.753578948974609375e+01
3.746618270874023438e+01
3.741485977172851562e+01
