3.304382705688476562e+01
3.332540893554687500e+01
3.389846038818359375e+01
3.398271179199218750e+01
3.360466766357421875e+01
3.349356460571289062e+01
3.318857574462890625e+01
3.334638977050781250e+01
3.353624343872070312e+01
3.359417343139648438e+01
3.344885635375976562e+01
3.308477020263671875e+01
3.232806777954101562e+01
3.226629638671875000e+01
3.250651168823242188e+01
3.256804275512695312e+01
3.269970321655273438e+01
3.292642974853515625e+01
3.337506484985351562e+01
3.340904998779296875e+01
3.315221405029296875e+01
3.366521835327148438e+01
3.391942977905273438e+01
3.422834396362304688e+01
3.422626113891601562e+01
3.364677429199218750e+01
3.331410217285156250e+01
3.295944976806640625e+01
3.249335479736328125e+01
3.227537918090820312e+01
3.252513504028320312e+01
3.314577102661132812e+01
3.329658889770507812e+01
3.331721115112304688e+01
3.350030899047851562e+01
3.348370742797851562e+01
3.368687438964843750e+01
3.390932083129882812e+01
3.392215347290039062e+01
3.388248443603515625e+01
3.371662521362304688e+01
3.386676406860351562e+01
3.369566726684570312e+01
3.319605255126953125e+01
3.314362335205078125e+01
3.366102981567382812e+01
3.421407699584960938e+01
3.440769577026367188e+01
3.416249084472656250e+01
3.366494369506835938e+01
3.350039672851562500e+01
3.367064666748046875e+01
3.370333862304687500e+01
3.381422805786132812e+01
3.382608795166015625e+01
3.402820587158203125e+01
3.417395401000976562e+01
3.415665054321289062e+01
3.407115936279296875e+01
3.406075668334960938e+01
3.415341949462890625e+01
3.435132980346679688e+01
3.456810760498046875e+01
3.458760833740234375e+01
3.428614807128906250e+01
3.384609222412109375e+01
3.356171417236328125e+01
3.351665878295898438e+01
3.376156997680664062e+01
3.379072570800781250e+01
3.363951873779296875e+01
3.377519226074218750e+01
3.413188934326171875e+01
3.409563446044921875e+01
3.400952911376953125e+01
3.369472885131835938e+01
3.320473861694335938e+01
3.294085311889648438e+01
3.287792205810546875e+01
3.275739669799804688e+01
3.228908157348632812e+01
3.261291885375976562e+01
3.369437026977539062e+01
3.421750640869140625e+01
3.374637985229492188e+01
3.367970275878906250e+01
3.393790817260742188e+01
3.429208374023437500e+01
3.454809570312500000e+01
3.498147201538085938e+01
3.518411254882812500e+01
3.681761550903320312e+01
3.464419555664062500e+01
3.403536987304687500e+01
3.433562850952148438e+01
3.460006332397460938e+01
3.467317581176757812e+01
3.387734603881835938e+01
3.333463668823242188e+01
3.397202301025390625e+01
3.585496520996093750e+01
3.394960784912109375e+01
3.265966415405273438e+01
