3.775687408447265625e+01
3.803604507446289062e+01
3.776794052124023438e+01
3.778905487060546875e+01
3.768367767333984375e+01
3.725127792358398438e+01
3.690150070190429688e+01
3.717066192626953125e+01
3.716089630126953125e+01
3.731517410278320312e+01
3.752972793579101562e+01
3.775672531127929688e+01
3.763153457641601562e+01
3.745974731445312500e+01
3.722132492065429688e+01
3.705535125732421875e+01
3.710504531860351562e+01
3.702044296264648438e+01
3.690180587768554688e+01
3.704351806640625000e+01
3.711803817749023438e+01
3.727833175659179688e+01
3.718038940429687500e+01
3.714356613159179688e+01
3.722771835327148438e+01
3.734661483764648438e+01
3.753133010864257812e+01
3.767540359497070312e+01
3.767359542846679688e+01
3.766523742675781250e+01
3.755733108520507812e+01
3.735424423217773438e+01
3.727824401855468750e+01
3.731428527832031250e+01
3.757949447631835938e+01
3.768917846679687500e+01
3.750832748413085938e+01
3.754056549072265625e+01
3.746884536743164062e+01
3.734986114501953125e+01
3.747111892700195312e+01
3.795231628417968750e+01
3.813713073730468750e+01
3.816756057739257812e+01
3.805677795410156250e+01
3.792868423461914062e+01
3.758815383911132812e+01
3.746442413330078125e+01
3.749765014648437500e+01
3.713756561279296875e+01
3.674198532104492188e+01
3.692641448974609375e+01
3.749882507324218750e+01
3.742975616455078125e+01
3.730323410034179688e+01
3.726866912841796875e+01
3.694015884399414062e+01
3.699101257324218750e+01
3.704376220703125000e+01
3.670058059692382812e+01
3.624406814575195312e+01
3.661905288696289062e+01
3.684053039550781250e+01
3.698446655273437500e+01
3.728236007690429688e+01
3.745237731933593750e+01
3.769783782958984375e+01
3.803133392333984375e+01
3.806060028076171875e+01
3.806251525878906250e+01
3.807884979248046875e+01
3.780904769897460938e+01
3.769072341918945312e+01
3.785393524169921875e+01
3.797948455810546875e+01
3.780633926391601562e+01
3.759869384765625000e+01
3.745786285400390625e+01
3.738072586059570312e+01
3.751109695434570312e+01
3.717386627197265625e+01
3.730953216552734375e+01
3.719113922119140625e+01
3.685870361328125000e+01
3.700582504272460938e+01
3.669632339477539062e+01
3.667757034301757812e+01
3.707884979248046875e+01
3.726702499389648438e+01
3.715009307861328125e+01
3.714256668090820312e+01
3.724464035034179688e+01
3.724551773071289062e+01
3.713992691040039062e+01
3.750060272216796875e+01
3.789759063720703125e+01
3.815720367431640625e+01
3.804422760009765625e+01
3.771288681030273438e+01
3.792132186889648438e+01
3.819313430786132812e+01
3.804416656494140625e+01
3.794469451904296875e+01
