2.328096008300781250e+01
2.359550285339355469e+01
2.390836906433105469e+01
2.377265548706054688e+01
2.372071456909179688e+01
2.404876327514648438e+01
2.469581794738769531e+01
2.493012046813964844e+01
2.546372604370117188e+01
2.562663841247558594e+01
2.582542991638183594e+01
2.546064949035644531e+01
2.563751602172851562e+01
2.570216178894042969e+01
2.589205932617187500e+01
2.573375320434570312e+01
2.555312347412109375e+01
2.527828788757324219e+01
2.538680458068847656e+01
2.552193450927734375e+01
2.563893699645996094e+01
2.573760032653808594e+01
2.582703018188476562e+01
2.596365356445312500e+01
2.614128303527832031e+01
2.642025375366210938e+01
2.630661201477050781e+01
2.615148735046386719e+01
2.582135200500488281e+01
2.578471565246582031e+01
2.576957893371582031e+01
2.580241012573242188e+01
2.559735298156738281e+01
2.559767723083496094e+01
2.550336837768554688e+01
2.539370727539062500e+01
2.529559898376464844e+01
2.538092613220214844e+01
2.531004142761230469e+01
2.520830345153808594e+01
2.516744804382324219e+01
2.521031379699707031e+01
2.518847656250000000e+01
2.511539459228515625e+01
2.490892410278320312e+01
2.499483489990234375e+01
2.521922492980957031e+01
2.482868194580078125e+01
2.446389770507812500e+01
2.434718894958496094e+01
2.437311744689941406e+01
2.405644416809082031e+01
2.400662422180175781e+01
2.399718284606933594e+01
2.438352203369140625e+01
2.444726753234863281e+01
2.476250076293945312e+01
2.460722923278808594e+01
2.446546363830566406e+01
2.421346664428710938e+01
2.435509300231933594e+01
2.474480247497558594e+01
2.513887977600097656e+01
2.528000831604003906e+01
2.517168807983398438e+01
2.509956169128417969e+01
2.527040290832519531e+01
2.519139480590820312e+01
2.495972251892089844e+01
2.488943099975585938e+01
2.478196525573730469e+01
2.474618721008300781e+01
2.474148368835449219e+01
2.493309211730957031e+01
2.508472442626953125e+01
2.546974372863769531e+01
2.554290199279785156e+01
2.579145431518554688e+01
2.581080818176269531e+01
2.596885871887207031e+01
2.584583854675292969e+01
2.590138816833496094e+01
2.577693367004394531e+01
2.585711479187011719e+01
2.611129188537597656e+01
2.645714759826660156e+01
2.656244087219238281e+01
2.638463783264160156e+01
2.600479888916015625e+01
2.560931396484375000e+01
2.550121498107910156e+01
2.551722526550292969e+01
2.576208114624023438e+01
2.587548446655273438e+01
2.628356552124023438e+01
2.605295562744140625e+01
2.615250015258789062e+01
2.584687423706054688e+01
2.595347976684570312e+01
2.562839698791503906e+01
2.574408531188964844e+01
2.559399414062500000e+01
2.562423133850097656e+01
2.539079475402832031e+01
2.516012954711914062e+01
2.282248306274414062e+01
2.287733650207519531e+01
