3.648552703857421875e+01
3.672538375854492188e+01
3.698360443115234375e+01
3.592769622802734375e+01
3.519352340698242188e+01
3.618940353393554688e+01
3.688547897338867188e+01
3.685026931762695312e+01
3.679034805297851562e+01
3.695284271240234375e+01
3.702246475219726562e+01
3.668596267700195312e+01
3.664823913574218750e+01
3.669012832641601562e+01
3.678019714355468750e+01
3.689245605468750000e+01
3.695383834838867188e+01
3.675154495239257812e+01
3.529878616333007812e+01
3.471377563476562500e+01
3.586350250244140625e+01
3.689858627319335938e+01
3.684815979003906250e+01
3.652571487426757812e+01
3.644268798828125000e+01
3.677262496948242188e+01
3.616386032104492188e+01
3.567236328125000000e+01
3.606127929687500000e+01
3.665873718261718750e+01
3.652525329589843750e+01
3.608427810668945312e+01
3.585908508300781250e+01
3.509738922119140625e+01
3.521144104003906250e+01
3.552654266357421875e+01
3.578787612915039062e+01
3.640180969238281250e+01
3.546231842041015625e+01
3.525149536132812500e+01
3.530961990356445312e+01
3.517869186401367188e+01
3.527795028686523438e+01
3.513200759887695312e+01
3.516282272338867188e+01
3.486061096191406250e+01
3.482495498657226562e+01
3.465676879882812500e+01
3.457678985595703125e+01
3.420046615600585938e+01
3.396766662597656250e+01
3.407117843627929688e+01
3.434525299072265625e+01
3.454375839233398438e+01
3.457247161865234375e+01
3.444227981567382812e+01
3.455683517456054688e+01
3.469483566284179688e+01
3.464867019653320312e+01
3.458717346191406250e+01
3.468415832519531250e+01
3.453840637207031250e+01
3.428268814086914062e+01
3.409046554565429688e+01
3.407476425170898438e+01
3.414035034179687500e+01
3.421023178100585938e+01
3.437808609008789062e+01
3.472173309326171875e+01
3.528761672973632812e+01
3.551270675659179688e+01
3.591122436523437500e+01
3.641077423095703125e+01
3.678972244262695312e+01
3.668891906738281250e+01
3.598418045043945312e+01
3.500125885009765625e+01
3.478387832641601562e+01
3.499620056152343750e+01
3.684297180175781250e+01
3.735206985473632812e+01
3.714979553222656250e+01
3.674267959594726562e+01
3.545695877075195312e+01
3.614852523803710938e+01
3.725375366210937500e+01
3.563657379150390625e+01
3.508321380615234375e+01
3.452484130859375000e+01
3.298713684082031250e+01
3.247076034545898438e+01
3.276877975463867188e+01
