2.297004699707031250e+01
2.308442497253417969e+01
2.325276565551757812e+01
2.339901924133300781e+01
2.345971870422363281e+01
2.354372978210449219e+01
2.347279357910156250e+01
2.334392166137695312e+01
2.328579902648925781e+01
2.309749412536621094e+01
2.289522361755371094e+01
2.267162895202636719e+01
2.249360466003417969e+01
2.234712409973144531e+01
2.238118553161621094e+01
2.245764923095703125e+01
2.243797111511230469e+01
2.237463569641113281e+01
2.225083541870117188e+01
2.218952751159667969e+01
2.205391693115234375e+01
2.216596221923828125e+01
2.227560043334960938e+01
2.232275009155273438e+01
2.250344467163085938e+01
2.279165840148925781e+01
2.286044120788574219e+01
2.292410659790039062e+01
2.287737846374511719e+01
2.276636695861816406e+01
2.277750587463378906e+01
2.277064132690429688e+01
2.276496315002441406e+01
2.261763954162597656e+01
2.249213218688964844e+01
2.232784271240234375e+01
2.230384254455566406e+01
2.226851081848144531e+01
2.231367111206054688e+01
2.230745697021484375e+01
2.227333831787109375e+01
2.223585128784179688e+01
2.218140220642089844e+01
2.211273956298828125e+01
2.214985275268554688e+01
2.233717155456542969e+01
2.239729118347167969e+01
2.244796752929687500e+01
2.229183578491210938e+01
2.226509094238281250e+01
2.228357124328613281e+01
2.237249374389648438e+01
2.228687477111816406e+01
2.225045585632324219e+01
2.210049819946289062e+01
2.193099212646484375e+01
2.184331703186035156e+01
2.187716484069824219e+01
2.207672500610351562e+01
2.209163284301757812e+01
2.209297752380371094e+01
2.192140960693359375e+01
2.182336616516113281e+01
2.163380050659179688e+01
2.159540939331054688e+01
2.157917594909667969e+01
2.170502281188964844e+01
2.171284294128417969e+01
2.160390472412109375e+01
2.150894927978515625e+01
2.150235176086425781e+01
2.177450942993164062e+01
2.192742347717285156e+01
2.206621170043945312e+01
2.192811965942382812e+01
2.180423736572265625e+01
2.162213516235351562e+01
2.168294143676757812e+01
2.166406631469726562e+01
2.162756347656250000e+01
2.161355018615722656e+01
2.174379539489746094e+01
2.175534057617187500e+01
2.207128524780273438e+01
2.236077117919921875e+01
2.239835548400878906e+01
