3.565194702148437500e+01
3.664120864868164062e+01
3.740303039550781250e+01
3.747287368774414062e+01
3.750323867797851562e+01
3.747879028320312500e+01
3.767894744873046875e+01
3.759420394897460938e+01
3.730774307250976562e+01
3.717552566528320312e+01
3.727950286865234375e+01
3.575577163696289062e+01
3.473088836669921875e+01
3.391499710083007812e+01
3.323843383789062500e+01
3.386830902099609375e+01
3.532836914062500000e+01
3.630841064453125000e+01
3.668004226684570312e+01
3.665970993041992188e+01
3.667711639404296875e+01
3.698102188110351562e+01
3.700027847290039062e+01
3.710279464721679688e+01
3.730615615844726562e+01
3.715774536132812500e+01
3.705203247070312500e+01
3.654452514648437500e+01
3.702830505371093750e+01
3.748149108886718750e+01
3.752780151367187500e+01
3.727559280395507812e+01
3.731004714965820312e+01
3.733089447021484375e+01
3.714248275756835938e+01
3.694179916381835938e+01
3.677456283569335938e+01
3.663383102416992188e+01
3.656080627441406250e+01
3.674416351318359375e+01
3.687134552001953125e+01
3.723028945922851562e+01
3.724496459960937500e+01
3.652703094482421875e+01
3.590026855468750000e+01
3.694480514526367188e+01
3.691529464721679688e+01
3.632751846313476562e+01
3.558244705200195312e+01
3.571870040893554688e+01
3.620487976074218750e+01
3.531412506103515625e+01
3.442158889770507812e+01
3.411120986938476562e+01
3.397304153442382812e+01
3.429508972167968750e+01
3.473819732666015625e+01
3.512038040161132812e+01
3.539573287963867188e+01
3.541690826416015625e+01
3.556331634521484375e+01
3.572671890258789062e+01
3.550935745239257812e+01
3.495995712280273438e+01
3.435079193115234375e+01
3.470582962036132812e+01
3.566069793701171875e+01
3.609655380249023438e+01
3.639207839965820312e+01
3.653221130371093750e+01
3.651094818115234375e+01
3.662866592407226562e+01
3.650870513916015625e+01
3.624017715454101562e+01
3.547409820556640625e+01
3.575407028198242188e+01
3.632455062866210938e+01
3.638321685791015625e+01
3.641722488403320312e+01
3.596030807495117188e+01
3.506781387329101562e+01
3.556410980224609375e+01
3.646994781494140625e+01
3.680300140380859375e+01
3.682579421997070312e+01
3.595530319213867188e+01
3.491453552246093750e+01
3.479339981079101562e+01
3.533799743652343750e+01
3.530489730834960938e+01
3.528057479858398438e+01
3.472565460205078125e+01
3.411888504028320312e+01
3.378081512451171875e+01
3.324551010131835938e+01
3.290654754638671875e+01
3.279943847656250000e+01
3.321976089477539062e+01
3.432100296020507812e+01
3.607612228393554688e+01
3.648110198974609375e+01
3.666736221313476562e+01
3.625605010986328125e+01
3.516680145263671875e+01
