3.422697067260742188e+01
3.465909957885742188e+01
3.484451675415039062e+01
3.458651351928710938e+01
3.397319412231445312e+01
3.385051727294921875e+01
3.355942153930664062e+01
3.308746337890625000e+01
3.287355804443359375e+01
3.294975280761718750e+01
3.332118606567382812e+01
3.442073059082031250e+01
3.435960769653320312e+01
3.361412811279296875e+01
3.354793167114257812e+01
3.358052062988281250e+01
3.382068634033203125e+01
3.437424087524414062e+01
3.608293914794921875e+01
3.669464111328125000e+01
3.704428482055664062e+01
3.676283264160156250e+01
3.614205932617187500e+01
3.498904418945312500e+01
3.473644638061523438e+01
3.514981842041015625e+01
3.435193634033203125e+01
3.389493942260742188e+01
3.347342681884765625e+01
3.350511932373046875e+01
3.402812957763671875e+01
3.456282424926757812e+01
3.534577178955078125e+01
3.523543167114257812e+01
3.469083023071289062e+01
3.435175704956054688e+01
3.461510848999023438e+01
3.477831268310546875e+01
3.508028793334960938e+01
3.496568298339843750e+01
3.501331710815429688e+01
3.572972488403320312e+01
3.625653839111328125e+01
3.650545883178710938e+01
3.673356246948242188e+01
3.683408737182617188e+01
3.663997268676757812e+01
3.582832336425781250e+01
3.491571044921875000e+01
3.441935348510742188e+01
3.455464553833007812e+01
3.415617752075195312e+01
3.387324905395507812e+01
3.411127853393554688e+01
3.501896667480468750e+01
3.506925964355468750e+01
3.496667480468750000e+01
3.486007690429687500e+01
3.451824951171875000e+01
3.446101760864257812e+01
3.413587570190429688e+01
3.409832000732421875e+01
3.446442794799804688e+01
3.503696441650390625e+01
3.505417251586914062e+01
3.540203475952148438e+01
3.573475265502929688e+01
3.604463195800781250e+01
3.568336486816406250e+01
3.466943359375000000e+01
3.418405532836914062e+01
3.389764404296875000e+01
3.393382263183593750e+01
3.417361450195312500e+01
3.394784927368164062e+01
3.384869003295898438e+01
3.403819656372070312e+01
3.461662292480468750e+01
3.471833419799804688e+01
3.466364288330078125e+01
3.478660964965820312e+01
3.461858367919921875e+01
3.465791702270507812e+01
3.444161987304687500e+01
3.419939804077148438e+01
3.429023361206054688e+01
3.542836761474609375e+01
3.644818496704101562e+01
3.634701919555664062e+01
3.612435150146484375e+01
3.627221298217773438e+01
3.631838989257812500e+01
3.573152542114257812e+01
3.506903839111328125e+01
3.495388412475585938e+01
3.495541381835937500e+01
3.511175155639648438e+01
3.542783737182617188e+01
3.603558349609375000e+01
3.630249786376953125e+01
3.613900375366210938e+01
3.575213241577148438e+01
3.605471038818359375e+01
3.675528335571289062e+01
3.720903778076171875e+01
3.721343994140625000e+01
3.707269668579101562e+01
3.705581665039062500e+01
