3.393654251098632812e+01
3.440355682373046875e+01
3.493962860107421875e+01
3.563112258911132812e+01
3.459311676025390625e+01
3.450288009643554688e+01
3.427993392944335938e+01
3.391252136230468750e+01
3.354886245727539062e+01
3.345486068725585938e+01
3.352175521850585938e+01
3.403537368774414062e+01
3.405064392089843750e+01
3.395967483520507812e+01
3.405825805664062500e+01
3.432762145996093750e+01
3.460781860351562500e+01
3.411953735351562500e+01
3.368194580078125000e+01
3.361997985839843750e+01
3.356990432739257812e+01
3.353195953369140625e+01
3.357037353515625000e+01
3.443193817138671875e+01
3.526279830932617188e+01
3.484641265869140625e+01
3.456277847290039062e+01
3.441533279418945312e+01
3.456860351562500000e+01
3.419590759277343750e+01
3.418428802490234375e+01
3.471430969238281250e+01
3.515547943115234375e+01
3.499071121215820312e+01
3.451861953735351562e+01
3.473719406127929688e+01
3.480945587158203125e+01
3.536964797973632812e+01
3.575194931030273438e+01
3.594302749633789062e+01
3.610513687133789062e+01
3.606555557250976562e+01
3.579487228393554688e+01
3.582981109619140625e+01
3.610205459594726562e+01
3.604974365234375000e+01
3.588774108886718750e+01
3.607058334350585938e+01
3.598271942138671875e+01
3.611995315551757812e+01
3.639226913452148438e+01
3.619017791748046875e+01
3.589199066162109375e+01
3.566172790527343750e+01
3.528797912597656250e+01
3.520422363281250000e+01
3.498863601684570312e+01
3.495616149902343750e+01
3.504591369628906250e+01
3.470448303222656250e+01
3.450983810424804688e+01
3.462511825561523438e+01
3.478786849975585938e+01
3.432802963256835938e+01
3.393386840820312500e+01
3.379510498046875000e+01
3.387244796752929688e+01
3.417499542236328125e+01
3.468954086303710938e+01
3.550684738159179688e+01
3.570875930786132812e+01
3.580641555786132812e+01
3.557897949218750000e+01
3.551674270629882812e+01
3.554909896850585938e+01
3.567926788330078125e+01
3.598831939697265625e+01
3.635855865478515625e+01
3.672027206420898438e+01
3.677167129516601562e+01
3.657958602905273438e+01
3.628804779052734375e+01
3.599641036987304688e+01
3.565038299560546875e+01
3.526747131347656250e+01
3.527679061889648438e+01
3.565877532958984375e+01
3.556090927124023438e+01
3.547082901000976562e+01
3.588520050048828125e+01
3.656459808349609375e+01
3.706013107299804688e+01
3.660350036621093750e+01
3.565948486328125000e+01
3.570087432861328125e+01
3.607646560668945312e+01
3.665430450439453125e+01
3.671974945068359375e+01
3.609880447387695312e+01
3.559049987792968750e+01
3.543209457397460938e+01
3.510190582275390625e+01
3.542498779296875000e+01
3.510519790649414062e+01
3.465930175781250000e+01
3.445188522338867188e+01
