2.419269943237304688e+01
2.394886016845703125e+01
2.422295951843261719e+01
2.459280586242675781e+01
2.479684066772460938e+01
2.508620071411132812e+01
2.535554885864257812e+01
2.553671455383300781e+01
2.559461784362792969e+01
2.594570732116699219e+01
2.604291915893554688e+01
2.616943359375000000e+01
2.620947265625000000e+01
2.592836952209472656e+01
2.554541587829589844e+01
2.554632949829101562e+01
2.554821205139160156e+01
2.561517715454101562e+01
2.583774375915527344e+01
2.614306449890136719e+01
2.626963615417480469e+01
2.624501228332519531e+01
2.627348709106445312e+01
2.623429870605468750e+01
2.640685272216796875e+01
2.638946533203125000e+01
2.617726516723632812e+01
2.603477287292480469e+01
2.599602890014648438e+01
2.607726287841796875e+01
2.622231292724609375e+01
2.645962333679199219e+01
2.678453636169433594e+01
2.691198921203613281e+01
2.685219764709472656e+01
2.681063270568847656e+01
2.682802009582519531e+01
2.677634048461914062e+01
2.669145202636718750e+01
2.691699409484863281e+01
2.712878990173339844e+01
2.716241073608398438e+01
2.706391143798828125e+01
2.707827568054199219e+01
2.703438949584960938e+01
2.708914947509765625e+01
2.714373970031738281e+01
2.714492416381835938e+01
2.712761878967285156e+01
2.707597923278808594e+01
2.696327018737792969e+01
2.684071540832519531e+01
2.678373146057128906e+01
2.674640846252441406e+01
2.677598190307617188e+01
2.686767768859863281e+01
2.688256263732910156e+01
2.698483467102050781e+01
2.711823081970214844e+01
2.728595161437988281e+01
2.751333236694335938e+01
2.765440177917480469e+01
2.760216522216796875e+01
2.756394958496093750e+01
2.748906517028808594e+01
2.737367439270019531e+01
2.735955619812011719e+01
2.733417701721191406e+01
2.735234642028808594e+01
2.726183509826660156e+01
2.708332633972167969e+01
2.699948120117187500e+01
2.690764999389648438e+01
2.671985054016113281e+01
2.677926826477050781e+01
2.694748687744140625e+01
2.698719596862792969e+01
2.701529502868652344e+01
2.708166503906250000e+01
2.722590255737304688e+01
2.732521057128906250e+01
2.722616386413574219e+01
2.704315948486328125e+01
2.685831642150878906e+01
2.668692398071289062e+01
2.651295661926269531e+01
2.628647994995117188e+01
2.616559791564941406e+01
2.614309120178222656e+01
2.633010673522949219e+01
2.648210525512695312e+01
2.660882186889648438e+01
2.671681976318359375e+01
2.662043571472167969e+01
2.653838729858398438e+01
2.666203117370605469e+01
2.687842369079589844e+01
2.702866172790527344e+01
2.715315246582031250e+01
2.713754081726074219e+01
2.707591438293457031e+01
2.715807723999023438e+01
2.689131355285644531e+01
2.654563903808593750e+01
2.661139297485351562e+01
2.635008430480957031e+01
2.590814018249511719e+01
