2.215328788757324219e+01
2.239209556579589844e+01
2.313360977172851562e+01
2.323917007446289062e+01
2.341703796386718750e+01
2.357196426391601562e+01
2.373031234741210938e+01
2.386327552795410156e+01
2.395491600036621094e+01
2.407872962951660156e+01
2.410254478454589844e+01
2.404214859008789062e+01
2.390846443176269531e+01
2.386333274841308594e+01
2.362859153747558594e+01
2.340594863891601562e+01
2.332352447509765625e+01
2.329734230041503906e+01
2.333967590332031250e+01
2.333908271789550781e+01
2.336738395690917969e+01
2.340086746215820312e+01
2.331108283996582031e+01
2.319774436950683594e+01
2.315270805358886719e+01
2.298431205749511719e+01
2.286923980712890625e+01
2.288282775878906250e+01
2.276167488098144531e+01
2.266143035888671875e+01
2.255067825317382812e+01
2.247350311279296875e+01
2.255287742614746094e+01
2.261404800415039062e+01
2.258107948303222656e+01
2.259833335876464844e+01
2.263639259338378906e+01
2.276079177856445312e+01
2.293705177307128906e+01
2.296503829956054688e+01
2.303006935119628906e+01
2.313516235351562500e+01
2.318992424011230469e+01
2.323385047912597656e+01
2.329897689819335938e+01
2.332681655883789062e+01
2.332701492309570312e+01
2.330999183654785156e+01
2.331925582885742188e+01
2.332527351379394531e+01
2.336998939514160156e+01
2.338614845275878906e+01
2.334970092773437500e+01
2.329463958740234375e+01
2.332610893249511719e+01
2.341784095764160156e+01
2.349890327453613281e+01
2.346555328369140625e+01
2.345140075683593750e+01
2.344083023071289062e+01
2.340049552917480469e+01
2.338806152343750000e+01
2.342724609375000000e+01
2.348935890197753906e+01
2.348113822937011719e+01
2.344773101806640625e+01
2.342362785339355469e+01
2.341388893127441406e+01
2.350743865966796875e+01
2.373848915100097656e+01
2.382489204406738281e+01
2.404105186462402344e+01
2.425422477722167969e+01
2.456082534790039062e+01
2.478303909301757812e+01
2.491554641723632812e+01
2.498023414611816406e+01
2.492602348327636719e+01
2.494880676269531250e+01
2.496151733398437500e+01
2.494998359680175781e+01
2.505357551574707031e+01
2.529248809814453125e+01
2.539098167419433594e+01
2.544347572326660156e+01
2.544974708557128906e+01
2.504673385620117188e+01
2.443905448913574219e+01
2.418101882934570312e+01
2.430681228637695312e+01
2.456215667724609375e+01
2.468100738525390625e+01
2.466642189025878906e+01
2.484699058532714844e+01
2.532266616821289062e+01
2.568757820129394531e+01
2.600798416137695312e+01
2.564369201660156250e+01
2.494706153869628906e+01
2.443118476867675781e+01
2.393963432312011719e+01
2.374471473693847656e+01
2.373750686645507812e+01
2.371169662475585938e+01
2.388868141174316406e+01
