2.881642150878906250e+01
2.875429725646972656e+01
2.811454772949218750e+01
2.806448554992675781e+01
2.827819252014160156e+01
2.825189971923828125e+01
2.827326774597167969e+01
2.841624832153320312e+01
2.858449745178222656e+01
2.847359085083007812e+01
2.799329376220703125e+01
2.738267517089843750e+01
2.705460548400878906e+01
2.707201957702636719e+01
2.714712333679199219e+01
2.731970787048339844e+01
2.738612556457519531e+01
2.734072303771972656e+01
2.717043876647949219e+01
2.700083541870117188e+01
2.694245529174804688e+01
2.684808731079101562e+01
2.680917167663574219e+01
2.683105659484863281e+01
2.691617393493652344e+01
2.708078002929687500e+01
2.701860618591308594e+01
2.702528953552246094e+01
2.692545890808105469e+01
2.675774002075195312e+01
2.679285430908203125e+01
2.681699180603027344e+01
2.683362770080566406e+01
2.682377815246582031e+01
2.686043548583984375e+01
2.691681480407714844e+01
2.704670143127441406e+01
2.693089675903320312e+01
2.667836189270019531e+01
2.644571495056152344e+01
2.629203414916992188e+01
2.611162376403808594e+01
2.582478904724121094e+01
2.562123870849609375e+01
2.575655364990234375e+01
2.596886253356933594e+01
2.671044731140136719e+01
2.750407028198242188e+01
2.788799285888671875e+01
2.737403869628906250e+01
2.652613258361816406e+01
2.619986724853515625e+01
2.624005317687988281e+01
2.648717689514160156e+01
2.647684860229492188e+01
2.634326934814453125e+01
2.638739585876464844e+01
2.655989646911621094e+01
2.682105445861816406e+01
2.664545822143554688e+01
2.656334304809570312e+01
2.622567176818847656e+01
2.593323326110839844e+01
2.584624671936035156e+01
2.593672943115234375e+01
2.590456199645996094e+01
2.594575309753417969e+01
2.569487953186035156e+01
2.523724746704101562e+01
2.480986976623535156e+01
2.473977661132812500e+01
2.486587524414062500e+01
2.497542762756347656e+01
2.501262855529785156e+01
2.523565292358398438e+01
2.543431472778320312e+01
2.564985466003417969e+01
2.585990333557128906e+01
2.610274314880371094e+01
2.610512351989746094e+01
2.611001396179199219e+01
2.625887870788574219e+01
2.620949554443359375e+01
2.612656211853027344e+01
2.607071113586425781e+01
2.594301033020019531e+01
2.581758308410644531e+01
2.594993209838867188e+01
2.614227485656738281e+01
2.611318588256835938e+01
2.613872909545898438e+01
2.617329025268554688e+01
2.625362396240234375e+01
2.651541137695312500e+01
2.680674362182617188e+01
2.713767242431640625e+01
2.741836929321289062e+01
2.757645225524902344e+01
2.764144706726074219e+01
2.745255851745605469e+01
2.739647674560546875e+01
2.725353622436523438e+01
2.705458259582519531e+01
2.703266525268554688e+01
2.729994201660156250e+01
2.700424575805664062e+01
2.638988113403320312e+01
2.626455688476562500e+01
