2.443084526062011719e+01
2.430289459228515625e+01
2.481035232543945312e+01
2.539027595520019531e+01
2.579954719543457031e+01
2.589374732971191406e+01
2.571080398559570312e+01
2.553691101074218750e+01
2.563908958435058594e+01
2.590798759460449219e+01
2.593696594238281250e+01
2.575506591796875000e+01
2.539198303222656250e+01
2.507987403869628906e+01
2.501191902160644531e+01
2.499550437927246094e+01
2.507389259338378906e+01
2.516486930847167969e+01
2.524905395507812500e+01
2.550452423095703125e+01
2.580575942993164062e+01
2.587440681457519531e+01
2.588828659057617188e+01
2.589657592773437500e+01
2.587219429016113281e+01
2.582742691040039062e+01
2.584415054321289062e+01
2.598927307128906250e+01
2.625761604309082031e+01
2.648002052307128906e+01
2.668307495117187500e+01
2.668816566467285156e+01
2.663990974426269531e+01
2.666668701171875000e+01
2.674735450744628906e+01
2.680930328369140625e+01
2.682850837707519531e+01
2.653259086608886719e+01
2.616131973266601562e+01
2.591663551330566406e+01
2.581986045837402344e+01
2.595078659057617188e+01
2.626422882080078125e+01
2.635242462158203125e+01
2.637548255920410156e+01
2.625596237182617188e+01
2.593550300598144531e+01
2.573075103759765625e+01
2.568404769897460938e+01
2.571163749694824219e+01
2.587432861328125000e+01
2.605842781066894531e+01
2.611027526855468750e+01
2.604026985168457031e+01
2.593861389160156250e+01
2.593466567993164062e+01
2.597454261779785156e+01
2.605712509155273438e+01
2.617269515991210938e+01
2.626249694824218750e+01
2.623921775817871094e+01
2.618107604980468750e+01
2.603585243225097656e+01
2.584012794494628906e+01
2.573031044006347656e+01
2.575854873657226562e+01
2.585499191284179688e+01
2.600297546386718750e+01
2.607445526123046875e+01
2.601825904846191406e+01
2.596228599548339844e+01
2.596037673950195312e+01
2.594802474975585938e+01
2.602553939819335938e+01
2.623414039611816406e+01
2.636018562316894531e+01
2.643283843994140625e+01
2.636442947387695312e+01
2.642623519897460938e+01
2.643185997009277344e+01
2.641966438293457031e+01
2.637881469726562500e+01
2.630676651000976562e+01
2.614994621276855469e+01
2.611626243591308594e+01
2.598291587829589844e+01
2.605829238891601562e+01
2.620450592041015625e+01
2.630567359924316406e+01
2.642632102966308594e+01
2.650788497924804688e+01
2.637903785705566406e+01
2.641291999816894531e+01
2.668536186218261719e+01
2.675348091125488281e+01
2.680180740356445312e+01
2.696356582641601562e+01
2.677528572082519531e+01
2.666846275329589844e+01
2.668494796752929688e+01
2.640341377258300781e+01
2.620449256896972656e+01
2.602966880798339844e+01
