3.170094299316406250e+01
3.157284545898437500e+01
3.089164352416992188e+01
3.027253532409667969e+01
3.068196487426757812e+01
3.118348121643066406e+01
3.121705627441406250e+01
3.167067337036132812e+01
3.219046020507812500e+01
3.270458221435546875e+01
3.244907760620117188e+01
3.260179138183593750e+01
3.291941452026367188e+01
3.300064468383789062e+01
3.342828369140625000e+01
3.363531875610351562e+01
3.369310379028320312e+01
3.340080642700195312e+01
3.325642395019531250e+01
3.323283004760742188e+01
3.345333480834960938e+01
3.316159820556640625e+01
3.335679244995117188e+01
3.339650344848632812e+01
3.377652359008789062e+01
3.384968185424804688e+01
3.344142913818359375e+01
3.359622573852539062e+01
3.383832931518554688e+01
3.543526077270507812e+01
3.564992904663085938e+01
3.487013626098632812e+01
3.508881378173828125e+01
3.540101242065429688e+01
3.533656311035156250e+01
3.487220764160156250e+01
3.444096374511718750e+01
3.447732925415039062e+01
3.538675308227539062e+01
3.560250473022460938e+01
3.483528137207031250e+01
3.400744628906250000e+01
3.364249801635742188e+01
3.348653793334960938e+01
3.358404922485351562e+01
3.340735626220703125e+01
3.329234695434570312e+01
3.299239730834960938e+01
3.302475357055664062e+01
3.328098297119140625e+01
3.326255798339843750e+01
3.303610992431640625e+01
3.308775329589843750e+01
3.332910537719726562e+01
3.337438201904296875e+01
3.328050994873046875e+01
3.323528671264648438e+01
3.328212738037109375e+01
3.311196517944335938e+01
3.323604965209960938e+01
3.312183761596679688e+01
3.287194061279296875e+01
3.292454147338867188e+01
3.296574783325195312e+01
3.330324935913085938e+01
3.381163406372070312e+01
3.432786178588867188e+01
3.479635620117187500e+01
3.512343978881835938e+01
3.493230056762695312e+01
3.477657318115234375e+01
3.488254547119140625e+01
3.511069869995117188e+01
3.507197952270507812e+01
3.517377853393554688e+01
3.492643737792968750e+01
3.464453887939453125e+01
3.461828231811523438e+01
3.467235946655273438e+01
3.440918350219726562e+01
3.462223815917968750e+01
3.462230682373046875e+01
3.446194839477539062e+01
3.416524887084960938e+01
3.415523910522460938e+01
3.421122741699218750e+01
3.397970581054687500e+01
3.383294677734375000e+01
3.448585891723632812e+01
3.536368560791015625e+01
3.558209991455078125e+01
3.503578186035156250e+01
3.533645248413085938e+01
3.610418319702148438e+01
3.618378067016601562e+01
3.530982208251953125e+01
3.575127029418945312e+01
3.673401641845703125e+01
3.703842544555664062e+01
3.708792495727539062e+01
3.709991836547851562e+01
3.733900070190429688e+01
3.694838333129882812e+01
