3.275405502319335938e+01
3.331297302246093750e+01
3.388737487792968750e+01
3.484685897827148438e+01
3.503148269653320312e+01
3.453939056396484375e+01
3.411795043945312500e+01
3.387479782104492188e+01
3.436912536621093750e+01
3.452660369873046875e+01
3.440199279785156250e+01
3.455677795410156250e+01
3.433651733398437500e+01
3.390859603881835938e+01
3.374936294555664062e+01
3.328935623168945312e+01
3.306127929687500000e+01
3.295372772216796875e+01
3.310942077636718750e+01
3.312376785278320312e+01
3.304512405395507812e+01
3.293554306030273438e+01
3.271205902099609375e+01
3.263436126708984375e+01
3.264181900024414062e+01
3.276971817016601562e+01
3.285079956054687500e+01
3.284992599487304688e+01
3.287691116333007812e+01
3.294680023193359375e+01
3.300720214843750000e+01
3.304215240478515625e+01
3.306492996215820312e+01
3.320475387573242188e+01
3.329953384399414062e+01
3.339261245727539062e+01
3.340044403076171875e+01
3.333348846435546875e+01
3.326976013183593750e+01
3.321369934082031250e+01
3.319522857666015625e+01
3.331151962280273438e+01
3.333232879638671875e+01
3.334747695922851562e+01
3.335224914550781250e+01
3.312456130981445312e+01
3.279211807250976562e+01
3.264312362670898438e+01
3.292541885375976562e+01
3.318001937866210938e+01
3.327289199829101562e+01
3.333353424072265625e+01
3.333329772949218750e+01
3.348866653442382812e+01
3.394887542724609375e+01
3.387770843505859375e+01
3.362436294555664062e+01
3.346983337402343750e+01
3.332550430297851562e+01
3.287294387817382812e+01
3.191020965576171875e+01
3.190806388854980469e+01
3.190491294860839844e+01
3.219379425048828125e+01
3.229460525512695312e+01
3.251343154907226562e+01
3.283354568481445312e+01
3.316353607177734375e+01
3.330623626708984375e+01
3.341399002075195312e+01
3.343281555175781250e+01
3.327254104614257812e+01
3.336812591552734375e+01
3.337076568603515625e+01
3.334209060668945312e+01
3.322647476196289062e+01
3.319239425659179688e+01
3.336780166625976562e+01
3.341430664062500000e+01
3.338342285156250000e+01
3.347964096069335938e+01
3.353760528564453125e+01
3.360592269897460938e+01
3.358843994140625000e+01
3.337998199462890625e+01
3.313233184814453125e+01
3.292496490478515625e+01
3.305167770385742188e+01
3.315987396240234375e+01
3.332989120483398438e+01
3.331803131103515625e+01
3.327967453002929688e+01
3.332462310791015625e+01
3.359843063354492188e+01
3.346187591552734375e+01
3.316980361938476562e+01
3.322066116333007812e+01
3.340000534057617188e+01
3.339814376831054688e+01
3.343461227416992188e+01
3.348720550537109375e+01
3.341268157958984375e+01
3.328187179565429688e+01
3.261420440673828125e+01
3.288081741333007812e+01
3.303669357299804688e+01
3.263813781738281250e+01
3.198007583618164062e+01
3.167669486999511719e+01
3.176127243041992188e+01
