3.220764923095703125e+01
3.148885917663574219e+01
3.101319503784179688e+01
3.145877075195312500e+01
3.130058670043945312e+01
3.093223381042480469e+01
3.016890525817871094e+01
3.063002395629882812e+01
3.120938682556152344e+01
3.186438369750976562e+01
3.208790588378906250e+01
3.226573181152343750e+01
3.226346206665039062e+01
3.208282089233398438e+01
3.211334228515625000e+01
3.214012908935546875e+01
3.212340927124023438e+01
3.204473876953125000e+01
3.208240890502929688e+01
3.219196701049804688e+01
3.222613525390625000e+01
3.222616195678710938e+01
3.220569610595703125e+01
3.219741058349609375e+01
3.236261749267578125e+01
3.251198196411132812e+01
3.257449722290039062e+01
3.245636749267578125e+01
3.231271743774414062e+01
3.218921661376953125e+01
3.204100036621093750e+01
3.195041656494140625e+01
3.207691192626953125e+01
3.215476989746093750e+01
3.194250106811523438e+01
3.167020034790039062e+01
3.138109779357910156e+01
3.117757034301757812e+01
3.115292930603027344e+01
3.110645103454589844e+01
3.103262901306152344e+01
3.095517158508300781e+01
3.090989875793457031e+01
3.075655174255371094e+01
3.087778663635253906e+01
3.104729652404785156e+01
3.113908004760742188e+01
3.081333732604980469e+01
3.048337364196777344e+01
3.034586334228515625e+01
3.056846046447753906e+01
3.075856781005859375e+01
3.088360786437988281e+01
3.056466865539550781e+01
3.025231361389160156e+01
3.009739112854003906e+01
3.015736198425292969e+01
3.012570381164550781e+01
3.007005500793457031e+01
3.017757225036621094e+01
3.040372848510742188e+01
3.033462524414062500e+01
3.049086952209472656e+01
3.060623741149902344e+01
3.057066917419433594e+01
3.062644958496093750e+01
3.068505477905273438e+01
3.075831794738769531e+01
3.088200569152832031e+01
3.098827934265136719e+01
3.100038719177246094e+01
3.097006988525390625e+01
3.093497848510742188e+01
3.091954040527343750e+01
3.095310020446777344e+01
3.115814590454101562e+01
3.140440940856933594e+01
3.158024024963378906e+01
3.155194664001464844e+01
3.147990798950195312e+01
3.140460586547851562e+01
3.142276573181152344e+01
3.139294815063476562e+01
3.122338104248046875e+01
3.170575523376464844e+01
3.205346298217773438e+01
3.204814529418945312e+01
3.192305946350097656e+01
3.176476478576660156e+01
3.159229850769042969e+01
3.128134727478027344e+01
3.124093437194824219e+01
3.172692489624023438e+01
3.245921707153320312e+01
3.261554718017578125e+01
3.252250289916992188e+01
3.235503005981445312e+01
3.240919876098632812e+01
3.271173095703125000e+01
3.266578674316406250e+01
3.199122238159179688e+01
3.156849861145019531e+01
3.145415306091308594e+01
3.125485420227050781e+01
3.106368446350097656e+01
3.125699424743652344e+01
3.134663200378417969e+01
3.173093223571777344e+01
3.274974441528320312e+01
