2.768613624572753906e+01
2.756026268005371094e+01
2.752231979370117188e+01
2.797437286376953125e+01
2.853859710693359375e+01
2.891519165039062500e+01
2.920257377624511719e+01
2.887385368347167969e+01
2.889423179626464844e+01
2.904787826538085938e+01
2.888445663452148438e+01
2.855731582641601562e+01
2.827837371826171875e+01
2.827167701721191406e+01
2.796961402893066406e+01
2.800493431091308594e+01
2.815363502502441406e+01
2.835024833679199219e+01
2.821495246887207031e+01
2.792988395690917969e+01
2.800406455993652344e+01
2.801941299438476562e+01
2.785459518432617188e+01
2.762945938110351562e+01
2.728713607788085938e+01
2.719118309020996094e+01
2.726667785644531250e+01
2.715804100036621094e+01
2.721154594421386719e+01
2.731503105163574219e+01
2.707683944702148438e+01
2.685569763183593750e+01
2.675387001037597656e+01
2.667965126037597656e+01
2.667833328247070312e+01
2.678213500976562500e+01
2.695019912719726562e+01
2.701486206054687500e+01
2.695319747924804688e+01
2.693014907836914062e+01
2.695668220520019531e+01
2.694549751281738281e+01
2.724136161804199219e+01
2.758518409729003906e+01
2.750584983825683594e+01
2.742468643188476562e+01
2.731755828857421875e+01
2.714365196228027344e+01
2.677025794982910156e+01
2.629263496398925781e+01
2.623447418212890625e+01
2.665682029724121094e+01
2.695065116882324219e+01
2.687108230590820312e+01
2.724174308776855469e+01
2.763417816162109375e+01
2.812224578857421875e+01
2.873056030273437500e+01
2.787199783325195312e+01
2.762158775329589844e+01
2.748435401916503906e+01
2.732699966430664062e+01
2.724113082885742188e+01
2.705018234252929688e+01
2.682106781005859375e+01
2.665286254882812500e+01
2.655095100402832031e+01
2.650018501281738281e+01
2.663780593872070312e+01
2.697254180908203125e+01
2.746097183227539062e+01
2.813665199279785156e+01
2.805001068115234375e+01
2.782936096191406250e+01
2.768241119384765625e+01
2.773909378051757812e+01
2.790729713439941406e+01
2.802761650085449219e+01
2.778650474548339844e+01
2.749316596984863281e+01
2.726054382324218750e+01
2.700054740905761719e+01
2.727796745300292969e+01
2.726587677001953125e+01
2.693954658508300781e+01
2.691651153564453125e+01
2.702976799011230469e+01
2.719769287109375000e+01
2.720024490356445312e+01
2.736172294616699219e+01
2.744752502441406250e+01
2.743297958374023438e+01
2.715251350402832031e+01
2.712175750732421875e+01
2.765190696716308594e+01
2.816144752502441406e+01
2.823763275146484375e+01
2.828214645385742188e+01
2.823604202270507812e+01
2.817471313476562500e+01
2.788027191162109375e+01
2.783335304260253906e+01
2.828779983520507812e+01
2.900027275085449219e+01
2.907364273071289062e+01
2.915450096130371094e+01
