2.205895042419433594e+01
2.257668876647949219e+01
2.329711151123046875e+01
2.380025482177734375e+01
2.390324783325195312e+01
2.379979324340820312e+01
2.356137657165527344e+01
2.355549049377441406e+01
2.338693428039550781e+01
2.348312759399414062e+01
2.320205497741699219e+01
2.350148963928222656e+01
2.395922470092773438e+01
2.381430053710937500e+01
2.377192306518554688e+01
2.355819511413574219e+01
2.305426216125488281e+01
2.277963638305664062e+01
2.320780563354492188e+01
2.435250091552734375e+01
2.453872871398925781e+01
2.466342926025390625e+01
2.449473953247070312e+01
2.412693214416503906e+01
2.393813514709472656e+01
2.391435432434082031e+01
2.397847366333007812e+01
2.388373184204101562e+01
2.351582336425781250e+01
2.280146217346191406e+01
2.206722831726074219e+01
2.205201148986816406e+01
2.188298988342285156e+01
2.178140449523925781e+01
2.171068000793457031e+01
2.176063728332519531e+01
2.190294456481933594e+01
2.232585334777832031e+01
2.280150794982910156e+01
2.306157112121582031e+01
2.306401062011718750e+01
2.307516670227050781e+01
2.328350067138671875e+01
2.345818328857421875e+01
2.353724288940429688e+01
2.336631584167480469e+01
2.323796653747558594e+01
2.315351104736328125e+01
2.316241073608398438e+01
2.341254997253417969e+01
2.380908393859863281e+01
2.406487464904785156e+01
2.398593139648437500e+01
2.402210807800292969e+01
2.414926910400390625e+01
2.425607872009277344e+01
2.430298423767089844e+01
2.414289283752441406e+01
2.384500694274902344e+01
2.348439216613769531e+01
2.314356994628906250e+01
2.309179878234863281e+01
2.309956359863281250e+01
2.336151123046875000e+01
2.320208740234375000e+01
2.317339897155761719e+01
2.336371994018554688e+01
2.343242263793945312e+01
2.370438385009765625e+01
2.376735687255859375e+01
2.404400062561035156e+01
2.455740928649902344e+01
2.483478546142578125e+01
2.510920143127441406e+01
2.494993972778320312e+01
2.492536926269531250e+01
2.494846153259277344e+01
2.492431259155273438e+01
2.497155952453613281e+01
2.477007865905761719e+01
2.476565933227539062e+01
2.468159866333007812e+01
2.433563423156738281e+01
2.432522583007812500e+01
2.406467056274414062e+01
2.403890991210937500e+01
2.415655517578125000e+01
2.392099189758300781e+01
2.400790596008300781e+01
2.380378150939941406e+01
2.369350814819335938e+01
2.335678100585937500e+01
2.334774971008300781e+01
2.357407188415527344e+01
2.342783927917480469e+01
2.439571380615234375e+01
