3.283091735839843750e+01
3.336904525756835938e+01
3.349750137329101562e+01
3.356583786010742188e+01
3.354378128051757812e+01
3.384337997436523438e+01
3.385606002807617188e+01
3.374427413940429688e+01
3.357773971557617188e+01
3.341736221313476562e+01
3.293629837036132812e+01
3.188071250915527344e+01
3.169736480712890625e+01
3.215448379516601562e+01
3.197107505798339844e+01
3.171936225891113281e+01
3.172861480712890625e+01
3.194008064270019531e+01
3.167766761779785156e+01
3.150941467285156250e+01
3.171483421325683594e+01
3.245919799804687500e+01
3.251292419433593750e+01
3.227783584594726562e+01
3.112855148315429688e+01
3.118757820129394531e+01
3.179719734191894531e+01
3.205782318115234375e+01
3.172669601440429688e+01
3.162103462219238281e+01
3.171821212768554688e+01
3.148526382446289062e+01
3.125419616699218750e+01
3.154524421691894531e+01
3.200451278686523438e+01
3.220212173461914062e+01
3.231850433349609375e+01
3.253380584716796875e+01
3.272124481201171875e+01
3.286339950561523438e+01
3.289523696899414062e+01
3.304435348510742188e+01
3.282133483886718750e+01
3.268667602539062500e+01
3.258716583251953125e+01
3.268446350097656250e+01
3.281636428833007812e+01
3.296751403808593750e+01
3.314028549194335938e+01
3.330707168579101562e+01
3.331264495849609375e+01
3.327831649780273438e+01
3.325071334838867188e+01
3.318843078613281250e+01
3.299878311157226562e+01
3.290841674804687500e+01
3.285933685302734375e+01
3.282162094116210938e+01
3.282378768920898438e+01
3.277495574951171875e+01
3.271152877807617188e+01
3.264197921752929688e+01
3.253869247436523438e+01
3.253404235839843750e+01
3.278486251831054688e+01
3.269694519042968750e+01
3.268434143066406250e+01
3.267927932739257812e+01
3.286617660522460938e+01
3.301306533813476562e+01
3.307926559448242188e+01
3.311834335327148438e+01
3.307441711425781250e+01
3.315220260620117188e+01
3.325695800781250000e+01
3.311203384399414062e+01
3.276811599731445312e+01
3.226204681396484375e+01
3.190921211242675781e+01
3.162298202514648438e+01
3.133689880371093750e+01
3.145532798767089844e+01
3.156554222106933594e+01
3.169586753845214844e+01
3.197879028320312500e+01
3.246421051025390625e+01
3.275123214721679688e+01
3.309602737426757812e+01
3.329866790771484375e+01
3.354400634765625000e+01
3.314265441894531250e+01
3.229129028320312500e+01
3.166028976440429688e+01
3.131079673767089844e+01
3.199709510803222656e+01
3.272414016723632812e+01
3.249606704711914062e+01
3.205792236328125000e+01
3.094684600830078125e+01
