2.962643051147460938e+01
2.978705024719238281e+01
3.017469406127929688e+01
3.045709800720214844e+01
3.045604896545410156e+01
3.034956169128417969e+01
3.013818550109863281e+01
2.962789535522460938e+01
2.973869895935058594e+01
2.990834999084472656e+01
3.036963462829589844e+01
3.051102447509765625e+01
3.025769233703613281e+01
2.991542434692382812e+01
2.997080039978027344e+01
3.021083450317382812e+01
3.039695549011230469e+01
3.046393394470214844e+01
3.027125358581542969e+01
3.015390968322753906e+01
3.009442329406738281e+01
3.015345001220703125e+01
3.021702766418457031e+01
3.013591766357421875e+01
3.019515609741210938e+01
3.018549537658691406e+01
2.974030494689941406e+01
2.921258544921875000e+01
2.832143783569335938e+01
2.774582862854003906e+01
2.852456474304199219e+01
2.878043365478515625e+01
2.867952346801757812e+01
2.867682075500488281e+01
2.911775398254394531e+01
2.922918891906738281e+01
2.981521415710449219e+01
2.933511352539062500e+01
2.891947746276855469e+01
2.882964324951171875e+01
2.921867179870605469e+01
2.957890892028808594e+01
2.994565010070800781e+01
3.000080299377441406e+01
2.943700790405273438e+01
2.821938896179199219e+01
2.780741691589355469e+01
2.838058090209960938e+01
2.878633880615234375e+01
2.942073059082031250e+01
2.979335594177246094e+01
3.011816024780273438e+01
3.011195945739746094e+01
2.977204322814941406e+01
2.914052772521972656e+01
2.831177711486816406e+01
2.733220100402832031e+01
2.746400642395019531e+01
2.824582481384277344e+01
2.883829689025878906e+01
2.927642059326171875e+01
2.951399421691894531e+01
2.988192749023437500e+01
3.026693916320800781e+01
3.053820610046386719e+01
3.068538665771484375e+01
3.081762123107910156e+01
3.101290321350097656e+01
3.113299942016601562e+01
3.113916397094726562e+01
3.134684944152832031e+01
3.140367507934570312e+01
3.105358123779296875e+01
3.078508567810058594e+01
3.074282455444335938e+01
3.083590888977050781e+01
3.082666206359863281e+01
3.084181594848632812e+01
3.072093391418457031e+01
3.062526130676269531e+01
3.066915702819824219e+01
3.091464042663574219e+01
3.095814323425292969e+01
3.072693252563476562e+01
3.081987762451171875e+01
3.074745178222656250e+01
3.065236854553222656e+01
3.075895118713378906e+01
3.056262397766113281e+01
3.056107902526855469e+01
3.050885772705078125e+01
3.058406257629394531e+01
3.065181350708007812e+01
3.089259147644042969e+01
3.065139198303222656e+01
3.071770477294921875e+01
3.078753280639648438e+01
3.080370140075683594e+01
3.077015686035156250e+01
3.076124191284179688e+01
3.079477882385253906e+01
3.090525627136230469e+01
3.103862953186035156e+01
3.102128601074218750e+01
3.075894546508789062e+01
