2.712048721313476562e+01
2.723180580139160156e+01
2.735612869262695312e+01
2.775396156311035156e+01
2.738047027587890625e+01
2.690341758728027344e+01
2.644997215270996094e+01
2.638909912109375000e+01
2.641279792785644531e+01
2.643165016174316406e+01
2.652634239196777344e+01
2.664210128784179688e+01
2.667510604858398438e+01
2.675129699707031250e+01
2.695855331420898438e+01
2.711253356933593750e+01
2.717489242553710938e+01
2.731682014465332031e+01
2.753906440734863281e+01
2.726956176757812500e+01
2.710199356079101562e+01
2.698275184631347656e+01
2.685778045654296875e+01
2.676023483276367188e+01
2.689579200744628906e+01
2.706832313537597656e+01
2.712629318237304688e+01
2.720853042602539062e+01
2.732425689697265625e+01
2.734428405761718750e+01
2.735136604309082031e+01
2.740191459655761719e+01
2.745259475708007812e+01
2.750273895263671875e+01
2.746099662780761719e+01
2.749205589294433594e+01
2.741691970825195312e+01
2.739491081237792969e+01
2.738858222961425781e+01
2.738245391845703125e+01
2.733419036865234375e+01
2.739271163940429688e+01
2.732636070251464844e+01
2.729616165161132812e+01
2.735870361328125000e+01
2.743669319152832031e+01
2.745688056945800781e+01
2.763917732238769531e+01
2.764101409912109375e+01
2.725550651550292969e+01
2.709295082092285156e+01
2.711750793457031250e+01
2.729405784606933594e+01
2.745835113525390625e+01
2.740174865722656250e+01
2.750537300109863281e+01
2.780129051208496094e+01
2.744257736206054688e+01
2.710631179809570312e+01
2.693338012695312500e+01
2.693699455261230469e+01
2.705895233154296875e+01
2.715968704223632812e+01
2.710937118530273438e+01
2.711348724365234375e+01
2.709190368652343750e+01
2.702474021911621094e+01
2.704361343383789062e+01
2.724234390258789062e+01
2.743763351440429688e+01
2.753635978698730469e+01
2.763461875915527344e+01
2.748182106018066406e+01
2.732629013061523438e+01
2.715057182312011719e+01
2.693706893920898438e+01
2.683189392089843750e+01
2.691972351074218750e+01
2.697659301757812500e+01
2.708006668090820312e+01
2.714230346679687500e+01
2.704478073120117188e+01
2.701566696166992188e+01
2.711162376403808594e+01
2.717251968383789062e+01
2.724934005737304688e+01
2.744363403320312500e+01
2.735585021972656250e+01
2.711274909973144531e+01
2.689236259460449219e+01
2.674063873291015625e+01
2.670479774475097656e+01
2.672406768798828125e+01
2.672271156311035156e+01
2.665518379211425781e+01
2.655943870544433594e+01
2.656506919860839844e+01
2.683223342895507812e+01
2.698021125793457031e+01
2.657206726074218750e+01
2.652653121948242188e+01
2.711638641357421875e+01
2.778366279602050781e+01
2.740350532531738281e+01
