3.754683685302734375e+01
3.750304031372070312e+01
3.737120437622070312e+01
3.735812377929687500e+01
3.704231262207031250e+01
3.657708740234375000e+01
3.671282577514648438e+01
3.715958404541015625e+01
3.680267333984375000e+01
3.531530380249023438e+01
3.585443115234375000e+01
3.706673812866210938e+01
3.758790206909179688e+01
3.786791610717773438e+01
3.801863479614257812e+01
3.814372253417968750e+01
3.794094085693359375e+01
3.787535476684570312e+01
3.797628021240234375e+01
3.814065170288085938e+01
3.819484710693359375e+01
3.795725250244140625e+01
3.773695373535156250e+01
3.764631652832031250e+01
3.766935348510742188e+01
3.800812530517578125e+01
3.806264114379882812e+01
3.798305130004882812e+01
3.770397186279296875e+01
3.759004592895507812e+01
3.754615402221679688e+01
3.754849624633789062e+01
3.717059707641601562e+01
3.660370254516601562e+01
3.668859863281250000e+01
3.681999969482421875e+01
3.654763793945312500e+01
3.627954101562500000e+01
3.600203323364257812e+01
3.642496871948242188e+01
3.575715255737304688e+01
3.646969985961914062e+01
3.675414657592773438e+01
3.695670700073242188e+01
3.692945098876953125e+01
3.702811431884765625e+01
3.702719497680664062e+01
3.710807800292968750e+01
3.697728347778320312e+01
3.705296325683593750e+01
3.692657852172851562e+01
3.685714721679687500e+01
3.677122116088867188e+01
3.699261856079101562e+01
3.730078887939453125e+01
3.740878677368164062e+01
3.759266281127929688e+01
3.785980224609375000e+01
3.749077606201171875e+01
3.720778656005859375e+01
3.726489639282226562e+01
3.712242126464843750e+01
3.733426666259765625e+01
3.751636123657226562e+01
3.768066406250000000e+01
3.753913116455078125e+01
3.717939758300781250e+01
3.681783294677734375e+01
3.689574813842773438e+01
3.704869079589843750e+01
3.713864517211914062e+01
3.733648681640625000e+01
3.729100799560546875e+01
3.737544631958007812e+01
3.766775512695312500e+01
3.743221282958984375e+01
3.718200302124023438e+01
3.748931121826171875e+01
3.739434051513671875e+01
3.707858657836914062e+01
3.697984695434570312e+01
3.728605651855468750e+01
3.757321166992187500e+01
3.664946365356445312e+01
3.625150299072265625e+01
3.597166824340820312e+01
3.577693176269531250e+01
3.592992019653320312e+01
3.722839736938476562e+01
3.754579544067382812e+01
3.754803848266601562e+01
3.768247604370117188e+01
3.805081176757812500e+01
3.793205261230468750e+01
3.740500259399414062e+01
3.499909210205078125e+01
3.741133117675781250e+01
3.810179901123046875e+01
3.791747665405273438e+01
3.762061309814453125e+01
3.760261154174804688e+01
3.718280410766601562e+01
