2.930663871765136719e+01
2.990940475463867188e+01
3.053586959838867188e+01
3.047518539428710938e+01
3.032994270324707031e+01
3.094165420532226562e+01
3.122669029235839844e+01
3.144405746459960938e+01
3.149838066101074219e+01
3.140441131591796875e+01
3.151854896545410156e+01
3.193189430236816406e+01
3.218353271484375000e+01
3.209155654907226562e+01
3.209970474243164062e+01
3.175161933898925781e+01
3.154155158996582031e+01
3.141253662109375000e+01
3.124736976623535156e+01
3.108238410949707031e+01
3.109305000305175781e+01
3.125395774841308594e+01
3.127009582519531250e+01
3.113237571716308594e+01
3.108074760437011719e+01
3.116558456420898438e+01
3.134220886230468750e+01
3.157313728332519531e+01
3.161508178710937500e+01
3.155721473693847656e+01
3.134522628784179688e+01
3.147780609130859375e+01
3.137638664245605469e+01
3.104213142395019531e+01
3.063589859008789062e+01
3.050491905212402344e+01
3.048406219482421875e+01
3.049879074096679688e+01
3.042386627197265625e+01
3.020952796936035156e+01
3.006053733825683594e+01
2.986146163940429688e+01
2.968919372558593750e+01
2.950046157836914062e+01
2.915942382812500000e+01
2.926910972595214844e+01
2.934108543395996094e+01
2.944787788391113281e+01
3.004847908020019531e+01
3.037637329101562500e+01
3.028781700134277344e+01
2.982271385192871094e+01
2.950341796875000000e+01
3.000738906860351562e+01
3.019327545166015625e+01
3.007556915283203125e+01
2.960710144042968750e+01
2.966006660461425781e+01
2.989455795288085938e+01
2.961025238037109375e+01
2.937680435180664062e+01
2.920051383972167969e+01
2.920224189758300781e+01
2.936286926269531250e+01
2.945565795898437500e+01
2.946320915222167969e+01
2.962370300292968750e+01
2.974991035461425781e+01
2.978103065490722656e+01
2.974571609497070312e+01
2.964190483093261719e+01
2.956909370422363281e+01
2.944512367248535156e+01
2.953322219848632812e+01
2.962598609924316406e+01
2.957337188720703125e+01
2.949785041809082031e+01
2.940568351745605469e+01
2.944904899597167969e+01
2.963656234741210938e+01
2.992786216735839844e+01
2.976357460021972656e+01
2.973288917541503906e+01
2.981678009033203125e+01
3.000156402587890625e+01
2.999099159240722656e+01
2.996864318847656250e+01
3.001013183593750000e+01
3.022899818420410156e+01
3.078514480590820312e+01
3.065639877319335938e+01
3.041994094848632812e+01
3.035605239868164062e+01
3.082571983337402344e+01
3.094040107727050781e+01
3.094086074829101562e+01
3.097976875305175781e+01
3.099305915832519531e+01
3.090544319152832031e+01
3.088659286499023438e+01
3.094798851013183594e+01
3.103890800476074219e+01
3.103202056884765625e+01
3.112966918945312500e+01
3.117424201965332031e+01
3.129931640625000000e+01
3.161984825134277344e+01
3.164530754089355469e+01
3.119551658630371094e+01
3.038988685607910156e+01
