3.231168746948242188e+01
3.254449462890625000e+01
3.293566894531250000e+01
3.376491928100585938e+01
3.419936370849609375e+01
3.470825576782226562e+01
3.480123138427734375e+01
3.371136474609375000e+01
3.341561889648437500e+01
3.381563949584960938e+01
3.473290634155273438e+01
3.524558258056640625e+01
3.465897369384765625e+01
3.498129653930664062e+01
3.489421463012695312e+01
3.594972229003906250e+01
3.527315902709960938e+01
3.492654037475585938e+01
3.455359268188476562e+01
3.395817947387695312e+01
3.389389801025390625e+01
3.389013290405273438e+01
3.397719955444335938e+01
3.430356216430664062e+01
3.457361221313476562e+01
3.459696578979492188e+01
3.457181167602539062e+01
3.460725402832031250e+01
3.506166458129882812e+01
3.512639999389648438e+01
3.525495910644531250e+01
3.557597732543945312e+01
3.602677154541015625e+01
3.606423568725585938e+01
3.599785232543945312e+01
3.633971405029296875e+01
3.644344711303710938e+01
3.644709014892578125e+01
3.652206420898437500e+01
3.679727554321289062e+01
3.671411132812500000e+01
3.652912139892578125e+01
3.692714691162109375e+01
3.723676681518554688e+01
3.711717605590820312e+01
3.695542144775390625e+01
3.676105117797851562e+01
3.669471740722656250e+01
3.677496337890625000e+01
3.689389419555664062e+01
3.704376220703125000e+01
3.695706558227539062e+01
3.703045654296875000e+01
3.706110000610351562e+01
3.725942993164062500e+01
3.735073471069335938e+01
3.742119216918945312e+01
3.750902938842773438e+01
3.757779693603515625e+01
3.787009811401367188e+01
3.770520019531250000e+01
3.745849227905273438e+01
3.735927200317382812e+01
3.739163970947265625e+01
3.744933319091796875e+01
3.749965667724609375e+01
3.756798171997070312e+01
3.731879043579101562e+01
3.712983322143554688e+01
3.699724960327148438e+01
3.708982849121093750e+01
3.703722381591796875e+01
3.689388275146484375e+01
3.682717895507812500e+01
3.691665267944335938e+01
3.670035171508789062e+01
3.647310256958007812e+01
3.607114028930664062e+01
3.661017990112304688e+01
3.681057357788085938e+01
3.675687026977539062e+01
3.709020996093750000e+01
3.735474395751953125e+01
3.722903823852539062e+01
3.661122894287109375e+01
3.655076599121093750e+01
3.664090347290039062e+01
3.635705947875976562e+01
3.626205062866210938e+01
3.614608383178710938e+01
3.544969940185546875e+01
3.603718566894531250e+01
3.667166519165039062e+01
3.697766113281250000e+01
3.678136825561523438e+01
3.612166976928710938e+01
3.534188079833984375e+01
3.472661972045898438e+01
3.455434799194335938e+01
3.532040786743164062e+01
3.640999603271484375e+01
3.721398162841796875e+01
3.758288574218750000e+01
3.807293701171875000e+01
3.831745529174804688e+01
