2.480666923522949219e+01
2.406324958801269531e+01
2.509169006347656250e+01
2.583973693847656250e+01
2.595665359497070312e+01
2.572878265380859375e+01
2.560792541503906250e+01
2.544503784179687500e+01
2.541786003112792969e+01
2.496760559082031250e+01
2.505639457702636719e+01
2.514008140563964844e+01
2.536262702941894531e+01
2.577519989013671875e+01
2.626163291931152344e+01
2.640500831604003906e+01
2.628591156005859375e+01
2.602203369140625000e+01
2.581223106384277344e+01
2.583856582641601562e+01
2.607065010070800781e+01
2.626954269409179688e+01
2.652901649475097656e+01
2.665922164916992188e+01
2.661166954040527344e+01
2.657190132141113281e+01
2.656698036193847656e+01
2.665346908569335938e+01
2.678113174438476562e+01
2.692132377624511719e+01
2.699934196472167969e+01
2.685259437561035156e+01
2.662248802185058594e+01
2.656691551208496094e+01
2.656764602661132812e+01
2.667839050292968750e+01
2.667391777038574219e+01
2.675824737548828125e+01
2.671298980712890625e+01
2.670422935485839844e+01
2.668159675598144531e+01
2.668036842346191406e+01
2.678954696655273438e+01
2.690275764465332031e+01
2.686536407470703125e+01
2.690095520019531250e+01
2.703566169738769531e+01
2.705802154541015625e+01
2.682337188720703125e+01
2.649953460693359375e+01
2.623575592041015625e+01
2.616282463073730469e+01
2.604520988464355469e+01
2.602717399597167969e+01
2.626205062866210938e+01
2.648640632629394531e+01
2.677340316772460938e+01
2.686142158508300781e+01
2.694023323059082031e+01
2.690935516357421875e+01
2.681602668762207031e+01
2.658611869812011719e+01
2.634446144104003906e+01
2.628343391418457031e+01
2.630830574035644531e+01
2.647195625305175781e+01
2.666849899291992188e+01
2.683987998962402344e+01
2.688799095153808594e+01
2.673437118530273438e+01
2.670066642761230469e+01
2.680175018310546875e+01
2.689489364624023438e+01
2.694863700866699219e+01
2.692960357666015625e+01
2.691905403137207031e+01
2.697657394409179688e+01
2.701647377014160156e+01
2.692334175109863281e+01
2.677831268310546875e+01
2.658201408386230469e+01
2.631436920166015625e+01
2.612157249450683594e+01
2.605401420593261719e+01
2.603075981140136719e+01
2.609020805358886719e+01
2.618265342712402344e+01
2.627147674560546875e+01
2.647377967834472656e+01
2.665789985656738281e+01
2.671026039123535156e+01
2.685912704467773438e+01
2.695724487304687500e+01
2.704189109802246094e+01
2.703266716003417969e+01
2.695125198364257812e+01
2.684800148010253906e+01
2.656906509399414062e+01
2.642350006103515625e+01
2.617953300476074219e+01
2.633021354675292969e+01
2.634881782531738281e+01
2.658239364624023438e+01
2.630762481689453125e+01
2.527971839904785156e+01
2.513716316223144531e+01
2.494647407531738281e+01
