3.257363128662109375e+01
3.329408264160156250e+01
3.427304458618164062e+01
3.392852020263671875e+01
3.379380798339843750e+01
3.335298156738281250e+01
3.347220993041992188e+01
3.289178466796875000e+01
3.283096694946289062e+01
3.270495986938476562e+01
3.296156311035156250e+01
3.328395462036132812e+01
3.344412994384765625e+01
3.346896743774414062e+01
3.335900878906250000e+01
3.352116394042968750e+01
3.381295013427734375e+01
3.402651214599609375e+01
3.414744567871093750e+01
3.413356399536132812e+01
3.427901458740234375e+01
3.465836334228515625e+01
3.499782943725585938e+01
3.485290908813476562e+01
3.452542877197265625e+01
3.433916473388671875e+01
3.440208435058593750e+01
3.453348541259765625e+01
3.457233810424804688e+01
3.428368377685546875e+01
3.442432403564453125e+01
3.444020843505859375e+01
3.471387481689453125e+01
3.468103790283203125e+01
3.441625213623046875e+01
3.392181396484375000e+01
3.342823791503906250e+01
3.313414382934570312e+01
3.298472976684570312e+01
3.278807830810546875e+01
3.254742813110351562e+01
3.235398483276367188e+01
3.230776596069335938e+01
3.242911148071289062e+01
3.263589477539062500e+01
3.308657836914062500e+01
3.358385467529296875e+01
3.381078720092773438e+01
3.381677627563476562e+01
3.365021514892578125e+01
3.336347961425781250e+01
3.320133590698242188e+01
3.315072631835937500e+01
3.310170745849609375e+01
3.306343841552734375e+01
3.298980712890625000e+01
3.283010864257812500e+01
3.267380142211914062e+01
3.265994644165039062e+01
3.258992767333984375e+01
3.249333190917968750e+01
3.238169860839843750e+01
3.217123413085937500e+01
3.202379226684570312e+01
3.204241180419921875e+01
3.226213073730468750e+01
3.234521865844726562e+01
3.214461517333984375e+01
3.182828903198242188e+01
3.161859321594238281e+01
3.161393356323242188e+01
3.173830986022949219e+01
3.182321357727050781e+01
3.193857383728027344e+01
3.233902740478515625e+01
3.262553405761718750e+01
3.250205993652343750e+01
3.236507415771484375e+01
3.244229507446289062e+01
3.254654693603515625e+01
3.263823699951171875e+01
3.264528656005859375e+01
3.287996673583984375e+01
3.347165679931640625e+01
3.387514495849609375e+01
3.422684860229492188e+01
3.392077636718750000e+01
3.339501190185546875e+01
3.298907852172851562e+01
3.258340454101562500e+01
3.223433303833007812e+01
3.204889678955078125e+01
3.197015190124511719e+01
3.222153854370117188e+01
3.240889358520507812e+01
3.247337722778320312e+01
3.247240447998046875e+01
3.241595840454101562e+01
3.209058761596679688e+01
