3.245195770263671875e+01
3.252574157714843750e+01
3.280172729492187500e+01
3.317577362060546875e+01
3.292127609252929688e+01
3.192936897277832031e+01
3.145177078247070312e+01
3.175735282897949219e+01
3.202137374877929688e+01
3.182723808288574219e+01
3.183641624450683594e+01
3.211931991577148438e+01
3.267771148681640625e+01
3.312374496459960938e+01
3.320969009399414062e+01
3.340325164794921875e+01
3.374701690673828125e+01
3.373085784912109375e+01
3.344404220581054688e+01
3.301802825927734375e+01
3.247644424438476562e+01
3.282947158813476562e+01
3.306389617919921875e+01
3.323513412475585938e+01
3.322238159179687500e+01
3.313582992553710938e+01
3.309869384765625000e+01
3.287253570556640625e+01
3.273161315917968750e+01
3.260647201538085938e+01
3.232875823974609375e+01
3.229078674316406250e+01
3.210707092285156250e+01
3.180825614929199219e+01
3.153981590270996094e+01
3.123221778869628906e+01
3.107565498352050781e+01
3.126001739501953125e+01
3.150933647155761719e+01
3.239782714843750000e+01
3.338137817382812500e+01
3.349508666992187500e+01
3.314489746093750000e+01
3.302562332153320312e+01
3.305535507202148438e+01
3.302062225341796875e+01
3.272100067138671875e+01
3.277182388305664062e+01
3.260747146606445312e+01
3.228195190429687500e+01
3.215286254882812500e+01
3.188903045654296875e+01
3.146194839477539062e+01
3.111207771301269531e+01
3.149315834045410156e+01
3.144797325134277344e+01
3.164603614807128906e+01
3.196456718444824219e+01
3.241770553588867188e+01
3.261386108398437500e+01
3.280458831787109375e+01
3.307533645629882812e+01
3.320397949218750000e+01
3.286099243164062500e+01
3.229019546508789062e+01
3.150817680358886719e+01
3.119841003417968750e+01
3.113549613952636719e+01
3.144769287109375000e+01
3.152607154846191406e+01
3.144309425354003906e+01
3.139790344238281250e+01
3.149063682556152344e+01
3.170115089416503906e+01
3.225126647949218750e+01
3.267707824707031250e+01
3.305853271484375000e+01
3.347403335571289062e+01
3.369078826904296875e+01
3.372818756103515625e+01
3.353943634033203125e+01
3.325585174560546875e+01
3.304370880126953125e+01
3.284398651123046875e+01
3.282587814331054688e+01
3.306726074218750000e+01
3.333169555664062500e+01
3.338304901123046875e+01
3.335488128662109375e+01
3.328150177001953125e+01
3.325694656372070312e+01
3.307863616943359375e+01
3.291188812255859375e+01
3.278976440429687500e+01
3.271878051757812500e+01
3.261596298217773438e+01
3.259497070312500000e+01
3.262202072143554688e+01
3.242762756347656250e+01
3.214622879028320312e+01
3.179214477539062500e+01
3.158827018737792969e+01
3.232050704956054688e+01
3.240601730346679688e+01
3.284281158447265625e+01
3.276813125610351562e+01
3.272595596313476562e+01
3.372126770019531250e+01
