3.372406387329101562e+01
3.427880859375000000e+01
3.418342590332031250e+01
3.394814300537109375e+01
3.356184387207031250e+01
3.339192199707031250e+01
3.349324035644531250e+01
3.331528854370117188e+01
3.315621948242187500e+01
3.286794662475585938e+01
3.260866928100585938e+01
3.245103454589843750e+01
3.256142044067382812e+01
3.282124710083007812e+01
3.319596481323242188e+01
3.319592285156250000e+01
3.306209945678710938e+01
3.344709396362304688e+01
3.348173904418945312e+01
3.345024490356445312e+01
3.335345458984375000e+01
3.337088394165039062e+01
3.347853851318359375e+01
3.370661544799804688e+01
3.367866134643554688e+01
3.347531127929687500e+01
3.347908782958984375e+01
3.358995056152343750e+01
3.365666198730468750e+01
3.365813827514648438e+01
3.360584259033203125e+01
3.367665481567382812e+01
3.380233383178710938e+01
3.372175216674804688e+01
3.367510604858398438e+01
3.364685440063476562e+01
3.353614044189453125e+01
3.350747680664062500e+01
3.343020629882812500e+01
3.329146194458007812e+01
3.313467407226562500e+01
3.315350723266601562e+01
3.330559158325195312e+01
3.340616226196289062e+01
3.330958175659179688e+01
3.299151992797851562e+01
3.289964675903320312e+01
3.296462249755859375e+01
3.297675704956054688e+01
3.321272659301757812e+01
3.319356536865234375e+01
3.318279647827148438e+01
3.336707305908203125e+01
3.351572799682617188e+01
3.354249191284179688e+01
3.352985000610351562e+01
3.360851669311523438e+01
3.356285095214843750e+01
3.379068756103515625e+01
3.382058715820312500e+01
3.347570037841796875e+01
3.322588348388671875e+01
3.294207763671875000e+01
3.259706878662109375e+01
3.273265838623046875e+01
3.307630920410156250e+01
3.336510848999023438e+01
3.353075408935546875e+01
3.357686614990234375e+01
3.357972717285156250e+01
3.354203796386718750e+01
3.353288269042968750e+01
3.343906402587890625e+01
3.348583221435546875e+01
3.362485122680664062e+01
3.369441986083984375e+01
3.338014984130859375e+01
3.310676574707031250e+01
3.301154327392578125e+01
3.300684738159179688e+01
3.317318725585937500e+01
3.324777984619140625e+01
3.318400955200195312e+01
3.317214965820312500e+01
3.331156539916992188e+01
3.353740310668945312e+01
3.389410400390625000e+01
3.405963897705078125e+01
3.404781341552734375e+01
3.395191192626953125e+01
3.396575164794921875e+01
3.385171890258789062e+01
3.374463653564453125e+01
3.349971771240234375e+01
3.306003952026367188e+01
3.261314773559570312e+01
3.231632232666015625e+01
3.224351501464843750e+01
3.210214996337890625e+01
3.205965423583984375e+01
3.216032028198242188e+01
3.212871170043945312e+01
3.220182418823242188e+01
3.262549209594726562e+01
3.319168090820312500e+01
3.374314498901367188e+01
3.278573226928710938e+01
3.220822525024414062e+01
3.172980690002441406e+01
