3.698468780517578125e+01
3.703843307495117188e+01
3.703354644775390625e+01
3.678478622436523438e+01
3.680793380737304688e+01
3.693635940551757812e+01
3.656399917602539062e+01
3.622343826293945312e+01
3.676814651489257812e+01
3.677912521362304688e+01
3.648939132690429688e+01
3.560016632080078125e+01
3.494953536987304688e+01
3.510536193847656250e+01
3.599729919433593750e+01
3.633092498779296875e+01
3.692456817626953125e+01
3.753294754028320312e+01
3.772590255737304688e+01
3.744427490234375000e+01
3.676481628417968750e+01
3.659614181518554688e+01
3.707366180419921875e+01
3.673503494262695312e+01
3.630865859985351562e+01
3.659666061401367188e+01
3.658142471313476562e+01
3.705890274047851562e+01
3.785173034667968750e+01
3.804611968994140625e+01
3.795731353759765625e+01
3.778523635864257812e+01
3.760766983032226562e+01
3.689336776733398438e+01
3.614542388916015625e+01
3.632880020141601562e+01
3.689068984985351562e+01
3.659465408325195312e+01
3.570631027221679688e+01
3.608885574340820312e+01
3.616925430297851562e+01
3.622929763793945312e+01
3.561775970458984375e+01
3.535071945190429688e+01
3.549203109741210938e+01
3.608242416381835938e+01
3.630972290039062500e+01
3.646184158325195312e+01
3.651012802124023438e+01
3.655507278442382812e+01
3.659756088256835938e+01
3.680266571044921875e+01
3.691731643676757812e+01
3.675945663452148438e+01
3.645784759521484375e+01
3.634151840209960938e+01
3.658169174194335938e+01
3.663827896118164062e+01
3.648817062377929688e+01
3.625724792480468750e+01
3.605189132690429688e+01
3.583773803710937500e+01
3.616024398803710938e+01
3.588002014160156250e+01
3.572376632690429688e+01
3.587263870239257812e+01
3.578174972534179688e+01
3.582874298095703125e+01
3.586677932739257812e+01
3.598962783813476562e+01
3.645467758178710938e+01
3.670111846923828125e+01
3.683328247070312500e+01
3.716902542114257812e+01
3.740100479125976562e+01
3.744440841674804688e+01
3.754355239868164062e+01
3.768672943115234375e+01
3.763902282714843750e+01
3.734709548950195312e+01
3.723876571655273438e+01
3.740997695922851562e+01
3.749427032470703125e+01
3.750804138183593750e+01
3.744856262207031250e+01
3.769553375244140625e+01
3.792948913574218750e+01
3.765247726440429688e+01
3.764354705810546875e+01
3.732508087158203125e+01
3.689749526977539062e+01
3.636162948608398438e+01
3.649712753295898438e+01
3.612617111206054688e+01
