2.731998825073242188e+01
2.675226783752441406e+01
2.639910125732421875e+01
2.669419288635253906e+01
2.691194534301757812e+01
2.729958343505859375e+01
2.731655883789062500e+01
2.744120025634765625e+01
2.748126220703125000e+01
2.755695724487304688e+01
2.763465309143066406e+01
2.787858390808105469e+01
2.871396827697753906e+01
2.835194206237792969e+01
2.814600944519042969e+01
2.787765121459960938e+01
2.789093399047851562e+01
2.858357810974121094e+01
2.879836082458496094e+01
2.836985206604003906e+01
2.779673385620117188e+01
2.762966537475585938e+01
2.773579216003417969e+01
2.760646629333496094e+01
2.762690544128417969e+01
2.739535903930664062e+01
2.726403999328613281e+01
2.722928237915039062e+01
2.731933975219726562e+01
2.751485443115234375e+01
2.749625205993652344e+01
2.743430137634277344e+01
2.738160896301269531e+01
2.740125274658203125e+01
2.753508377075195312e+01
2.759056282043457031e+01
2.777831077575683594e+01
2.789385032653808594e+01
2.807048797607421875e+01
2.803783988952636719e+01
2.777715110778808594e+01
2.755352783203125000e+01
2.754267311096191406e+01
2.766296577453613281e+01
2.783691406250000000e+01
2.769978904724121094e+01
2.725950050354003906e+01
2.770214462280273438e+01
2.802212524414062500e+01
2.799794387817382812e+01
2.778172111511230469e+01
2.754607772827148438e+01
2.762822723388671875e+01
2.753095436096191406e+01
2.753791046142578125e+01
2.755323600769042969e+01
2.757736968994140625e+01
2.769615173339843750e+01
2.781295967102050781e+01
2.780604171752929688e+01
2.777579498291015625e+01
2.771064758300781250e+01
2.763300323486328125e+01
2.761447906494140625e+01
2.754487037658691406e+01
2.765223693847656250e+01
2.774851226806640625e+01
2.771203613281250000e+01
2.746944999694824219e+01
2.714597892761230469e+01
2.686005210876464844e+01
2.675346946716308594e+01
2.668388938903808594e+01
2.668195724487304688e+01
2.671633720397949219e+01
2.683517265319824219e+01
2.678765487670898438e+01
2.677140808105468750e+01
2.674386215209960938e+01
2.677708435058593750e+01
2.676891326904296875e+01
2.661743736267089844e+01
2.653925704956054688e+01
2.661135673522949219e+01
2.674130630493164062e+01
2.686414909362792969e+01
2.695541572570800781e+01
2.711838912963867188e+01
2.735305595397949219e+01
2.777037048339843750e+01
2.754067802429199219e+01
2.707605934143066406e+01
2.673427009582519531e+01
2.644303703308105469e+01
2.638123512268066406e+01
2.656196784973144531e+01
2.669316291809082031e+01
2.675764083862304688e+01
2.683719062805175781e+01
2.708107948303222656e+01
2.712091445922851562e+01
2.692965698242187500e+01
2.684180259704589844e+01
2.678739356994628906e+01
