3.722037506103515625e+01
3.752986145019531250e+01
3.762051391601562500e+01
3.775173950195312500e+01
3.794082641601562500e+01
3.802845764160156250e+01
3.788800811767578125e+01
3.779154968261718750e+01
3.787176513671875000e+01
3.794450378417968750e+01
3.783730316162109375e+01
3.761743927001953125e+01
3.750237655639648438e+01
3.776305770874023438e+01
3.796297454833984375e+01
3.811561584472656250e+01
3.837882232666015625e+01
3.852802658081054688e+01
3.852504348754882812e+01
3.850630950927734375e+01
3.848588180541992188e+01
3.843577575683593750e+01
3.853212738037109375e+01
3.850701522827148438e+01
3.852109527587890625e+01
3.855778503417968750e+01
3.860299682617187500e+01
3.846249389648437500e+01
3.842271041870117188e+01
3.830593109130859375e+01
3.832039642333984375e+01
3.843622970581054688e+01
3.842887115478515625e+01
3.847551345825195312e+01
3.864647674560546875e+01
3.862602233886718750e+01
3.868337249755859375e+01
3.872635269165039062e+01
3.868946456909179688e+01
3.858218383789062500e+01
3.852031707763671875e+01
3.834983062744140625e+01
3.818983078002929688e+01
3.815494155883789062e+01
3.829984664916992188e+01
3.857270812988281250e+01
3.871817779541015625e+01
3.879607009887695312e+01
3.872613143920898438e+01
3.881594848632812500e+01
3.882035446166992188e+01
3.875196075439453125e+01
3.870327758789062500e+01
3.874253082275390625e+01
3.875682830810546875e+01
3.889089965820312500e+01
3.905578613281250000e+01
3.907901000976562500e+01
3.887573242187500000e+01
3.869370651245117188e+01
3.835276412963867188e+01
3.811242675781250000e+01
3.787164688110351562e+01
3.782165527343750000e+01
3.787984466552734375e+01
3.793134689331054688e+01
3.766090393066406250e+01
3.731938171386718750e+01
3.715631484985351562e+01
3.718997955322265625e+01
3.748865890502929688e+01
3.755818176269531250e+01
3.772677612304687500e+01
3.798637008666992188e+01
3.792238235473632812e+01
3.771680450439453125e+01
3.773365402221679688e+01
3.793619918823242188e+01
3.834347915649414062e+01
3.844216156005859375e+01
3.818206405639648438e+01
3.830784988403320312e+01
3.820299911499023438e+01
3.825410842895507812e+01
3.842800521850585938e+01
3.848318862915039062e+01
3.853794097900390625e+01
3.842032623291015625e+01
3.792801284790039062e+01
3.758972930908203125e+01
3.763208770751953125e+01
3.773283386230468750e+01
3.777210235595703125e+01
3.785634994506835938e+01
3.808574676513671875e+01
3.825075531005859375e+01
3.818999099731445312e+01
3.776629638671875000e+01
3.698431777954101562e+01
3.693215942382812500e+01
