3.825418472290039062e+01
3.812597274780273438e+01
3.804908370971679688e+01
3.809486007690429688e+01
3.811506652832031250e+01
3.807461166381835938e+01
3.808438873291015625e+01
3.827068710327148438e+01
3.830318832397460938e+01
3.835428619384765625e+01
3.839298629760742188e+01
3.828395462036132812e+01
3.832727432250976562e+01
3.835412979125976562e+01
3.827877426147460938e+01
3.809799575805664062e+01
3.789265441894531250e+01
3.781846237182617188e+01
3.787599182128906250e+01
3.779422378540039062e+01
3.795914459228515625e+01
3.786374282836914062e+01
3.770364379882812500e+01
3.786560821533203125e+01
3.774865722656250000e+01
3.771506500244140625e+01
3.789649200439453125e+01
3.781031799316406250e+01
3.770873260498046875e+01
3.756279754638671875e+01
3.758700180053710938e+01
3.746430587768554688e+01
3.740468215942382812e+01
3.731565856933593750e+01
3.742117309570312500e+01
3.755051040649414062e+01
3.754842376708984375e+01
3.781023406982421875e+01
3.782938766479492188e+01
3.791999435424804688e+01
3.803998565673828125e+01
3.805738830566406250e+01
3.792181015014648438e+01
3.778976821899414062e+01
3.764665985107421875e+01
3.754786682128906250e+01
3.745284271240234375e+01
3.737990188598632812e+01
3.756739807128906250e+01
3.769643783569335938e+01
3.766752624511718750e+01
3.750760269165039062e+01
3.779413223266601562e+01
3.801537704467773438e+01
3.807892608642578125e+01
3.790865707397460938e+01
3.783813858032226562e+01
3.778239059448242188e+01
3.778451919555664062e+01
3.770850753784179688e+01
3.759508895874023438e+01
3.746738052368164062e+01
3.727939605712890625e+01
3.722132110595703125e+01
3.700375747680664062e+01
3.706811523437500000e+01
3.702343368530273438e+01
3.707833862304687500e+01
3.702868652343750000e+01
3.693233108520507812e+01
3.696848678588867188e+01
3.701558303833007812e+01
3.698277282714843750e+01
3.697986602783203125e+01
3.717990112304687500e+01
3.733802413940429688e+01
3.742678833007812500e+01
3.752647018432617188e+01
3.743771743774414062e+01
3.746940612792968750e+01
3.739860534667968750e+01
3.744971466064453125e+01
3.754616928100585938e+01
3.763589859008789062e+01
3.779840469360351562e+01
3.803670501708984375e+01
3.805894470214843750e+01
3.806532287597656250e+01
3.811349868774414062e+01
3.811766815185546875e+01
3.796784591674804688e+01
3.821466827392578125e+01
3.820581817626953125e+01
3.830803298950195312e+01
3.837306594848632812e+01
3.834943389892578125e+01
3.797167205810546875e+01
3.790000152587890625e+01
3.797756195068359375e+01
3.788461303710937500e+01
3.755752563476562500e+01
3.775020980834960938e+01
3.801167297363281250e+01
3.775507354736328125e+01
3.776125335693359375e+01
3.782598876953125000e+01
3.797409057617187500e+01
3.799034881591796875e+01
