3.739968490600585938e+01
3.735195922851562500e+01
3.737240600585937500e+01
3.722142410278320312e+01
3.724234390258789062e+01
3.736318588256835938e+01
3.748897933959960938e+01
3.767522048950195312e+01
3.785305023193359375e+01
3.793907165527343750e+01
3.808839797973632812e+01
3.778891372680664062e+01
3.714997863769531250e+01
3.738166046142578125e+01
3.769556045532226562e+01
3.764704895019531250e+01
3.753152465820312500e+01
3.755020141601562500e+01
3.762058258056640625e+01
3.765195846557617188e+01
3.746550750732421875e+01
3.692828369140625000e+01
3.656432723999023438e+01
3.653791427612304688e+01
3.633777999877929688e+01
3.630159759521484375e+01
3.658949661254882812e+01
3.685418319702148438e+01
3.703817367553710938e+01
3.696392822265625000e+01
3.698390960693359375e+01
3.692288589477539062e+01
3.682171249389648438e+01
3.685883712768554688e+01
3.692003250122070312e+01
3.706469345092773438e+01
3.708741378784179688e+01
3.698540496826171875e+01
3.698696136474609375e+01
3.705396652221679688e+01
3.708930206298828125e+01
3.701419830322265625e+01
3.683142471313476562e+01
3.670604324340820312e+01
3.666108322143554688e+01
3.684694671630859375e+01
3.691502380371093750e+01
3.685195541381835938e+01
3.671647644042968750e+01
3.651012802124023438e+01
3.600749588012695312e+01
3.526680755615234375e+01
3.569935989379882812e+01
3.689826965332031250e+01
3.735701370239257812e+01
3.741385269165039062e+01
3.732679367065429688e+01
3.715880966186523438e+01
3.705866622924804688e+01
3.700075912475585938e+01
3.683800506591796875e+01
3.670092773437500000e+01
3.662857055664062500e+01
3.657889556884765625e+01
3.651057434082031250e+01
3.664007949829101562e+01
3.664830398559570312e+01
3.654092025756835938e+01
3.650791168212890625e+01
3.642065429687500000e+01
3.625817108154296875e+01
3.604728317260742188e+01
3.612279891967773438e+01
3.614384841918945312e+01
3.626940536499023438e+01
3.600918579101562500e+01
3.565391921997070312e+01
3.586582565307617188e+01
3.588473510742187500e+01
3.522410202026367188e+01
3.505163574218750000e+01
3.537665939331054688e+01
3.648653411865234375e+01
3.703400421142578125e+01
3.733282470703125000e+01
3.748850250244140625e+01
3.759004974365234375e+01
3.732552337646484375e+01
3.705081558227539062e+01
3.666180419921875000e+01
3.669051361083984375e+01
3.656240844726562500e+01
3.646991348266601562e+01
3.633747482299804688e+01
3.609069442749023438e+01
3.485779571533203125e+01
3.469282913208007812e+01
3.462304687500000000e+01
3.450646209716796875e+01
3.435873031616210938e+01
