2.494047355651855469e+01
2.454462242126464844e+01
2.430348968505859375e+01
2.428540992736816406e+01
2.429350471496582031e+01
2.431002807617187500e+01
2.412156677246093750e+01
2.412175750732421875e+01
2.425372505187988281e+01
2.425471115112304688e+01
2.431545639038085938e+01
2.444737815856933594e+01
2.436324501037597656e+01
2.428424072265625000e+01
2.423630332946777344e+01
2.417047691345214844e+01
2.404874420166015625e+01
2.395746421813964844e+01
2.394079589843750000e+01
2.396651458740234375e+01
2.395059776306152344e+01
2.390606498718261719e+01
2.384308433532714844e+01
2.378260421752929688e+01
2.372097015380859375e+01
2.372381401062011719e+01
2.375133323669433594e+01
2.381462287902832031e+01
2.383676910400390625e+01
2.393326187133789062e+01
2.399216461181640625e+01
2.399566650390625000e+01
2.407727813720703125e+01
2.419345474243164062e+01
2.434280776977539062e+01
2.449457931518554688e+01
2.471364974975585938e+01
2.501642990112304688e+01
2.534743309020996094e+01
2.554365539550781250e+01
2.541000747680664062e+01
2.525879669189453125e+01
2.519567680358886719e+01
2.524935340881347656e+01
2.532431411743164062e+01
2.544491577148437500e+01
2.539690971374511719e+01
2.520315170288085938e+01
2.509226417541503906e+01
2.501089477539062500e+01
2.485257339477539062e+01
2.487637138366699219e+01
2.501939773559570312e+01
2.498805809020996094e+01
2.478130722045898438e+01
2.466261100769042969e+01
2.481603622436523438e+01
2.488598632812500000e+01
2.492099571228027344e+01
2.524895095825195312e+01
2.540692901611328125e+01
2.533847427368164062e+01
2.515528297424316406e+01
2.501503562927246094e+01
2.501340103149414062e+01
2.526019287109375000e+01
2.540997314453125000e+01
2.536598777770996094e+01
2.530997467041015625e+01
2.503693580627441406e+01
2.488822937011718750e+01
2.462832450866699219e+01
2.417070007324218750e+01
2.357264328002929688e+01
2.300871849060058594e+01
2.350399398803710938e+01
2.411708450317382812e+01
2.446750259399414062e+01
2.470683670043945312e+01
2.500581741333007812e+01
2.490809249877929688e+01
2.463306808471679688e+01
2.442914009094238281e+01
2.440855026245117188e+01
2.470182609558105469e+01
2.484277725219726562e+01
2.471437835693359375e+01
2.461478042602539062e+01
2.438093376159667969e+01
2.463443946838378906e+01
2.521227645874023438e+01
