2.912001419067382812e+01
2.740563201904296875e+01
2.701618576049804688e+01
2.697014999389648438e+01
2.720039367675781250e+01
2.728503417968750000e+01
2.710014724731445312e+01
2.689032554626464844e+01
2.707009887695312500e+01
2.718318176269531250e+01
2.713331222534179688e+01
2.717180824279785156e+01
2.724314498901367188e+01
2.732523345947265625e+01
2.742677879333496094e+01
2.720024871826171875e+01
2.721983909606933594e+01
2.745999717712402344e+01
2.757656478881835938e+01
2.763914871215820312e+01
2.772006225585937500e+01
2.774613189697265625e+01
2.761528968811035156e+01
2.754822158813476562e+01
2.761151885986328125e+01
2.767047500610351562e+01
2.765496444702148438e+01
2.751670074462890625e+01
2.745033073425292969e+01
2.742511177062988281e+01
2.728009414672851562e+01
2.711142921447753906e+01
2.696025466918945312e+01
2.682829475402832031e+01
2.671562004089355469e+01
2.666980361938476562e+01
2.663142776489257812e+01
2.662355232238769531e+01
2.669259834289550781e+01
2.679371261596679688e+01
2.696136283874511719e+01
2.730374336242675781e+01
2.773871421813964844e+01
2.781048202514648438e+01
2.784555625915527344e+01
2.783974266052246094e+01
2.753483200073242188e+01
2.736773681640625000e+01
2.724333953857421875e+01
2.692183303833007812e+01
2.676678466796875000e+01
2.658866691589355469e+01
2.649147605895996094e+01
2.663437080383300781e+01
2.691778564453125000e+01
2.711152839660644531e+01
2.717658233642578125e+01
2.728887557983398438e+01
2.714169692993164062e+01
2.712352943420410156e+01
2.727823829650878906e+01
2.749071121215820312e+01
2.755475997924804688e+01
2.752837371826171875e+01
2.749603271484375000e+01
2.757370376586914062e+01
2.775885391235351562e+01
2.789556312561035156e+01
2.791803359985351562e+01
2.779373741149902344e+01
2.777135086059570312e+01
2.779500770568847656e+01
2.781807708740234375e+01
2.769403839111328125e+01
2.765488433837890625e+01
2.764206504821777344e+01
2.754801559448242188e+01
2.742547225952148438e+01
2.741009140014648438e+01
2.727685928344726562e+01
2.726449394226074219e+01
2.741705894470214844e+01
2.731072998046875000e+01
2.715708351135253906e+01
2.715665054321289062e+01
2.726651000976562500e+01
2.727426719665527344e+01
2.728137779235839844e+01
2.723351478576660156e+01
2.718365859985351562e+01
2.723897743225097656e+01
2.729976081848144531e+01
2.720239639282226562e+01
2.732400512695312500e+01
2.740493392944335938e+01
2.730997085571289062e+01
2.725632476806640625e+01
2.718862342834472656e+01
2.705046844482421875e+01
2.704874420166015625e+01
2.692303276062011719e+01
2.673615264892578125e+01
2.658627319335937500e+01
2.645380401611328125e+01
2.658697128295898438e+01
2.665168762207031250e+01
