2.485962104797363281e+01
2.481384086608886719e+01
2.496548461914062500e+01
2.501691818237304688e+01
2.491458320617675781e+01
2.494182395935058594e+01
2.513234138488769531e+01
2.538414192199707031e+01
2.539464378356933594e+01
2.533032035827636719e+01
2.524630928039550781e+01
2.527234077453613281e+01
2.532433128356933594e+01
2.540442466735839844e+01
2.532935714721679688e+01
2.517594718933105469e+01
2.531806945800781250e+01
2.543416404724121094e+01
2.543662071228027344e+01
2.532148933410644531e+01
2.519703674316406250e+01
2.518336868286132812e+01
2.524347877502441406e+01
2.522134590148925781e+01
2.506789588928222656e+01
2.491694259643554688e+01
2.477874183654785156e+01
2.471234512329101562e+01
2.464261817932128906e+01
2.465015602111816406e+01
2.454316711425781250e+01
2.456530952453613281e+01
2.468027496337890625e+01
2.474421310424804688e+01
2.478322029113769531e+01
2.476997184753417969e+01
2.477893638610839844e+01
2.474052619934082031e+01
2.474809455871582031e+01
2.472546768188476562e+01
2.491403579711914062e+01
2.503745841979980469e+01
2.507568931579589844e+01
2.516719627380371094e+01
2.525831222534179688e+01
2.536673164367675781e+01
2.540748786926269531e+01
2.546372985839843750e+01
2.558407402038574219e+01
2.572548484802246094e+01
2.576277542114257812e+01
2.584339141845703125e+01
2.583437347412109375e+01
2.574698066711425781e+01
2.566316413879394531e+01
2.551000022888183594e+01
2.537096023559570312e+01
2.524216842651367188e+01
2.514344787597656250e+01
2.506042671203613281e+01
2.498267364501953125e+01
2.496045875549316406e+01
2.492708969116210938e+01
2.487043380737304688e+01
2.472851371765136719e+01
2.464813804626464844e+01
2.461845588684082031e+01
2.459817314147949219e+01
2.454787826538085938e+01
2.446950912475585938e+01
2.449131011962890625e+01
2.455953979492187500e+01
2.463667869567871094e+01
2.461455917358398438e+01
2.458330726623535156e+01
2.457587242126464844e+01
2.462871742248535156e+01
2.476725006103515625e+01
2.488083076477050781e+01
2.497699928283691406e+01
2.494240379333496094e+01
2.487454032897949219e+01
2.485048866271972656e+01
2.477545166015625000e+01
2.471263694763183594e+01
2.472467803955078125e+01
2.480862236022949219e+01
2.479085350036621094e+01
2.483406639099121094e+01
2.488521575927734375e+01
2.483524513244628906e+01
2.470083236694335938e+01
2.454788780212402344e+01
2.452019500732421875e+01
2.449249267578125000e+01
2.453948020935058594e+01
2.459841918945312500e+01
2.462249565124511719e+01
2.464486885070800781e+01
2.471379661560058594e+01
2.483028602600097656e+01
2.491689682006835938e+01
2.514261627197265625e+01
2.526804161071777344e+01
2.532361984252929688e+01
