3.719137954711914062e+01
3.757659530639648438e+01
3.765568161010742188e+01
3.760341262817382812e+01
3.773736953735351562e+01
3.816183090209960938e+01
3.821243286132812500e+01
3.804848098754882812e+01
3.783625030517578125e+01
3.775387573242187500e+01
3.764846420288085938e+01
3.784545516967773438e+01
3.794845962524414062e+01
3.789006805419921875e+01
3.808184432983398438e+01
3.802025222778320312e+01
3.803145599365234375e+01
3.817544937133789062e+01
3.828781127929687500e+01
3.840213012695312500e+01
3.806078720092773438e+01
3.791654968261718750e+01
3.771953201293945312e+01
3.762970733642578125e+01
3.762491226196289062e+01
3.776382064819335938e+01
3.759027481079101562e+01
3.762237930297851562e+01
3.732969284057617188e+01
3.752227401733398438e+01
3.790571975708007812e+01
3.783309173583984375e+01
3.758854675292968750e+01
3.737792968750000000e+01
3.745744323730468750e+01
3.714019775390625000e+01
3.741361236572265625e+01
3.748757171630859375e+01
3.754010772705078125e+01
3.760495758056640625e+01
3.768711471557617188e+01
3.780688858032226562e+01
3.814633941650390625e+01
3.811644363403320312e+01
3.791584014892578125e+01
3.766894149780273438e+01
3.688062286376953125e+01
3.671717453002929688e+01
3.788988113403320312e+01
3.816951370239257812e+01
3.847074890136718750e+01
3.824907302856445312e+01
3.803703308105468750e+01
3.794083404541015625e+01
3.791383743286132812e+01
3.783287811279296875e+01
3.781970596313476562e+01
3.787385559082031250e+01
3.772702026367187500e+01
3.713466262817382812e+01
3.665330505371093750e+01
3.636371994018554688e+01
3.624668121337890625e+01
3.684391403198242188e+01
3.759494400024414062e+01
3.772072601318359375e+01
3.714818572998046875e+01
3.713259887695312500e+01
3.668844223022460938e+01
3.534417724609375000e+01
3.513748931884765625e+01
3.528223037719726562e+01
3.557015991210937500e+01
3.597412109375000000e+01
3.645999908447265625e+01
3.627934265136718750e+01
3.661108016967773438e+01
3.698923492431640625e+01
3.739212417602539062e+01
3.775610733032226562e+01
3.805978775024414062e+01
3.772236633300781250e+01
3.756244277954101562e+01
3.756278991699218750e+01
3.749318695068359375e+01
3.751377487182617188e+01
3.765059661865234375e+01
3.771588134765625000e+01
3.758925628662109375e+01
3.772142028808593750e+01
3.789944458007812500e+01
3.801909255981445312e+01
3.796378707885742188e+01
3.735404205322265625e+01
3.709498977661132812e+01
3.760005187988281250e+01
3.690096664428710938e+01
3.566013717651367188e+01
3.708418655395507812e+01
3.741974639892578125e+01
3.750041580200195312e+01
3.711421966552734375e+01
3.577267074584960938e+01
3.469104766845703125e+01
