2.940262985229492188e+01
3.145384216308593750e+01
3.291522216796875000e+01
3.348519134521484375e+01
3.355903625488281250e+01
3.332765579223632812e+01
3.240333938598632812e+01
3.114487457275390625e+01
3.142219924926757812e+01
3.188343811035156250e+01
3.081254577636718750e+01
3.029175376892089844e+01
3.052807235717773438e+01
3.044087028503417969e+01
3.059539604187011719e+01
3.068703842163085938e+01
3.076972579956054688e+01
3.099308204650878906e+01
3.093888664245605469e+01
3.050901985168457031e+01
3.000424766540527344e+01
2.980639457702636719e+01
2.972519874572753906e+01
2.948967933654785156e+01
2.944608306884765625e+01
2.969662475585937500e+01
3.015279006958007812e+01
3.068161773681640625e+01
3.096355056762695312e+01
3.115939331054687500e+01
3.121573638916015625e+01
3.121171188354492188e+01
3.122129249572753906e+01
3.117535400390625000e+01
3.107611656188964844e+01
3.094137573242187500e+01
3.076363182067871094e+01
3.065655899047851562e+01
3.056466102600097656e+01
3.047759819030761719e+01
3.050575447082519531e+01
3.057899856567382812e+01
3.065119171142578125e+01
3.074795150756835938e+01
3.086496925354003906e+01
3.101563453674316406e+01
3.120547676086425781e+01
3.138770103454589844e+01
3.146647834777832031e+01
3.144257926940917969e+01
3.134255027770996094e+01
3.124519920349121094e+01
3.112252616882324219e+01
3.105817222595214844e+01
3.113183975219726562e+01
3.117553520202636719e+01
3.128541755676269531e+01
3.138617134094238281e+01
3.145965003967285156e+01
3.148603439331054688e+01
3.146042633056640625e+01
3.142896270751953125e+01
3.138731765747070312e+01
3.130248069763183594e+01
3.121488761901855469e+01
3.114626121520996094e+01
3.109641456604003906e+01
3.096421241760253906e+01
3.086754417419433594e+01
3.082723045349121094e+01
3.067684936523437500e+01
3.057151794433593750e+01
3.054696083068847656e+01
3.058239746093750000e+01
3.064412307739257812e+01
3.079915618896484375e+01
3.085799407958984375e+01
3.079344558715820312e+01
3.077387237548828125e+01
3.082804107666015625e+01
3.081963920593261719e+01
3.081659317016601562e+01
3.094904327392578125e+01
3.096010208129882812e+01
3.093475723266601562e+01
3.098581886291503906e+01
3.098344230651855469e+01
3.101213264465332031e+01
3.110369491577148438e+01
3.115780258178710938e+01
3.115177536010742188e+01
3.117254638671875000e+01
3.104815673828125000e+01
3.042292785644531250e+01
2.987000846862792969e+01
3.007461547851562500e+01
3.012363624572753906e+01
3.009205245971679688e+01
3.002751541137695312e+01
