2.981850814819335938e+01
2.983436203002929688e+01
2.977772712707519531e+01
2.984050941467285156e+01
3.022556686401367188e+01
3.066451072692871094e+01
3.075624275207519531e+01
3.054670333862304688e+01
3.040362930297851562e+01
3.019785118103027344e+01
3.004127311706542969e+01
2.999058914184570312e+01
2.993830680847167969e+01
2.966658210754394531e+01
2.955158996582031250e+01
2.954226684570312500e+01
2.938620185852050781e+01
2.927182388305664062e+01
2.927570915222167969e+01
2.937524223327636719e+01
2.952787590026855469e+01
2.969226837158203125e+01
2.976763725280761719e+01
2.967308425903320312e+01
2.945113372802734375e+01
2.933890724182128906e+01
2.948867034912109375e+01
2.965639686584472656e+01
2.988624763488769531e+01
3.013415145874023438e+01
2.991657829284667969e+01
2.965237045288085938e+01
2.951333427429199219e+01
2.952464485168457031e+01
2.964722442626953125e+01
2.979623031616210938e+01
2.985726547241210938e+01
3.002142143249511719e+01
3.007823562622070312e+01
3.025977706909179688e+01
3.026264953613281250e+01
3.018327140808105469e+01
3.005251502990722656e+01
3.001280975341796875e+01
2.996739387512207031e+01
2.998811531066894531e+01
3.015027236938476562e+01
3.032013702392578125e+01
3.054409599304199219e+01
3.084689903259277344e+01
3.092757034301757812e+01
3.075450706481933594e+01
3.040983581542968750e+01
3.036243629455566406e+01
3.021122550964355469e+01
2.999744796752929688e+01
2.997943878173828125e+01
2.988635444641113281e+01
3.011197853088378906e+01
3.003576469421386719e+01
2.987928009033203125e+01
2.974475479125976562e+01
2.966007804870605469e+01
2.975890159606933594e+01
2.972396278381347656e+01
2.942775344848632812e+01
2.931600761413574219e+01
2.936907196044921875e+01
2.933945465087890625e+01
2.907544517517089844e+01
2.897631263732910156e+01
2.911233520507812500e+01
2.916278648376464844e+01
2.923387718200683594e+01
2.930867958068847656e+01
2.940128707885742188e+01
2.947983169555664062e+01
2.943927192687988281e+01
2.930904197692871094e+01
2.901579856872558594e+01
2.874892234802246094e+01
2.858258438110351562e+01
2.850230598449707031e+01
2.853618621826171875e+01
2.861651802062988281e+01
2.865881538391113281e+01
2.871247291564941406e+01
2.880461883544921875e+01
2.879837608337402344e+01
2.880174064636230469e+01
2.889654159545898438e+01
2.901601219177246094e+01
2.934756088256835938e+01
2.945070266723632812e+01
2.944486618041992188e+01
2.936902236938476562e+01
2.938448524475097656e+01
2.947259712219238281e+01
2.952936172485351562e+01
2.967350196838378906e+01
2.982313346862792969e+01
2.979893112182617188e+01
2.963341712951660156e+01
2.932493782043457031e+01
2.894891357421875000e+01
