2.549883079528808594e+01
2.562662696838378906e+01
2.582122421264648438e+01
2.597128868103027344e+01
2.599588394165039062e+01
2.602921485900878906e+01
2.607683181762695312e+01
2.623184204101562500e+01
2.631321716308593750e+01
2.620595359802246094e+01
2.619642448425292969e+01
2.626227569580078125e+01
2.640226364135742188e+01
2.654847145080566406e+01
2.668380355834960938e+01
2.675355148315429688e+01
2.672359657287597656e+01
2.670101547241210938e+01
2.656167984008789062e+01
2.636341285705566406e+01
2.615092658996582031e+01
2.596796035766601562e+01
2.597350502014160156e+01
2.599197769165039062e+01
2.600639152526855469e+01
2.605398941040039062e+01
2.618688964843750000e+01
2.625430297851562500e+01
2.620985221862792969e+01
2.606866264343261719e+01
2.603156852722167969e+01
2.615692710876464844e+01
2.621114921569824219e+01
2.616874122619628906e+01
2.598268508911132812e+01
2.606882095336914062e+01
2.627029609680175781e+01
2.641650772094726562e+01
2.637778854370117188e+01
2.619725418090820312e+01
2.601646423339843750e+01
2.592727279663085938e+01
2.587887954711914062e+01
2.584558296203613281e+01
2.573688888549804688e+01
2.567598533630371094e+01
2.556495285034179688e+01
2.555329704284667969e+01
2.561627006530761719e+01
2.564891433715820312e+01
2.569424819946289062e+01
2.578359222412109375e+01
2.576746177673339844e+01
2.556660079956054688e+01
2.549140930175781250e+01
2.557297515869140625e+01
2.564926528930664062e+01
2.555772209167480469e+01
2.562762069702148438e+01
2.583082389831542969e+01
2.595934295654296875e+01
2.603052330017089844e+01
2.606307601928710938e+01
2.620442008972167969e+01
2.630303192138671875e+01
2.627988433837890625e+01
2.618480110168457031e+01
2.616031265258789062e+01
2.619126319885253906e+01
2.624603652954101562e+01
2.628111839294433594e+01
2.638719367980957031e+01
2.650056076049804688e+01
2.650589752197265625e+01
2.618168830871582031e+01
2.565579605102539062e+01
2.532457351684570312e+01
2.550804519653320312e+01
2.571102905273437500e+01
2.570407485961914062e+01
2.556615638732910156e+01
2.538648223876953125e+01
2.532443237304687500e+01
2.557133674621582031e+01
2.586058235168457031e+01
2.609747314453125000e+01
2.640760231018066406e+01
2.662927818298339844e+01
2.675155830383300781e+01
2.679918289184570312e+01
2.672393798828125000e+01
2.659345245361328125e+01
2.657399368286132812e+01
2.673591804504394531e+01
2.677857017517089844e+01
2.667889976501464844e+01
2.652712631225585938e+01
2.660489273071289062e+01
2.646083831787109375e+01
2.593902969360351562e+01
2.531532478332519531e+01
2.481005287170410156e+01
2.426486015319824219e+01
2.386804199218750000e+01
2.376722145080566406e+01
2.369485473632812500e+01
2.371737480163574219e+01
