3.679228973388671875e+01
3.629451370239257812e+01
3.551998901367187500e+01
3.476368713378906250e+01
3.597557067871093750e+01
3.765750885009765625e+01
3.763370513916015625e+01
3.757485580444335938e+01
3.756193923950195312e+01
3.778030776977539062e+01
3.771292114257812500e+01
3.789697647094726562e+01
3.807924652099609375e+01
3.783252716064453125e+01
3.769778060913085938e+01
3.816035842895507812e+01
3.827283096313476562e+01
3.804851150512695312e+01
3.763361740112304688e+01
3.804314422607421875e+01
3.786902236938476562e+01
3.805237960815429688e+01
3.837745666503906250e+01
3.822860336303710938e+01
3.778112792968750000e+01
3.792123413085937500e+01
3.803418731689453125e+01
3.794278335571289062e+01
3.773262405395507812e+01
3.748241424560546875e+01
3.706551361083984375e+01
3.722258758544921875e+01
3.744007873535156250e+01
3.767417526245117188e+01
3.774748992919921875e+01
3.785213088989257812e+01
3.789180374145507812e+01
3.793227005004882812e+01
3.789473724365234375e+01
3.801727676391601562e+01
3.803293609619140625e+01
3.744378662109375000e+01
3.814029312133789062e+01
3.840452957153320312e+01
3.827785491943359375e+01
3.829511260986328125e+01
3.825059509277343750e+01
3.832744216918945312e+01
3.837131881713867188e+01
3.850306701660156250e+01
3.860600280761718750e+01
3.858246231079101562e+01
3.840508651733398438e+01
3.862221908569335938e+01
3.851714324951171875e+01
3.839987945556640625e+01
3.826274490356445312e+01
3.856943511962890625e+01
3.837197494506835938e+01
3.800304031372070312e+01
3.781713867187500000e+01
3.754689788818359375e+01
3.773788833618164062e+01
3.780940628051757812e+01
3.775839996337890625e+01
3.794905471801757812e+01
3.806021881103515625e+01
3.827805328369140625e+01
3.826935958862304688e+01
3.841003799438476562e+01
3.839689254760742188e+01
3.811292266845703125e+01
3.818223953247070312e+01
3.825677871704101562e+01
3.818731689453125000e+01
3.814856719970703125e+01
3.815073394775390625e+01
3.828853988647460938e+01
3.818612289428710938e+01
3.801845550537109375e+01
3.785538482666015625e+01
3.769979476928710938e+01
3.778256607055664062e+01
3.788307952880859375e+01
3.756775283813476562e+01
3.733727264404296875e+01
3.754348754882812500e+01
3.771468353271484375e+01
3.776886749267578125e+01
3.767782211303710938e+01
3.743685150146484375e+01
3.751892089843750000e+01
3.771916961669921875e+01
3.791809463500976562e+01
3.754659652709960938e+01
3.747388076782226562e+01
3.757280349731445312e+01
3.767163085937500000e+01
3.753508758544921875e+01
3.726463317871093750e+01
3.730885696411132812e+01
3.755791091918945312e+01
3.750284957885742188e+01
3.711478805541992188e+01
3.655580139160156250e+01
3.641568756103515625e+01
