2.407380676269531250e+01
2.422013854980468750e+01
2.447753334045410156e+01
2.499319076538085938e+01
2.506227684020996094e+01
2.492464256286621094e+01
2.472078704833984375e+01
2.454319000244140625e+01
2.438299560546875000e+01
2.438149833679199219e+01
2.440631103515625000e+01
2.465987968444824219e+01
2.484598159790039062e+01
2.510143852233886719e+01
2.492588996887207031e+01
2.476085090637207031e+01
2.462198257446289062e+01
2.452757644653320312e+01
2.440798568725585938e+01
2.414750480651855469e+01
2.382832908630371094e+01
2.373622512817382812e+01
2.380233383178710938e+01
2.402705764770507812e+01
2.435571098327636719e+01
2.458072853088378906e+01
2.483925628662109375e+01
2.507291603088378906e+01
2.516881942749023438e+01
2.522087669372558594e+01
2.509507560729980469e+01
2.491898727416992188e+01
2.477629852294921875e+01
2.470855140686035156e+01
2.468374633789062500e+01
2.471593093872070312e+01
2.471480369567871094e+01
2.457775115966796875e+01
2.444839096069335938e+01
2.434682273864746094e+01
2.434337425231933594e+01
2.438340759277343750e+01
2.448386383056640625e+01
2.458482170104980469e+01
2.464136886596679688e+01
2.471207046508789062e+01
2.477608299255371094e+01
2.475862503051757812e+01
2.477991294860839844e+01
2.480490112304687500e+01
2.480970573425292969e+01
2.482929611206054688e+01
2.483092880249023438e+01
2.479485511779785156e+01
2.474437713623046875e+01
2.469853973388671875e+01
2.466979026794433594e+01
2.473588943481445312e+01
2.481302452087402344e+01
2.493264198303222656e+01
2.506771278381347656e+01
2.520356750488281250e+01
2.525123405456542969e+01
2.519092369079589844e+01
2.516146469116210938e+01
2.518897247314453125e+01
2.527484893798828125e+01
2.527207183837890625e+01
2.515262794494628906e+01
2.504098892211914062e+01
2.499310874938964844e+01
2.504337310791015625e+01
2.505484390258789062e+01
2.508313179016113281e+01
2.497518157958984375e+01
2.490847015380859375e+01
2.499579048156738281e+01
2.515611839294433594e+01
2.515449905395507812e+01
2.521928024291992188e+01
2.525623703002929688e+01
2.530210113525390625e+01
2.536986732482910156e+01
2.524398994445800781e+01
2.500411415100097656e+01
2.473380470275878906e+01
2.461260604858398438e+01
2.417772674560546875e+01
2.427356719970703125e+01
2.483761024475097656e+01
2.506949806213378906e+01
2.510433578491210938e+01
2.463908195495605469e+01
2.452359199523925781e+01
2.486451911926269531e+01
2.525723648071289062e+01
2.552120590209960938e+01
2.560543441772460938e+01
2.561402511596679688e+01
