2.902010345458984375e+01
2.984244918823242188e+01
3.128122520446777344e+01
3.169121932983398438e+01
3.123868751525878906e+01
3.127798461914062500e+01
3.142156219482421875e+01
3.147612190246582031e+01
3.160033988952636719e+01
3.226755905151367188e+01
3.302743148803710938e+01
3.341279602050781250e+01
3.358676528930664062e+01
3.265472793579101562e+01
3.203062820434570312e+01
3.180856513977050781e+01
3.158216094970703125e+01
3.210942077636718750e+01
3.335150527954101562e+01
3.506476211547851562e+01
3.527336883544921875e+01
3.398496627807617188e+01
3.295003128051757812e+01
3.307763671875000000e+01
3.322386169433593750e+01
3.350197601318359375e+01
3.358232116699218750e+01
3.378501510620117188e+01
3.388684844970703125e+01
3.422367858886718750e+01
3.435639953613281250e+01
3.450383377075195312e+01
3.421891021728515625e+01
3.399658584594726562e+01
3.398026275634765625e+01
3.414794921875000000e+01
3.422396087646484375e+01
3.423336791992187500e+01
3.420874404907226562e+01
3.425982284545898438e+01
3.439902877807617188e+01
3.461344146728515625e+01
3.483567047119140625e+01
3.512118148803710938e+01
3.528807449340820312e+01
3.538361358642578125e+01
3.515762329101562500e+01
3.530428695678710938e+01
3.531930923461914062e+01
3.506709671020507812e+01
3.464493179321289062e+01
3.405362319946289062e+01
3.382067108154296875e+01
3.405599594116210938e+01
3.430124282836914062e+01
3.431955337524414062e+01
3.443715286254882812e+01
3.430822753906250000e+01
3.394487380981445312e+01
3.372958755493164062e+01
3.358687973022460938e+01
3.342940139770507812e+01
3.339922332763671875e+01
3.353703689575195312e+01
3.323010253906250000e+01
3.311333084106445312e+01
3.331016540527343750e+01
3.367907333374023438e+01
3.368548583984375000e+01
3.422119140625000000e+01
3.479236602783203125e+01
3.461013412475585938e+01
3.446566390991210938e+01
3.397905731201171875e+01
3.317189788818359375e+01
3.288855743408203125e+01
3.264603805541992188e+01
3.260132598876953125e+01
3.253627777099609375e+01
3.257206726074218750e+01
3.250929641723632812e+01
3.241633987426757812e+01
3.221274566650390625e+01
3.215443801879882812e+01
3.203167724609375000e+01
3.217755508422851562e+01
3.246625137329101562e+01
3.307045364379882812e+01
3.280547714233398438e+01
3.253827285766601562e+01
3.293009948730468750e+01
3.318149566650390625e+01
3.268753814697265625e+01
3.268262100219726562e+01
3.302379608154296875e+01
3.323937988281250000e+01
3.183915328979492188e+01
