2.413839149475097656e+01
2.405912017822265625e+01
2.433170890808105469e+01
2.460221862792968750e+01
2.450591087341308594e+01
2.435862731933593750e+01
2.441107559204101562e+01
2.469550132751464844e+01
2.489429283142089844e+01
2.489372253417968750e+01
2.490817260742187500e+01
2.487981605529785156e+01
2.492989349365234375e+01
2.494630622863769531e+01
2.513676643371582031e+01
2.532128524780273438e+01
2.534603881835937500e+01
2.529361534118652344e+01
2.532639694213867188e+01
2.528075599670410156e+01
2.530816459655761719e+01
2.537228965759277344e+01
2.546472358703613281e+01
2.539204597473144531e+01
2.533612632751464844e+01
2.524109649658203125e+01
2.511298751831054688e+01
2.502883720397949219e+01
2.478598022460937500e+01
2.459195899963378906e+01
2.450829696655273438e+01
2.460718345642089844e+01
2.481452560424804688e+01
2.508234405517578125e+01
2.530242919921875000e+01
2.549343872070312500e+01
2.559024810791015625e+01
2.569038009643554688e+01
2.589547920227050781e+01
2.602987480163574219e+01
2.607539176940917969e+01
2.610685348510742188e+01
2.609270477294921875e+01
2.603252410888671875e+01
2.590998268127441406e+01
2.567490196228027344e+01
2.549976539611816406e+01
2.548027038574218750e+01
2.542235183715820312e+01
2.530661010742187500e+01
2.542841720581054688e+01
2.558016586303710938e+01
2.559524917602539062e+01
2.546492958068847656e+01
2.536762809753417969e+01
2.522244644165039062e+01
2.508815193176269531e+01
2.487618446350097656e+01
2.483234786987304688e+01
2.487621879577636719e+01
2.515692329406738281e+01
2.546436119079589844e+01
2.568303108215332031e+01
2.586202430725097656e+01
2.599174118041992188e+01
2.599378204345703125e+01
2.591081047058105469e+01
2.568544387817382812e+01
2.549526405334472656e+01
2.537723541259765625e+01
2.536679267883300781e+01
2.540031242370605469e+01
2.540113258361816406e+01
2.542082214355468750e+01
2.541138458251953125e+01
2.542409706115722656e+01
2.544283866882324219e+01
2.543137168884277344e+01
2.546229934692382812e+01
2.549040985107421875e+01
2.549228096008300781e+01
2.549600028991699219e+01
2.543791389465332031e+01
2.548203849792480469e+01
2.559032440185546875e+01
2.559727096557617188e+01
2.562316131591796875e+01
2.556022071838378906e+01
2.551785087585449219e+01
2.547077751159667969e+01
2.537384414672851562e+01
2.537783432006835938e+01
2.540152168273925781e+01
2.546033859252929688e+01
2.556446647644042969e+01
2.570778465270996094e+01
2.577294540405273438e+01
2.569860267639160156e+01
2.571608352661132812e+01
