3.108193016052246094e+01
3.183372306823730469e+01
3.240829086303710938e+01
3.283198165893554688e+01
3.288916778564453125e+01
3.285662460327148438e+01
3.253291320800781250e+01
3.283787155151367188e+01
3.286222839355468750e+01
3.216486740112304688e+01
3.166736793518066406e+01
3.145659065246582031e+01
3.150618171691894531e+01
3.151546096801757812e+01
3.159681129455566406e+01
3.149218940734863281e+01
3.167051315307617188e+01
3.194494628906250000e+01
3.195865440368652344e+01
3.166128730773925781e+01
3.151775169372558594e+01
3.152893447875976562e+01
3.139546012878417969e+01
3.125432395935058594e+01
3.144639778137207031e+01
3.171918296813964844e+01
3.153257369995117188e+01
3.126946449279785156e+01
3.111373519897460938e+01
3.098081398010253906e+01
3.093100166320800781e+01
3.108558273315429688e+01
3.199287986755371094e+01
3.205740356445312500e+01
3.194886016845703125e+01
3.163986396789550781e+01
3.160650634765625000e+01
3.120395088195800781e+01
3.079658317565917969e+01
3.063694190979003906e+01
3.049132728576660156e+01
3.049601936340332031e+01
3.045055961608886719e+01
3.051882743835449219e+01
3.076759719848632812e+01
3.196967506408691406e+01
3.232832336425781250e+01
3.203994750976562500e+01
3.236345291137695312e+01
3.239540100097656250e+01
3.210552597045898438e+01
3.111782836914062500e+01
3.093508720397949219e+01
3.040438079833984375e+01
3.008890151977539062e+01
3.033221435546875000e+01
3.079732513427734375e+01
3.111651802062988281e+01
3.100539970397949219e+01
3.093866539001464844e+01
3.142951202392578125e+01
3.177759170532226562e+01
3.164586830139160156e+01
3.129928779602050781e+01
3.136655426025390625e+01
3.122786903381347656e+01
3.106013679504394531e+01
3.216292572021484375e+01
3.293415832519531250e+01
3.249430847167968750e+01
3.202357864379882812e+01
3.126338768005371094e+01
3.109109306335449219e+01
3.126244735717773438e+01
3.166633796691894531e+01
3.237718963623046875e+01
3.183587837219238281e+01
3.170951652526855469e+01
3.209600448608398438e+01
3.201660156250000000e+01
3.202415466308593750e+01
3.176143646240234375e+01
3.137075424194335938e+01
3.134017753601074219e+01
3.131762313842773438e+01
3.128247261047363281e+01
3.127936363220214844e+01
3.102062606811523438e+01
3.122004508972167969e+01
3.205096435546875000e+01
3.299615097045898438e+01
3.308413696289062500e+01
3.292696762084960938e+01
3.291884994506835938e+01
3.279494857788085938e+01
3.277593994140625000e+01
3.271535110473632812e+01
3.274662017822265625e+01
3.271628952026367188e+01
3.280823135375976562e+01
3.280069732666015625e+01
3.284885787963867188e+01
3.319307708740234375e+01
3.320552825927734375e+01
3.289866256713867188e+01
3.274309921264648438e+01
3.238482666015625000e+01
3.218015289306640625e+01
