2.793895912170410156e+01
2.793413925170898438e+01
2.810145568847656250e+01
2.821624946594238281e+01
2.794474220275878906e+01
2.791877746582031250e+01
2.783580017089843750e+01
2.794436454772949219e+01
2.818962860107421875e+01
2.821473503112792969e+01
2.817731666564941406e+01
2.849550819396972656e+01
2.894225120544433594e+01
2.940445518493652344e+01
2.936712455749511719e+01
3.000274085998535156e+01
2.915283775329589844e+01
2.779338455200195312e+01
2.721302604675292969e+01
2.707204627990722656e+01
2.707080650329589844e+01
2.706951904296875000e+01
2.708421897888183594e+01
2.728601264953613281e+01
2.749142456054687500e+01
2.792098426818847656e+01
2.821091461181640625e+01
2.821884918212890625e+01
2.818987083435058594e+01
2.819482421875000000e+01
2.816370201110839844e+01
2.812246131896972656e+01
2.803968048095703125e+01
2.795677566528320312e+01
2.804250907897949219e+01
2.830891609191894531e+01
2.862583732604980469e+01
2.891954994201660156e+01
2.900309753417968750e+01
2.878631782531738281e+01
2.856591415405273438e+01
2.841794776916503906e+01
2.823820114135742188e+01
2.818680572509765625e+01
2.827341461181640625e+01
2.856995010375976562e+01
2.864366340637207031e+01
2.881750488281250000e+01
2.876643562316894531e+01
2.845280265808105469e+01
2.810813713073730469e+01
2.795211791992187500e+01
2.800292205810546875e+01
2.807889747619628906e+01
2.809119224548339844e+01
2.797694969177246094e+01
2.783805656433105469e+01
2.790017127990722656e+01
2.808053779602050781e+01
2.841345596313476562e+01
2.911828422546386719e+01
2.986256790161132812e+01
3.004164505004882812e+01
2.958570289611816406e+01
2.907481765747070312e+01
2.865285873413085938e+01
2.854719352722167969e+01
2.853926277160644531e+01
2.839885139465332031e+01
2.825924110412597656e+01
2.822522735595703125e+01
2.871302986145019531e+01
2.866131019592285156e+01
2.849428558349609375e+01
2.826960372924804688e+01
2.803470039367675781e+01
2.799224281311035156e+01
2.815449333190917969e+01
2.825547409057617188e+01
2.775304985046386719e+01
2.716027641296386719e+01
2.695510292053222656e+01
2.714930343627929688e+01
2.743210792541503906e+01
2.773678016662597656e+01
2.750748443603515625e+01
2.709575462341308594e+01
2.693000602722167969e+01
2.730945587158203125e+01
2.770349884033203125e+01
2.772784805297851562e+01
2.757358551025390625e+01
2.732679939270019531e+01
2.708712196350097656e+01
2.729821014404296875e+01
2.771047210693359375e+01
2.794682312011718750e+01
2.827607727050781250e+01
2.859589576721191406e+01
2.899066543579101562e+01
2.860934257507324219e+01
2.853006172180175781e+01
