2.420253372192382812e+01
2.394810485839843750e+01
2.469365882873535156e+01
2.454071235656738281e+01
2.465732002258300781e+01
2.487257575988769531e+01
2.498095130920410156e+01
2.499929237365722656e+01
2.490176010131835938e+01
2.479972076416015625e+01
2.470666694641113281e+01
2.464329528808593750e+01
2.459796524047851562e+01
2.464135169982910156e+01
2.475659561157226562e+01
2.487940597534179688e+01
2.484087753295898438e+01
2.474099922180175781e+01
2.468439483642578125e+01
2.469576644897460938e+01
2.480941963195800781e+01
2.483934020996093750e+01
2.490509414672851562e+01
2.504468727111816406e+01
2.522399330139160156e+01
2.534543228149414062e+01
2.535239601135253906e+01
2.530041313171386719e+01
2.533394622802734375e+01
2.536828231811523438e+01
2.533931159973144531e+01
2.528175163269042969e+01
2.518145370483398438e+01
2.527336692810058594e+01
2.561892509460449219e+01
2.604903984069824219e+01
2.612206077575683594e+01
2.605224800109863281e+01
2.575034904479980469e+01
2.576419258117675781e+01
2.578167533874511719e+01
2.567016601562500000e+01
2.565054512023925781e+01
2.553997039794921875e+01
2.544804000854492188e+01
2.530136299133300781e+01
2.514926528930664062e+01
2.514745330810546875e+01
2.523420333862304688e+01
2.488493537902832031e+01
2.429170799255371094e+01
2.369909095764160156e+01
2.352983665466308594e+01
2.349373817443847656e+01
2.348768806457519531e+01
2.394627571105957031e+01
2.453717994689941406e+01
2.471501159667968750e+01
2.464452171325683594e+01
2.464186096191406250e+01
2.485155105590820312e+01
2.522379493713378906e+01
2.538747024536132812e+01
2.549373817443847656e+01
2.555338668823242188e+01
2.549676513671875000e+01
2.547587966918945312e+01
2.549233055114746094e+01
2.557305717468261719e+01
2.584023857116699219e+01
2.600173377990722656e+01
2.597000503540039062e+01
2.579687881469726562e+01
2.577831077575683594e+01
2.577479743957519531e+01
2.584910774230957031e+01
2.587369155883789062e+01
2.580342864990234375e+01
2.577063179016113281e+01
2.564485359191894531e+01
2.541888618469238281e+01
2.524029731750488281e+01
2.498387718200683594e+01
2.485372734069824219e+01
2.477657699584960938e+01
2.465670776367187500e+01
2.468257713317871094e+01
2.467691421508789062e+01
2.473535156250000000e+01
2.481723785400390625e+01
2.479833412170410156e+01
2.466189384460449219e+01
2.470322036743164062e+01
2.471655464172363281e+01
2.469654655456542969e+01
2.466209411621093750e+01
2.457615852355957031e+01
2.472779273986816406e+01
2.475769233703613281e+01
2.463061332702636719e+01
2.439710235595703125e+01
2.437715339660644531e+01
2.436250114440917969e+01
2.460664749145507812e+01
2.492616844177246094e+01
2.483215904235839844e+01
2.477232360839843750e+01
