3.323444366455078125e+01
3.330970382690429688e+01
3.313243484497070312e+01
3.270038604736328125e+01
3.324378585815429688e+01
3.392874526977539062e+01
3.409411621093750000e+01
3.396024703979492188e+01
3.451131057739257812e+01
3.470622253417968750e+01
3.440024185180664062e+01
3.401027297973632812e+01
3.365626907348632812e+01
3.304100799560546875e+01
3.289734268188476562e+01
3.313576889038085938e+01
3.323571014404296875e+01
3.293505096435546875e+01
3.286204147338867188e+01
3.297368240356445312e+01
3.308868408203125000e+01
3.314418029785156250e+01
3.311291122436523438e+01
3.307285690307617188e+01
3.305451583862304688e+01
3.305505752563476562e+01
3.302721405029296875e+01
3.287522506713867188e+01
3.278353881835937500e+01
3.276135253906250000e+01
3.280546569824218750e+01
3.294722366333007812e+01
3.314680480957031250e+01
3.314149856567382812e+01
3.298307418823242188e+01
3.281160736083984375e+01
3.278277206420898438e+01
3.270963287353515625e+01
3.244985961914062500e+01
3.234957122802734375e+01
3.235902023315429688e+01
3.225673675537109375e+01
3.210584640502929688e+01
3.199329948425292969e+01
3.191001701354980469e+01
3.179248809814453125e+01
3.189660072326660156e+01
3.205407333374023438e+01
3.225708007812500000e+01
3.222179412841796875e+01
3.208911132812500000e+01
3.189288330078125000e+01
3.179783630371093750e+01
3.224470901489257812e+01
3.231702423095703125e+01
3.234243392944335938e+01
3.244419097900390625e+01
3.269066619873046875e+01
3.274202346801757812e+01
3.262425994873046875e+01
3.250236511230468750e+01
3.212990188598632812e+01
3.195876884460449219e+01
3.209654617309570312e+01
3.219719696044921875e+01
3.240644073486328125e+01
3.269131088256835938e+01
3.290461730957031250e+01
3.291503906250000000e+01
3.289728164672851562e+01
3.268697738647460938e+01
3.244461059570312500e+01
3.233091735839843750e+01
3.209988784790039062e+01
3.199432754516601562e+01
3.200458908081054688e+01
3.198171615600585938e+01
3.190367126464843750e+01
3.182421302795410156e+01
3.202996444702148438e+01
3.214267730712890625e+01
3.215093231201171875e+01
3.215405273437500000e+01
3.221709442138671875e+01
3.216950225830078125e+01
3.215925979614257812e+01
3.223410415649414062e+01
3.240360260009765625e+01
3.262067794799804688e+01
3.287998580932617188e+01
3.311805343627929688e+01
3.330361175537109375e+01
3.367016220092773438e+01
3.365057754516601562e+01
3.291577148437500000e+01
3.250259017944335938e+01
3.232611083984375000e+01
3.233129501342773438e+01
3.261185073852539062e+01
3.322534179687500000e+01
3.348156356811523438e+01
3.331538009643554688e+01
3.369159317016601562e+01
3.393957519531250000e+01
3.362025451660156250e+01
