2.748278999328613281e+01
2.752559852600097656e+01
2.728426361083984375e+01
2.730745887756347656e+01
2.743320846557617188e+01
2.735409927368164062e+01
2.738404083251953125e+01
2.704618644714355469e+01
2.706246566772460938e+01
2.719576644897460938e+01
2.734441184997558594e+01
2.745943450927734375e+01
2.753052902221679688e+01
2.765645599365234375e+01
2.763247299194335938e+01
2.763041496276855469e+01
2.754117012023925781e+01
2.753175354003906250e+01
2.756894302368164062e+01
2.752588272094726562e+01
2.753638839721679688e+01
2.742068099975585938e+01
2.750884437561035156e+01
2.749393844604492188e+01
2.755475044250488281e+01
2.764154052734375000e+01
2.764561462402343750e+01
2.775578308105468750e+01
2.770988655090332031e+01
2.766869735717773438e+01
2.754657936096191406e+01
2.745035171508789062e+01
2.749989700317382812e+01
2.764569473266601562e+01
2.767622375488281250e+01
2.766872787475585938e+01
2.774886512756347656e+01
2.776831054687500000e+01
2.776118469238281250e+01
2.774846267700195312e+01
2.767992210388183594e+01
2.751823616027832031e+01
2.739887237548828125e+01
2.726896858215332031e+01
2.713178825378417969e+01
2.704227066040039062e+01
2.699976158142089844e+01
2.700147628784179688e+01
2.699303245544433594e+01
2.693509864807128906e+01
2.692161178588867188e+01
2.683201599121093750e+01
2.671740150451660156e+01
2.660698699951171875e+01
2.654781532287597656e+01
2.655461120605468750e+01
2.660587692260742188e+01
2.675328445434570312e+01
2.696041107177734375e+01
2.710761833190917969e+01
2.718265151977539062e+01
2.721587181091308594e+01
2.714382362365722656e+01
2.712930870056152344e+01
2.711555480957031250e+01
2.711731338500976562e+01
2.713931083679199219e+01
2.716280364990234375e+01
2.715291595458984375e+01
2.722240447998046875e+01
2.718750381469726562e+01
2.715420913696289062e+01
2.702893638610839844e+01
2.687651824951171875e+01
2.672648429870605469e+01
2.661591148376464844e+01
2.657612228393554688e+01
2.663456916809082031e+01
2.680368995666503906e+01
2.675465202331542969e+01
2.670707702636718750e+01
2.650179100036621094e+01
2.627592468261718750e+01
2.612440490722656250e+01
2.593906593322753906e+01
2.602235031127929688e+01
2.603406333923339844e+01
2.616432189941406250e+01
2.620220756530761719e+01
2.629868316650390625e+01
2.641491127014160156e+01
2.643311500549316406e+01
2.658732604980468750e+01
2.643803024291992188e+01
2.646829605102539062e+01
2.634907722473144531e+01
2.613325119018554688e+01
2.604667282104492188e+01
2.585704421997070312e+01
2.591250801086425781e+01
