2.707886123657226562e+01
2.714342498779296875e+01
2.743298149108886719e+01
2.766149330139160156e+01
2.737551689147949219e+01
2.719771575927734375e+01
2.696305847167968750e+01
2.701373100280761719e+01
2.697466087341308594e+01
2.705662727355957031e+01
2.741571998596191406e+01
2.743977546691894531e+01
2.769036102294921875e+01
2.767280769348144531e+01
2.760248756408691406e+01
2.764105224609375000e+01
2.731335258483886719e+01
2.720732307434082031e+01
2.722007942199707031e+01
2.714494323730468750e+01
2.727162361145019531e+01
2.733599281311035156e+01
2.738436698913574219e+01
2.749118804931640625e+01
2.737406921386718750e+01
2.738852310180664062e+01
2.721678543090820312e+01
2.712927627563476562e+01
2.705246925354003906e+01
2.701536369323730469e+01
2.706749534606933594e+01
2.698695373535156250e+01
2.686400604248046875e+01
2.674064826965332031e+01
2.673249816894531250e+01
2.683309936523437500e+01
2.691643524169921875e+01
2.703210258483886719e+01
2.715290451049804688e+01
2.704013061523437500e+01
2.690787315368652344e+01
2.673532867431640625e+01
2.673865127563476562e+01
2.683492469787597656e+01
2.698666381835937500e+01
2.718280601501464844e+01
2.728979301452636719e+01
2.735632896423339844e+01
2.740431022644042969e+01
2.742639541625976562e+01
2.748677825927734375e+01
2.753756332397460938e+01
2.765779685974121094e+01
2.775173759460449219e+01
2.763990402221679688e+01
2.755829429626464844e+01
2.737677192687988281e+01
2.713558197021484375e+01
2.695854377746582031e+01
2.682501602172851562e+01
2.693569183349609375e+01
2.700187683105468750e+01
2.711436271667480469e+01
2.730538749694824219e+01
2.730505752563476562e+01
2.722491264343261719e+01
2.714761543273925781e+01
2.712238502502441406e+01
2.707211685180664062e+01
2.694642639160156250e+01
2.682931900024414062e+01
2.668617057800292969e+01
2.671946907043457031e+01
2.690373992919921875e+01
2.698071289062500000e+01
2.695063400268554688e+01
2.676002311706542969e+01
2.662917518615722656e+01
2.661401748657226562e+01
2.650833702087402344e+01
2.649483108520507812e+01
2.631835174560546875e+01
2.628572463989257812e+01
2.628447723388671875e+01
2.618066978454589844e+01
2.617392539978027344e+01
2.608087348937988281e+01
2.614062500000000000e+01
2.634130477905273438e+01
2.616430091857910156e+01
2.635400962829589844e+01
2.657426834106445312e+01
2.670216178894042969e+01
2.703395080566406250e+01
2.695104789733886719e+01
2.702277755737304688e+01
2.679430198669433594e+01
2.638778305053710938e+01
2.559945487976074219e+01
