2.900473976135253906e+01
2.907197952270507812e+01
2.924041938781738281e+01
2.927724266052246094e+01
2.954629135131835938e+01
2.975362777709960938e+01
2.985875892639160156e+01
2.994115066528320312e+01
2.979759979248046875e+01
2.971479797363281250e+01
2.984882354736328125e+01
2.966663169860839844e+01
2.950344085693359375e+01
2.950854110717773438e+01
2.968987083435058594e+01
2.973157882690429688e+01
2.979122924804687500e+01
2.952511978149414062e+01
2.918432807922363281e+01
2.905174255371093750e+01
2.887044715881347656e+01
2.860043334960937500e+01
2.846572494506835938e+01
2.847853469848632812e+01
2.878203773498535156e+01
2.868436050415039062e+01
2.837887191772460938e+01
2.826582336425781250e+01
2.814656829833984375e+01
2.841023445129394531e+01
2.865709114074707031e+01
2.870149993896484375e+01
2.864838409423828125e+01
2.862683486938476562e+01
2.888916206359863281e+01
2.900327301025390625e+01
2.892487716674804688e+01
2.884774398803710938e+01
2.883912086486816406e+01
2.869394874572753906e+01
2.836280250549316406e+01
2.844714164733886719e+01
2.863718414306640625e+01
2.872956848144531250e+01
2.842242813110351562e+01
2.808462142944335938e+01
2.775177192687988281e+01
2.773129844665527344e+01
2.798024749755859375e+01
2.820068550109863281e+01
2.836299133300781250e+01
2.858127593994140625e+01
2.863187789916992188e+01
2.856373596191406250e+01
2.836608123779296875e+01
2.819061088562011719e+01
2.824444770812988281e+01
2.850455093383789062e+01
2.853874778747558594e+01
2.853652381896972656e+01
2.862120628356933594e+01
2.856029701232910156e+01
2.833419036865234375e+01
2.829529571533203125e+01
2.836130332946777344e+01
2.842922592163085938e+01
2.829028320312500000e+01
2.810662460327148438e+01
2.785092926025390625e+01
2.775613021850585938e+01
2.766380691528320312e+01
2.772950935363769531e+01
2.806928062438964844e+01
2.832644844055175781e+01
2.861013984680175781e+01
2.895768928527832031e+01
2.903638076782226562e+01
2.893613815307617188e+01
2.896757698059082031e+01
2.898114585876464844e+01
2.902939605712890625e+01
2.902721595764160156e+01
2.891085433959960938e+01
2.862327575683593750e+01
2.821254730224609375e+01
2.791169548034667969e+01
2.768388175964355469e+01
2.814548110961914062e+01
2.860987472534179688e+01
2.855666923522949219e+01
2.835469627380371094e+01
2.792116165161132812e+01
2.711911201477050781e+01
2.678184890747070312e+01
2.685610961914062500e+01
