3.632453536987304688e+01
3.606046295166015625e+01
3.615132904052734375e+01
3.601352691650390625e+01
3.652521133422851562e+01
3.679978942871093750e+01
3.673606872558593750e+01
3.652852630615234375e+01
3.603438949584960938e+01
3.584059906005859375e+01
3.568791961669921875e+01
3.576084518432617188e+01
3.610147476196289062e+01
3.585843658447265625e+01
3.577054595947265625e+01
3.578524017333984375e+01
3.585055541992187500e+01
3.542869949340820312e+01
3.466433715820312500e+01
3.451690292358398438e+01
3.404982376098632812e+01
3.375175094604492188e+01
3.364743804931640625e+01
3.347334671020507812e+01
3.358231353759765625e+01
3.355096435546875000e+01
3.351222229003906250e+01
3.367267608642578125e+01
3.349530029296875000e+01
3.312766265869140625e+01
3.306100463867187500e+01
3.308501815795898438e+01
3.257599639892578125e+01
3.224264144897460938e+01
3.210559463500976562e+01
3.219271087646484375e+01
3.277116394042968750e+01
3.319379806518554688e+01
3.316357421875000000e+01
3.281687545776367188e+01
3.293943786621093750e+01
3.298644256591796875e+01
3.299485015869140625e+01
3.303573226928710938e+01
3.294320678710937500e+01
3.285248184204101562e+01
3.281412887573242188e+01
3.297306442260742188e+01
3.322895431518554688e+01
3.353054428100585938e+01
3.392760848999023438e+01
3.428678894042968750e+01
3.292446517944335938e+01
3.231460952758789062e+01
3.208903884887695312e+01
3.206141281127929688e+01
3.238788986206054688e+01
3.237588500976562500e+01
3.249685668945312500e+01
3.287397766113281250e+01
3.285876464843750000e+01
3.276099014282226562e+01
3.245933532714843750e+01
3.207792282104492188e+01
3.198560142517089844e+01
3.196358299255371094e+01
3.222728729248046875e+01
3.257122421264648438e+01
3.327684020996093750e+01
3.362907409667968750e+01
3.349347686767578125e+01
3.344076156616210938e+01
3.298097991943359375e+01
3.270147705078125000e+01
3.308082580566406250e+01
3.336718368530273438e+01
3.345575714111328125e+01
3.327504348754882812e+01
3.319750976562500000e+01
3.318844985961914062e+01
3.320949554443359375e+01
3.357656097412109375e+01
3.383135986328125000e+01
3.359935760498046875e+01
3.353968811035156250e+01
3.341405487060546875e+01
3.321204757690429688e+01
3.312429809570312500e+01
3.306485366821289062e+01
3.284674072265625000e+01
3.260906600952148438e+01
3.267860794067382812e+01
