3.586264801025390625e+01
3.575461578369140625e+01
3.505971908569335938e+01
3.510088729858398438e+01
3.553248596191406250e+01
3.581972503662109375e+01
3.625580978393554688e+01
3.651535797119140625e+01
3.653227615356445312e+01
3.629643630981445312e+01
3.616386413574218750e+01
3.590829467773437500e+01
3.499450683593750000e+01
3.430587005615234375e+01
3.421764373779296875e+01
3.435523986816406250e+01
3.428819274902343750e+01
3.432127761840820312e+01
3.446397399902343750e+01
3.508968734741210938e+01
3.520721817016601562e+01
3.534041976928710938e+01
3.638230133056640625e+01
3.621969985961914062e+01
3.551763534545898438e+01
3.509925079345703125e+01
3.584085083007812500e+01
3.622938156127929688e+01
3.633032989501953125e+01
3.625630187988281250e+01
3.613086700439453125e+01
3.605701446533203125e+01
3.552583312988281250e+01
3.562269592285156250e+01
3.583229827880859375e+01
3.586328125000000000e+01
3.623424911499023438e+01
3.671331405639648438e+01
3.686508941650390625e+01
3.681878280639648438e+01
3.688591766357421875e+01
3.690925216674804688e+01
3.693753814697265625e+01
3.703285980224609375e+01
3.707022476196289062e+01
3.694863128662109375e+01
3.676283264160156250e+01
3.650241470336914062e+01
3.665710067749023438e+01
3.689107131958007812e+01
3.680615997314453125e+01
3.681526947021484375e+01
3.684293365478515625e+01
3.687686538696289062e+01
3.693402481079101562e+01
3.702441406250000000e+01
3.702850341796875000e+01
3.702309036254882812e+01
3.700253295898437500e+01
3.675037384033203125e+01
3.643403625488281250e+01
3.577692031860351562e+01
3.534950637817382812e+01
3.638808822631835938e+01
3.663013458251953125e+01
3.662793731689453125e+01
3.647397613525390625e+01
3.646490478515625000e+01
3.655877304077148438e+01
3.673178482055664062e+01
3.682534027099609375e+01
3.674501037597656250e+01
3.603828430175781250e+01
3.505447387695312500e+01
3.489321899414062500e+01
3.579177093505859375e+01
3.612257003784179688e+01
3.653883743286132812e+01
3.672816848754882812e+01
3.693686676025390625e+01
3.694807052612304688e+01
3.671269989013671875e+01
3.554236984252929688e+01
3.442123413085937500e+01
3.441025161743164062e+01
3.518855667114257812e+01
3.658387374877929688e+01
3.752336502075195312e+01
3.755030822753906250e+01
3.717282485961914062e+01
3.714676284790039062e+01
3.713602447509765625e+01
3.681137084960937500e+01
3.693351745605468750e+01
3.739498138427734375e+01
3.760194015502929688e+01
3.737962341308593750e+01
3.716968536376953125e+01
3.735028839111328125e+01
3.753065872192382812e+01
