3.409803390502929688e+01
3.491637420654296875e+01
3.504800415039062500e+01
3.492758178710937500e+01
3.604996871948242188e+01
3.669681930541992188e+01
3.679734802246093750e+01
3.603386688232421875e+01
3.562356185913085938e+01
3.478660202026367188e+01
3.508433151245117188e+01
3.531722640991210938e+01
3.528076171875000000e+01
3.492346954345703125e+01
3.540347290039062500e+01
3.524301528930664062e+01
3.474534988403320312e+01
3.430749511718750000e+01
3.399953842163085938e+01
3.383927917480468750e+01
3.371157455444335938e+01
3.365177536010742188e+01
3.334873962402343750e+01
3.341049957275390625e+01
3.375135803222656250e+01
3.452086639404296875e+01
3.490665435791015625e+01
3.481240463256835938e+01
3.474951171875000000e+01
3.496445846557617188e+01
3.510099792480468750e+01
3.526795578002929688e+01
3.549983596801757812e+01
3.519456100463867188e+01
3.559977340698242188e+01
3.596002960205078125e+01
3.553590774536132812e+01
3.494786453247070312e+01
3.445939636230468750e+01
3.496260452270507812e+01
3.526035690307617188e+01
3.570890045166015625e+01
3.424424362182617188e+01
3.374879074096679688e+01
3.395606231689453125e+01
3.428977584838867188e+01
3.495201873779296875e+01
3.581406402587890625e+01
3.637213897705078125e+01
3.634764862060546875e+01
3.472838973999023438e+01
3.467791748046875000e+01
3.450531005859375000e+01
3.460222244262695312e+01
3.563030242919921875e+01
3.488022994995117188e+01
3.391386795043945312e+01
3.372735977172851562e+01
3.479288482666015625e+01
3.442953872680664062e+01
3.432994461059570312e+01
3.378555679321289062e+01
3.325242233276367188e+01
3.312876129150390625e+01
3.327703094482421875e+01
3.359046554565429688e+01
3.407823944091796875e+01
3.425091171264648438e+01
3.421342086791992188e+01
3.393080902099609375e+01
3.393404388427734375e+01
3.454078292846679688e+01
3.427014160156250000e+01
3.479754257202148438e+01
3.479988098144531250e+01
3.453129577636718750e+01
3.456436157226562500e+01
3.401921844482421875e+01
3.348170471191406250e+01
3.316613388061523438e+01
3.343663787841796875e+01
3.377841949462890625e+01
3.382035446166992188e+01
3.390138244628906250e+01
3.414564895629882812e+01
3.395485305786132812e+01
3.384142303466796875e+01
3.390759277343750000e+01
3.389559173583984375e+01
3.402051162719726562e+01
3.454250335693359375e+01
3.490805053710937500e+01
3.514414596557617188e+01
3.441875457763671875e+01
3.404290771484375000e+01
3.416028976440429688e+01
3.406710433959960938e+01
3.393300628662109375e+01
3.377444839477539062e+01
3.388412857055664062e+01
3.483014297485351562e+01
3.505632400512695312e+01
3.507328414916992188e+01
3.398950195312500000e+01
