3.232994079589843750e+01
3.235769271850585938e+01
3.224079132080078125e+01
3.185291481018066406e+01
3.192449188232421875e+01
3.206576919555664062e+01
3.202451324462890625e+01
3.186542320251464844e+01
3.149009895324707031e+01
3.105917358398437500e+01
3.092588996887207031e+01
3.118551635742187500e+01
3.130504035949707031e+01
3.142364120483398438e+01
3.151535987854003906e+01
3.178111457824707031e+01
3.213146591186523438e+01
3.217117691040039062e+01
3.233632659912109375e+01
3.217695236206054688e+01
3.203262710571289062e+01
3.236959075927734375e+01
3.250886154174804688e+01
3.225399398803710938e+01
3.213388824462890625e+01
3.198799324035644531e+01
3.163361930847167969e+01
3.153063964843750000e+01
3.155521965026855469e+01
3.150904464721679688e+01
3.150624275207519531e+01
3.147239875793457031e+01
3.143280792236328125e+01
3.157444572448730469e+01
3.192770767211914062e+01
3.224777221679687500e+01
3.224187469482421875e+01
3.222088241577148438e+01
3.213891601562500000e+01
3.218459701538085938e+01
3.213254547119140625e+01
3.201388168334960938e+01
3.232818603515625000e+01
3.244368743896484375e+01
3.237278747558593750e+01
3.232278442382812500e+01
3.258330917358398438e+01
3.316791152954101562e+01
3.356448745727539062e+01
3.385430526733398438e+01
3.374703598022460938e+01
3.347877120971679688e+01
3.323775863647460938e+01
3.321463012695312500e+01
3.317216873168945312e+01
3.297397232055664062e+01
3.317722320556640625e+01
3.306880569458007812e+01
3.294900894165039062e+01
3.302298736572265625e+01
3.312982940673828125e+01
3.305978012084960938e+01
3.296540832519531250e+01
3.283247375488281250e+01
3.267691802978515625e+01
3.263970565795898438e+01
3.269342041015625000e+01
3.271627044677734375e+01
3.262418365478515625e+01
3.224042510986328125e+01
3.171249389648437500e+01
3.149432945251464844e+01
3.166333198547363281e+01
3.203624343872070312e+01
3.234420013427734375e+01
3.212599945068359375e+01
3.203825378417968750e+01
3.208605957031250000e+01
3.217816162109375000e+01
3.209338760375976562e+01
3.166247558593750000e+01
3.141217994689941406e+01
3.128346252441406250e+01
3.123995780944824219e+01
3.149292755126953125e+01
3.184820938110351562e+01
3.197019004821777344e+01
3.203067016601562500e+01
3.213289642333984375e+01
3.238816452026367188e+01
3.263522338867187500e+01
3.255028915405273438e+01
3.197951698303222656e+01
3.138524246215820312e+01
3.115505599975585938e+01
3.115159416198730469e+01
