3.864685058593750000e+01
3.880936813354492188e+01
3.878269958496093750e+01
3.837300491333007812e+01
3.816942214965820312e+01
3.828817367553710938e+01
3.864800643920898438e+01
3.871856689453125000e+01
3.861946487426757812e+01
3.815758895874023438e+01
3.792436981201171875e+01
3.776610565185546875e+01
3.761049652099609375e+01
3.729820251464843750e+01
3.738389968872070312e+01
3.732315444946289062e+01
3.793277740478515625e+01
3.823619461059570312e+01
3.809823989868164062e+01
3.778434753417968750e+01
3.811092758178710938e+01
3.839900207519531250e+01
3.832373046875000000e+01
3.818498229980468750e+01
3.806291580200195312e+01
3.820219802856445312e+01
3.827983093261718750e+01
3.829969024658203125e+01
3.834658050537109375e+01
3.814106750488281250e+01
3.815042877197265625e+01
3.807059478759765625e+01
3.804298019409179688e+01
3.796541213989257812e+01
3.772806930541992188e+01
3.752546310424804688e+01
3.748676681518554688e+01
3.763834762573242188e+01
3.786006546020507812e+01
3.816399765014648438e+01
3.810609436035156250e+01
3.797146224975585938e+01
3.736176300048828125e+01
3.722912979125976562e+01
3.764530181884765625e+01
3.830513000488281250e+01
3.849290084838867188e+01
3.834041595458984375e+01
3.856385040283203125e+01
3.860174942016601562e+01
3.832431411743164062e+01
3.792113494873046875e+01
3.766673660278320312e+01
3.772799301147460938e+01
3.773643112182617188e+01
3.804504013061523438e+01
3.785757446289062500e+01
3.764707565307617188e+01
3.738390350341796875e+01
3.730418395996093750e+01
3.786166000366210938e+01
3.806355285644531250e+01
3.792649078369140625e+01
3.780167007446289062e+01
3.761322021484375000e+01
3.753718566894531250e+01
3.775990295410156250e+01
3.795402908325195312e+01
3.785883331298828125e+01
3.768063354492187500e+01
3.762257766723632812e+01
3.755956268310546875e+01
3.752635192871093750e+01
3.739287567138671875e+01
3.726826477050781250e+01
3.735255813598632812e+01
3.725033950805664062e+01
3.726872253417968750e+01
3.711785888671875000e+01
3.692497253417968750e+01
3.727623367309570312e+01
3.750267791748046875e+01
3.778790664672851562e+01
3.785402297973632812e+01
3.779961013793945312e+01
3.777937316894531250e+01
3.773040390014648438e+01
3.772988128662109375e+01
3.768498611450195312e+01
3.765584564208984375e+01
3.743681335449218750e+01
3.751035308837890625e+01
3.751239395141601562e+01
3.751224136352539062e+01
3.778213119506835938e+01
3.812610626220703125e+01
3.796005630493164062e+01
3.767367553710937500e+01
3.765229415893554688e+01
3.786030197143554688e+01
3.795376586914062500e+01
3.805883407592773438e+01
3.801175689697265625e+01
