3.198411178588867188e+01
3.247446823120117188e+01
3.230595779418945312e+01
3.220479965209960938e+01
3.286337280273437500e+01
3.364258956909179688e+01
3.387405776977539062e+01
3.405188751220703125e+01
3.366862106323242188e+01
3.373951339721679688e+01
3.436944198608398438e+01
3.403687286376953125e+01
3.378998947143554688e+01
3.370726013183593750e+01
3.363533020019531250e+01
3.361591720581054688e+01
3.380508041381835938e+01
3.375029373168945312e+01
3.358881759643554688e+01
3.331790161132812500e+01
3.318820953369140625e+01
3.338941955566406250e+01
3.359239196777343750e+01
3.363986587524414062e+01
3.364484024047851562e+01
3.364918136596679688e+01
3.367199707031250000e+01
3.362307739257812500e+01
3.343429565429687500e+01
3.349961471557617188e+01
3.374088287353515625e+01
3.395087432861328125e+01
3.380989074707031250e+01
3.362207412719726562e+01
3.353995895385742188e+01
3.361779785156250000e+01
3.405754089355468750e+01
3.503759765625000000e+01
3.548172378540039062e+01
3.527354049682617188e+01
3.552234649658203125e+01
3.587947082519531250e+01
3.600136947631835938e+01
3.618895721435546875e+01
3.610291671752929688e+01
3.638943862915039062e+01
3.610711669921875000e+01
3.596001052856445312e+01
3.592910766601562500e+01
3.614240264892578125e+01
3.643841552734375000e+01
3.641476821899414062e+01
3.637957382202148438e+01
3.636112976074218750e+01
3.632216644287109375e+01
3.610642242431640625e+01
3.603514099121093750e+01
3.588018035888671875e+01
3.578211593627929688e+01
3.619515609741210938e+01
3.620957565307617188e+01
3.566232299804687500e+01
3.524010467529296875e+01
3.578727340698242188e+01
3.624722290039062500e+01
3.652442169189453125e+01
3.654745864868164062e+01
3.628634643554687500e+01
3.652758407592773438e+01
3.652297592163085938e+01
3.672519302368164062e+01
3.683758926391601562e+01
3.695068359375000000e+01
3.617744445800781250e+01
3.516088867187500000e+01
3.482724761962890625e+01
3.503396987915039062e+01
3.518484878540039062e+01
3.573413467407226562e+01
3.630363845825195312e+01
3.653612136840820312e+01
3.647366714477539062e+01
3.637661743164062500e+01
3.630809783935546875e+01
3.616298294067382812e+01
3.585480880737304688e+01
3.569214630126953125e+01
3.567198944091796875e+01
3.512825012207031250e+01
3.504934692382812500e+01
3.494204711914062500e+01
3.460035705566406250e+01
3.424830627441406250e+01
3.385704803466796875e+01
3.362451171875000000e+01
3.365037536621093750e+01
3.420271301269531250e+01
3.441697311401367188e+01
3.450201416015625000e+01
3.488331985473632812e+01
3.533772659301757812e+01
3.545971679687500000e+01
3.538917922973632812e+01
3.573970031738281250e+01
3.677009582519531250e+01
3.693202972412109375e+01
3.660708236694335938e+01
3.592522811889648438e+01
3.601134490966796875e+01
3.635464477539062500e+01
3.666051101684570312e+01
