3.249047088623046875e+01
3.206657791137695312e+01
3.212987136840820312e+01
3.248935317993164062e+01
3.252783584594726562e+01
3.225756072998046875e+01
3.241608810424804688e+01
3.238919067382812500e+01
3.248845672607421875e+01
3.323954772949218750e+01
3.352713012695312500e+01
3.362106704711914062e+01
3.338605499267578125e+01
3.368748092651367188e+01
3.334596252441406250e+01
3.250153350830078125e+01
3.229512023925781250e+01
3.221006393432617188e+01
3.191129875183105469e+01
3.183761024475097656e+01
3.179617118835449219e+01
3.178270339965820312e+01
3.188500785827636719e+01
3.223103713989257812e+01
3.229519271850585938e+01
3.246290969848632812e+01
3.251184463500976562e+01
3.238304519653320312e+01
3.221225357055664062e+01
3.230992126464843750e+01
3.243725967407226562e+01
3.250675201416015625e+01
3.247787094116210938e+01
3.237570190429687500e+01
3.225382614135742188e+01
3.217320632934570312e+01
3.199782943725585938e+01
3.203269958496093750e+01
3.220292282104492188e+01
3.236562728881835938e+01
3.253303146362304688e+01
3.249398040771484375e+01
3.249263763427734375e+01
3.261850738525390625e+01
3.268062210083007812e+01
3.270763778686523438e+01
3.245178222656250000e+01
3.224581527709960938e+01
3.232197570800781250e+01
3.243928909301757812e+01
3.249730300903320312e+01
3.260437393188476562e+01
3.282431030273437500e+01
3.309294891357421875e+01
3.325146865844726562e+01
3.300354385375976562e+01
3.277548980712890625e+01
3.280630493164062500e+01
3.289731979370117188e+01
3.287591934204101562e+01
3.268431091308593750e+01
3.266433715820312500e+01
3.261759948730468750e+01
3.264043807983398438e+01
3.263339996337890625e+01
3.273431777954101562e+01
3.268435287475585938e+01
3.255416870117187500e+01
3.231599044799804688e+01
3.210325241088867188e+01
3.198531913757324219e+01
3.209932327270507812e+01
3.235997009277343750e+01
3.256283187866210938e+01
3.266214752197265625e+01
3.264253234863281250e+01
3.269791030883789062e+01
3.268273925781250000e+01
3.281005859375000000e+01
3.295038223266601562e+01
3.306826400756835938e+01
3.320259475708007812e+01
3.303785705566406250e+01
3.275443267822265625e+01
3.271959686279296875e+01
3.259840393066406250e+01
3.221694183349609375e+01
3.201021957397460938e+01
3.151301002502441406e+01
3.128097343444824219e+01
3.086013984680175781e+01
3.056058502197265625e+01
3.061125183105468750e+01
3.100347328186035156e+01
3.128550529479980469e+01
3.189112091064453125e+01
3.205303573608398438e+01
3.195527648925781250e+01
3.176234626770019531e+01
3.160290527343750000e+01
3.141004753112792969e+01
3.114310264587402344e+01
3.076136207580566406e+01
3.045489311218261719e+01
