3.829366683959960938e+01
3.822874450683593750e+01
3.806355285644531250e+01
3.808988952636718750e+01
3.827956771850585938e+01
3.847097015380859375e+01
3.845181655883789062e+01
3.829837417602539062e+01
3.819149398803710938e+01
3.817551803588867188e+01
3.810074615478515625e+01
3.807606124877929688e+01
3.802122116088867188e+01
3.804246520996093750e+01
3.807245635986328125e+01
3.803213500976562500e+01
3.793897628784179688e+01
3.800070953369140625e+01
3.803646469116210938e+01
3.807861709594726562e+01
3.815298461914062500e+01
3.817768478393554688e+01
3.819031524658203125e+01
3.830385208129882812e+01
3.829108047485351562e+01
3.832869720458984375e+01
3.832320785522460938e+01
3.835149002075195312e+01
3.826371383666992188e+01
3.830004882812500000e+01
3.825418472290039062e+01
3.812656021118164062e+01
3.796157836914062500e+01
3.789752197265625000e+01
3.790928649902343750e+01
3.787579727172851562e+01
3.794910812377929688e+01
3.793236541748046875e+01
3.776936721801757812e+01
3.769164657592773438e+01
3.781198120117187500e+01
3.797098159790039062e+01
3.797193527221679688e+01
3.780438995361328125e+01
3.781155395507812500e+01
3.786222076416015625e+01
3.791253662109375000e+01
3.786690902709960938e+01
3.791346740722656250e+01
3.782555770874023438e+01
3.776243972778320312e+01
3.772557449340820312e+01
3.771328353881835938e+01
3.779190444946289062e+01
3.795447540283203125e+01
3.798426437377929688e+01
3.786096572875976562e+01
3.772811126708984375e+01
3.766029739379882812e+01
3.770107650756835938e+01
3.764369964599609375e+01
3.758650207519531250e+01
3.752698898315429688e+01
3.749347686767578125e+01
3.744067382812500000e+01
3.739600372314453125e+01
3.743964385986328125e+01
3.752458190917968750e+01
3.755835342407226562e+01
3.760078048706054688e+01
3.763898849487304688e+01
3.767648696899414062e+01
3.770088958740234375e+01
3.771231460571289062e+01
3.772737503051757812e+01
3.777507781982421875e+01
3.782326889038085938e+01
3.786644363403320312e+01
3.795896530151367188e+01
3.803820800781250000e+01
3.801906204223632812e+01
3.800149917602539062e+01
3.800296020507812500e+01
3.798558807373046875e+01
3.801862335205078125e+01
3.797182464599609375e+01
3.795011901855468750e+01
3.797050094604492188e+01
3.790449142456054688e+01
3.785898208618164062e+01
3.802749633789062500e+01
3.807338714599609375e+01
3.802634429931640625e+01
3.811263275146484375e+01
3.818112182617187500e+01
3.818630981445312500e+01
3.806129455566406250e+01
3.827109527587890625e+01
3.831402587890625000e+01
3.822452163696289062e+01
3.833990859985351562e+01
3.842350387573242188e+01
