3.357975769042968750e+01
3.329544830322265625e+01
3.271160125732421875e+01
3.255571365356445312e+01
3.283969879150390625e+01
3.356394195556640625e+01
3.348586273193359375e+01
3.384070968627929688e+01
3.377613449096679688e+01
3.356962585449218750e+01
3.331235885620117188e+01
3.288976287841796875e+01
3.308773040771484375e+01
3.338755798339843750e+01
3.356274032592773438e+01
3.393398284912109375e+01
3.386926651000976562e+01
3.351734161376953125e+01
3.362165451049804688e+01
3.413926315307617188e+01
3.415194702148437500e+01
3.395521545410156250e+01
3.400280761718750000e+01
3.385649108886718750e+01
3.388349151611328125e+01
3.372550964355468750e+01
3.361512756347656250e+01
3.378050231933593750e+01
3.386333084106445312e+01
3.396519470214843750e+01
3.403163528442382812e+01
3.423021316528320312e+01
3.415764999389648438e+01
3.404959106445312500e+01
3.394488525390625000e+01
3.384983062744140625e+01
3.385067367553710938e+01
3.386260986328125000e+01
3.369289779663085938e+01
3.352106475830078125e+01
3.354560470581054688e+01
3.350740432739257812e+01
3.344649887084960938e+01
3.352796936035156250e+01
3.380872344970703125e+01
3.390411758422851562e+01
3.412291717529296875e+01
3.407085037231445312e+01
3.385230636596679688e+01
3.398974609375000000e+01
3.384403991699218750e+01
3.361684036254882812e+01
3.326342010498046875e+01
3.382291793823242188e+01
3.419054412841796875e+01
3.431425476074218750e+01
3.457706832885742188e+01
3.479201507568359375e+01
3.451366424560546875e+01
3.392633056640625000e+01
3.356497192382812500e+01
3.331815719604492188e+01
3.332649993896484375e+01
3.326865386962890625e+01
3.309614944458007812e+01
3.285371780395507812e+01
3.314274978637695312e+01
3.346598434448242188e+01
3.363434982299804688e+01
3.382065963745117188e+01
3.404555130004882812e+01
3.418406677246093750e+01
3.417844772338867188e+01
3.422554397583007812e+01
3.429911804199218750e+01
3.409683227539062500e+01
3.342813491821289062e+01
3.321644210815429688e+01
3.330625534057617188e+01
3.347838211059570312e+01
3.354671096801757812e+01
3.358095932006835938e+01
3.356526565551757812e+01
3.344216918945312500e+01
3.331084442138671875e+01
3.316109466552734375e+01
3.301529693603515625e+01
3.287043380737304688e+01
3.301674652099609375e+01
3.346776962280273438e+01
3.383462905883789062e+01
3.398698425292968750e+01
3.402755355834960938e+01
3.399678802490234375e+01
3.383676910400390625e+01
3.367820739746093750e+01
3.384439468383789062e+01
3.387683105468750000e+01
3.380075073242187500e+01
3.378451156616210938e+01
3.418483734130859375e+01
3.451917266845703125e+01
3.488018035888671875e+01
