3.359760665893554688e+01
3.364884567260742188e+01
3.466625213623046875e+01
3.545982742309570312e+01
3.538172149658203125e+01
3.503419876098632812e+01
3.427130508422851562e+01
3.402408599853515625e+01
3.405094528198242188e+01
3.454567718505859375e+01
3.429054641723632812e+01
3.457758331298828125e+01
3.455150222778320312e+01
3.421202850341796875e+01
3.416323471069335938e+01
3.403404617309570312e+01
3.414443969726562500e+01
3.488569641113281250e+01
3.483670806884765625e+01
3.470509719848632812e+01
3.476352691650390625e+01
3.455543518066406250e+01
3.391752624511718750e+01
3.393349838256835938e+01
3.387911987304687500e+01
3.387419128417968750e+01
3.416247177124023438e+01
3.441669464111328125e+01
3.437266921997070312e+01
3.417988967895507812e+01
3.413165664672851562e+01
3.428403472900390625e+01
3.434900283813476562e+01
3.424382781982421875e+01
3.404562759399414062e+01
3.405626296997070312e+01
3.421767425537109375e+01
3.445391845703125000e+01
3.465413284301757812e+01
3.464388656616210938e+01
3.472848892211914062e+01
3.480967712402343750e+01
3.474494934082031250e+01
3.434949111938476562e+01
3.405251693725585938e+01
3.391650009155273438e+01
3.394193649291992188e+01
3.394200897216796875e+01
3.386711883544921875e+01
3.399411392211914062e+01
3.361464309692382812e+01
3.294894409179687500e+01
3.262467575073242188e+01
3.280916976928710938e+01
3.319754409790039062e+01
3.345811462402343750e+01
3.375444030761718750e+01
3.381262969970703125e+01
3.379073715209960938e+01
3.369918823242187500e+01
3.372286987304687500e+01
3.380188751220703125e+01
3.364853668212890625e+01
3.358128738403320312e+01
3.361825561523437500e+01
3.389328765869140625e+01
3.401523590087890625e+01
3.411398315429687500e+01
3.402268981933593750e+01
3.407669830322265625e+01
3.412849426269531250e+01
3.399811172485351562e+01
3.402001190185546875e+01
3.407754135131835938e+01
3.405443572998046875e+01
3.386585998535156250e+01
3.360751724243164062e+01
3.362672042846679688e+01
3.360652542114257812e+01
3.354706192016601562e+01
3.379912948608398438e+01
3.376971435546875000e+01
3.368136978149414062e+01
3.355190277099609375e+01
3.360331344604492188e+01
3.373669052124023438e+01
3.398247909545898438e+01
3.438298034667968750e+01
3.464677429199218750e+01
3.440639877319335938e+01
3.445531082153320312e+01
3.425481414794921875e+01
3.388521957397460938e+01
3.333278656005859375e+01
3.330017089843750000e+01
3.345833206176757812e+01
3.376268768310546875e+01
3.373924255371093750e+01
3.355295562744140625e+01
3.374158096313476562e+01
3.362140274047851562e+01
3.337635803222656250e+01
3.330773544311523438e+01
3.305226516723632812e+01
