3.445489501953125000e+01
3.452384567260742188e+01
3.541018295288085938e+01
3.514663314819335938e+01
3.479719924926757812e+01
3.485449981689453125e+01
3.569669723510742188e+01
3.659321594238281250e+01
3.690145874023437500e+01
3.704755020141601562e+01
3.716083908081054688e+01
3.695365905761718750e+01
3.651430511474609375e+01
3.579154205322265625e+01
3.464476013183593750e+01
3.489636993408203125e+01
3.483895874023437500e+01
3.476277542114257812e+01
3.507654190063476562e+01
3.520807266235351562e+01
3.517292404174804688e+01
3.515178298950195312e+01
3.530293273925781250e+01
3.540942001342773438e+01
3.559703063964843750e+01
3.585721588134765625e+01
3.602792358398437500e+01
3.575301742553710938e+01
3.528805923461914062e+01
3.528041458129882812e+01
3.534623336791992188e+01
3.535877227783203125e+01
3.543273162841796875e+01
3.557801437377929688e+01
3.531275558471679688e+01
3.498819351196289062e+01
3.480186843872070312e+01
3.446671295166015625e+01
3.423634719848632812e+01
3.430778884887695312e+01
3.470975112915039062e+01
3.484920883178710938e+01
3.481053543090820312e+01
3.461217880249023438e+01
3.452023315429687500e+01
3.469691848754882812e+01
3.501312637329101562e+01
3.498466110229492188e+01
3.516095733642578125e+01
3.547645187377929688e+01
3.589203643798828125e+01
3.654981613159179688e+01
3.661497879028320312e+01
3.573951721191406250e+01
3.528882217407226562e+01
3.529262161254882812e+01
3.529195785522460938e+01
3.532571411132812500e+01
3.565978622436523438e+01
3.682212066650390625e+01
3.685136032104492188e+01
3.690156936645507812e+01
3.668164062500000000e+01
3.658761596679687500e+01
3.657920074462890625e+01
3.644037628173828125e+01
3.607786178588867188e+01
3.528750228881835938e+01
3.492699813842773438e+01
3.480696105957031250e+01
3.466905212402343750e+01
3.477674102783203125e+01
3.484302520751953125e+01
3.472601318359375000e+01
3.468732070922851562e+01
3.481058502197265625e+01
3.506866073608398438e+01
3.541159820556640625e+01
3.531443786621093750e+01
3.509215545654296875e+01
3.479475021362304688e+01
3.467239761352539062e+01
3.451920318603515625e+01
3.456788253784179688e+01
3.502138519287109375e+01
3.544259262084960938e+01
3.565868759155273438e+01
3.573605346679687500e+01
3.586912155151367188e+01
3.602241516113281250e+01
3.611510848999023438e+01
3.586873626708984375e+01
3.546315765380859375e+01
3.532828140258789062e+01
3.541334915161132812e+01
3.553396606445312500e+01
3.527091217041015625e+01
3.499245452880859375e+01
3.475782394409179688e+01
3.453210067749023438e+01
3.462912750244140625e+01
3.488326263427734375e+01
3.662120819091796875e+01
