3.561048889160156250e+01
3.634949493408203125e+01
3.722690582275390625e+01
3.723159408569335938e+01
3.711186218261718750e+01
3.590629959106445312e+01
3.522195816040039062e+01
3.481493377685546875e+01
3.452903747558593750e+01
3.454916381835937500e+01
3.474171829223632812e+01
3.504442214965820312e+01
3.486837005615234375e+01
3.488020706176757812e+01
3.518774414062500000e+01
3.512931823730468750e+01
3.471150588989257812e+01
3.493781280517578125e+01
3.633670425415039062e+01
3.681782531738281250e+01
3.695772552490234375e+01
3.713842391967773438e+01
3.736068344116210938e+01
3.749938201904296875e+01
3.767474746704101562e+01
3.773508834838867188e+01
3.717351531982421875e+01
3.671682357788085938e+01
3.702784729003906250e+01
3.716668701171875000e+01
3.719765472412109375e+01
3.731908798217773438e+01
3.735613250732421875e+01
3.716308212280273438e+01
3.707879257202148438e+01
3.648019027709960938e+01
3.506273269653320312e+01
3.472768020629882812e+01
3.467115402221679688e+01
3.470394515991210938e+01
3.487785339355468750e+01
3.489744567871093750e+01
3.480963516235351562e+01
3.463833618164062500e+01
3.464130401611328125e+01
3.508547973632812500e+01
3.515987777709960938e+01
3.506843948364257812e+01
3.510791778564453125e+01
3.499537277221679688e+01
3.481434249877929688e+01
3.462956619262695312e+01
3.444223022460937500e+01
3.439949798583984375e+01
3.433818054199218750e+01
3.429952621459960938e+01
3.418209075927734375e+01
3.410918045043945312e+01
3.441838836669921875e+01
3.501764678955078125e+01
3.574972915649414062e+01
3.648897933959960938e+01
3.716008758544921875e+01
3.679436874389648438e+01
3.599295043945312500e+01
3.517650604248046875e+01
3.490060043334960938e+01
3.483213806152343750e+01
3.483486557006835938e+01
3.531252670288085938e+01
3.580798721313476562e+01
3.621986389160156250e+01
3.632525253295898438e+01
3.553366088867187500e+01
3.486901473999023438e+01
3.452568817138671875e+01
3.445159912109375000e+01
3.438173294067382812e+01
3.422893524169921875e+01
3.416622161865234375e+01
3.405767822265625000e+01
3.388694381713867188e+01
3.398636627197265625e+01
3.404624557495117188e+01
3.446545028686523438e+01
3.500427627563476562e+01
3.522861862182617188e+01
3.526180648803710938e+01
3.498790359497070312e+01
3.427647399902343750e+01
3.383306884765625000e+01
3.380456924438476562e+01
3.403815460205078125e+01
3.416099166870117188e+01
3.454848480224609375e+01
3.478921127319335938e+01
3.408445739746093750e+01
3.424665451049804688e+01
3.596016311645507812e+01
