3.272836685180664062e+01
3.298955535888671875e+01
3.315459442138671875e+01
3.283983612060546875e+01
3.257934570312500000e+01
3.271498107910156250e+01
3.297024536132812500e+01
3.313343811035156250e+01
3.308233642578125000e+01
3.312117004394531250e+01
3.276033401489257812e+01
3.224586868286132812e+01
3.200409698486328125e+01
3.202005767822265625e+01
3.182886695861816406e+01
3.175709342956542969e+01
3.217038345336914062e+01
3.245422744750976562e+01
3.267684936523437500e+01
3.261194992065429688e+01
3.263364028930664062e+01
3.249851989746093750e+01
3.247728729248046875e+01
3.255243682861328125e+01
3.265821838378906250e+01
3.288472747802734375e+01
3.289519882202148438e+01
3.291080474853515625e+01
3.307309341430664062e+01
3.290048980712890625e+01
3.281264114379882812e+01
3.285351562500000000e+01
3.280666351318359375e+01
3.287195205688476562e+01
3.328009033203125000e+01
3.350761413574218750e+01
3.355865478515625000e+01
3.336127853393554688e+01
3.336063003540039062e+01
3.317158889770507812e+01
3.303719711303710938e+01
3.270203781127929688e+01
3.247768020629882812e+01
3.235187530517578125e+01
3.241381072998046875e+01
3.238870239257812500e+01
3.213385009765625000e+01
3.196240997314453125e+01
3.187476348876953125e+01
3.181418991088867188e+01
3.200177001953125000e+01
3.205027389526367188e+01
3.207449340820312500e+01
3.209839630126953125e+01
3.216914367675781250e+01
3.231347656250000000e+01
3.235996246337890625e+01
3.224038314819335938e+01
3.208232879638671875e+01
3.197195434570312500e+01
3.197930145263671875e+01
3.204247283935546875e+01
3.204314041137695312e+01
3.227206802368164062e+01
3.250944900512695312e+01
3.253458786010742188e+01
3.260100936889648438e+01
3.266055679321289062e+01
3.252023696899414062e+01
3.215874481201171875e+01
3.183034515380859375e+01
3.174773216247558594e+01
3.197751426696777344e+01
3.221410751342773438e+01
3.220024871826171875e+01
3.181324005126953125e+01
3.165121459960937500e+01
3.157443428039550781e+01
3.168460273742675781e+01
3.198559188842773438e+01
3.207522201538085938e+01
3.228096389770507812e+01
3.264945602416992188e+01
3.293130874633789062e+01
3.289091491699218750e+01
3.284656143188476562e+01
3.276873016357421875e+01
3.244153976440429688e+01
3.237940216064453125e+01
3.252037048339843750e+01
3.271844863891601562e+01
3.277311706542968750e+01
3.275658416748046875e+01
3.265741729736328125e+01
3.271705245971679688e+01
3.288970947265625000e+01
3.270301818847656250e+01
3.267068862915039062e+01
