2.727632713317871094e+01
2.741561889648437500e+01
2.741491127014160156e+01
2.696655845642089844e+01
2.715045547485351562e+01
2.638256072998046875e+01
2.666772270202636719e+01
2.573871231079101562e+01
2.583445739746093750e+01
2.603709983825683594e+01
2.586939048767089844e+01
2.590407752990722656e+01
2.585384559631347656e+01
2.572630119323730469e+01
2.572453117370605469e+01
2.613736915588378906e+01
2.760164260864257812e+01
2.969464302062988281e+01
2.867317771911621094e+01
2.801062202453613281e+01
2.771198081970214844e+01
2.774029731750488281e+01
2.820765113830566406e+01
2.851729393005371094e+01
2.779952049255371094e+01
2.742475700378417969e+01
2.738367080688476562e+01
2.757297706604003906e+01
2.887819290161132812e+01
3.100543212890625000e+01
2.973769760131835938e+01
2.908689308166503906e+01
2.951513862609863281e+01
3.013308715820312500e+01
2.917443275451660156e+01
2.989877700805664062e+01
3.004315948486328125e+01
2.925026893615722656e+01
2.897858047485351562e+01
2.959522438049316406e+01
2.967068862915039062e+01
2.879329109191894531e+01
2.811237144470214844e+01
2.727183723449707031e+01
2.684087753295898438e+01
2.690600776672363281e+01
2.699619102478027344e+01
2.683529090881347656e+01
2.695015525817871094e+01
2.743423652648925781e+01
2.747596931457519531e+01
2.730933189392089844e+01
2.709986686706542969e+01
2.685221099853515625e+01
2.668093299865722656e+01
2.661012458801269531e+01
2.673892211914062500e+01
2.656020545959472656e+01
2.654371643066406250e+01
2.642101669311523438e+01
2.630501556396484375e+01
2.612863731384277344e+01
2.619964790344238281e+01
2.631790351867675781e+01
2.642404174804687500e+01
2.626496505737304688e+01
2.624350166320800781e+01
2.618008232116699219e+01
2.626379203796386719e+01
2.636397171020507812e+01
2.641634178161621094e+01
2.667443847656250000e+01
2.683520317077636719e+01
2.688050460815429688e+01
2.682042503356933594e+01
2.675089454650878906e+01
2.679602622985839844e+01
2.686242485046386719e+01
2.698165130615234375e+01
2.709872627258300781e+01
2.710831260681152344e+01
2.703903579711914062e+01
2.719056129455566406e+01
2.762070655822753906e+01
2.778634834289550781e+01
2.798317337036132812e+01
2.813913154602050781e+01
2.793695831298828125e+01
2.767460823059082031e+01
2.753334999084472656e+01
2.738937187194824219e+01
2.684575843811035156e+01
2.643206405639648438e+01
2.728553009033203125e+01
