2.912341880798339844e+01
2.920293235778808594e+01
2.893809890747070312e+01
2.863269042968750000e+01
2.852672386169433594e+01
2.826070213317871094e+01
2.764663124084472656e+01
2.774354171752929688e+01
2.752798461914062500e+01
2.739115524291992188e+01
2.775220108032226562e+01
2.802343177795410156e+01
2.826998710632324219e+01
2.846143913269042969e+01
2.824250030517578125e+01
2.839198875427246094e+01
2.820167922973632812e+01
2.788443946838378906e+01
2.769490242004394531e+01
2.779849433898925781e+01
2.799738883972167969e+01
2.802494430541992188e+01
2.801184654235839844e+01
2.781992149353027344e+01
2.775952911376953125e+01
2.763090705871582031e+01
2.752993774414062500e+01
2.743244934082031250e+01
2.734885025024414062e+01
2.724051666259765625e+01
2.716507911682128906e+01
2.712080955505371094e+01
2.702140617370605469e+01
2.699501228332519531e+01
2.712738990783691406e+01
2.730761146545410156e+01
2.728482437133789062e+01
2.720204162597656250e+01
2.724800872802734375e+01
2.738580894470214844e+01
2.772106361389160156e+01
2.783176612854003906e+01
2.795138359069824219e+01
2.783072090148925781e+01
2.769617462158203125e+01
2.744471168518066406e+01
2.722506904602050781e+01
2.722652626037597656e+01
2.725498008728027344e+01
2.729751396179199219e+01
2.733170318603515625e+01
2.747262763977050781e+01
2.768672943115234375e+01
2.791288375854492188e+01
2.794291877746582031e+01
2.781056022644042969e+01
2.762567138671875000e+01
2.752881622314453125e+01
2.734589385986328125e+01
2.714782524108886719e+01
2.699834632873535156e+01
2.703494453430175781e+01
2.708407211303710938e+01
2.705715560913085938e+01
2.701320075988769531e+01
2.690205001831054688e+01
2.680691719055175781e+01
2.668550682067871094e+01
2.662789726257324219e+01
2.668958854675292969e+01
2.682491683959960938e+01
2.685560798645019531e+01
2.674371719360351562e+01
2.670377731323242188e+01
2.674939346313476562e+01
2.700789451599121094e+01
2.719416809082031250e+01
2.713145828247070312e+01
2.704478073120117188e+01
2.711884498596191406e+01
2.697479629516601562e+01
2.676972389221191406e+01
2.673646545410156250e+01
2.683983230590820312e+01
2.673818206787109375e+01
2.666879653930664062e+01
2.652618408203125000e+01
2.657971763610839844e+01
2.676593589782714844e+01
2.676566314697265625e+01
2.672499465942382812e+01
2.672785186767578125e+01
2.662589454650878906e+01
2.679221725463867188e+01
2.701839256286621094e+01
2.722846603393554688e+01
2.720357131958007812e+01
2.708446311950683594e+01
2.718698120117187500e+01
2.744396591186523438e+01
2.744229125976562500e+01
2.714258193969726562e+01
2.719901275634765625e+01
2.721923828125000000e+01
2.676600456237792969e+01
