2.819308662414550781e+01
2.803296661376953125e+01
2.758735084533691406e+01
2.763734245300292969e+01
2.742616271972656250e+01
2.757261276245117188e+01
2.793405532836914062e+01
2.850578498840332031e+01
2.823548889160156250e+01
2.825022697448730469e+01
2.848799324035644531e+01
2.878116989135742188e+01
2.906839370727539062e+01
2.912849426269531250e+01
2.907369995117187500e+01
2.906657218933105469e+01
2.947371292114257812e+01
2.969323348999023438e+01
2.964722251892089844e+01
2.934811019897460938e+01
2.902454757690429688e+01
2.888118362426757812e+01
2.878540802001953125e+01
2.856519508361816406e+01
2.831000328063964844e+01
2.824280357360839844e+01
2.847596168518066406e+01
2.863209915161132812e+01
2.866268730163574219e+01
2.853702354431152344e+01
2.845920372009277344e+01
2.823112106323242188e+01
2.818066787719726562e+01
2.809185409545898438e+01
2.813129234313964844e+01
2.823870849609375000e+01
2.817623519897460938e+01
2.805096244812011719e+01
2.811609077453613281e+01
2.823097038269042969e+01
2.844476699829101562e+01
2.864743041992187500e+01
2.898856925964355469e+01
2.933923530578613281e+01
2.927073097229003906e+01
2.885816383361816406e+01
2.893028640747070312e+01
2.919038391113281250e+01
2.929677391052246094e+01
2.920217132568359375e+01
2.921417808532714844e+01
2.936327552795410156e+01
2.940900611877441406e+01
2.970331954956054688e+01
2.929472351074218750e+01
2.900996971130371094e+01
2.885175895690917969e+01
2.874830436706542969e+01
2.853208351135253906e+01
2.874039649963378906e+01
2.902982711791992188e+01
2.917349052429199219e+01
2.921384620666503906e+01
2.908109855651855469e+01
2.876691627502441406e+01
2.844094467163085938e+01
2.832986450195312500e+01
2.842382621765136719e+01
2.872523498535156250e+01
2.908946228027343750e+01
2.946935462951660156e+01
2.958320236206054688e+01
2.924561500549316406e+01
2.912558937072753906e+01
2.928935432434082031e+01
2.903948783874511719e+01
2.897100257873535156e+01
2.886052513122558594e+01
2.900335502624511719e+01
2.899580383300781250e+01
2.842726898193359375e+01
2.812182235717773438e+01
2.812196922302246094e+01
2.813873863220214844e+01
2.813739204406738281e+01
2.808054351806640625e+01
2.819121360778808594e+01
2.866110038757324219e+01
2.941222953796386719e+01
2.996335029602050781e+01
3.004223632812500000e+01
2.983829498291015625e+01
2.940589714050292969e+01
2.901826858520507812e+01
2.877383232116699219e+01
2.888967895507812500e+01
2.877882003784179688e+01
2.874507522583007812e+01
2.932615852355957031e+01
2.953926086425781250e+01
2.960524749755859375e+01
2.980174446105957031e+01
3.001736068725585938e+01
2.969650650024414062e+01
2.955956077575683594e+01
2.954799270629882812e+01
2.976986312866210938e+01
