3.716988372802734375e+01
3.724003601074218750e+01
3.735521316528320312e+01
3.741946029663085938e+01
3.749147033691406250e+01
3.786231231689453125e+01
3.822057342529296875e+01
3.792257690429687500e+01
3.782407760620117188e+01
3.780538558959960938e+01
3.762227630615234375e+01
3.794625091552734375e+01
3.837452316284179688e+01
3.870502471923828125e+01
3.875654602050781250e+01
3.819274520874023438e+01
3.803540039062500000e+01
3.798817825317382812e+01
3.790378952026367188e+01
3.790902328491210938e+01
3.806437301635742188e+01
3.815187072753906250e+01
3.818866348266601562e+01
3.834132003784179688e+01
3.847330093383789062e+01
3.878120803833007812e+01
3.888114166259765625e+01
3.892987442016601562e+01
3.869185256958007812e+01
3.855775833129882812e+01
3.815063095092773438e+01
3.766798019409179688e+01
3.749343109130859375e+01
3.749730300903320312e+01
3.776805496215820312e+01
3.772058486938476562e+01
3.757857131958007812e+01
3.756063079833984375e+01
3.760494613647460938e+01
3.770463562011718750e+01
3.776103973388671875e+01
3.778161239624023438e+01
3.760860443115234375e+01
3.783657455444335938e+01
3.787667846679687500e+01
3.783473205566406250e+01
3.802003860473632812e+01
3.787413787841796875e+01
3.770630264282226562e+01
3.780490112304687500e+01
3.819002532958984375e+01
3.828187942504882812e+01
3.803343963623046875e+01
3.771352386474609375e+01
3.759798431396484375e+01
3.740496063232421875e+01
3.740845489501953125e+01
3.754087829589843750e+01
3.750834655761718750e+01
3.734328842163085938e+01
3.739411544799804688e+01
3.759293365478515625e+01
3.762176895141601562e+01
3.747598266601562500e+01
3.746591949462890625e+01
3.752024841308593750e+01
3.761091232299804688e+01
3.749980163574218750e+01
3.742180633544921875e+01
3.746874237060546875e+01
3.744466018676757812e+01
3.763623428344726562e+01
3.796791458129882812e+01
3.816782760620117188e+01
3.864609527587890625e+01
3.882588195800781250e+01
3.840005493164062500e+01
3.785984420776367188e+01
3.757483673095703125e+01
3.720670700073242188e+01
3.682649230957031250e+01
3.705149078369140625e+01
3.717675781250000000e+01
3.704010391235351562e+01
3.684572219848632812e+01
3.657208251953125000e+01
3.655333709716796875e+01
3.632172012329101562e+01
3.637846374511718750e+01
3.631499481201171875e+01
3.598635482788085938e+01
3.610290145874023438e+01
3.669245529174804688e+01
3.695498657226562500e+01
3.729754257202148438e+01
