3.473432922363281250e+01
3.617307281494140625e+01
3.667824172973632812e+01
3.702680206298828125e+01
3.691033554077148438e+01
3.582796859741210938e+01
3.491842651367187500e+01
3.483332443237304688e+01
3.499615478515625000e+01
3.505663681030273438e+01
3.497341156005859375e+01
3.519054412841796875e+01
3.544264221191406250e+01
3.582052230834960938e+01
3.572448348999023438e+01
3.554616928100585938e+01
3.484076309204101562e+01
3.459811019897460938e+01
3.448028182983398438e+01
3.443182373046875000e+01
3.456163787841796875e+01
3.456727981567382812e+01
3.449382400512695312e+01
3.472399902343750000e+01
3.487200164794921875e+01
3.469850540161132812e+01
3.438587951660156250e+01
3.452158355712890625e+01
3.490456008911132812e+01
3.507432556152343750e+01
3.529500579833984375e+01
3.518403244018554688e+01
3.486020278930664062e+01
3.472455596923828125e+01
3.484531784057617188e+01
3.518824005126953125e+01
3.527344894409179688e+01
3.527530288696289062e+01
3.498398590087890625e+01
3.496246719360351562e+01
3.563341140747070312e+01
3.553678894042968750e+01
3.550863265991210938e+01
3.619373703002929688e+01
3.652756881713867188e+01
3.666333389282226562e+01
3.681508255004882812e+01
3.675953674316406250e+01
3.670874786376953125e+01
3.678527069091796875e+01
3.665220260620117188e+01
3.583444976806640625e+01
3.480330657958984375e+01
3.414757156372070312e+01
3.408498001098632812e+01
3.436331176757812500e+01
3.439868927001953125e+01
3.364704895019531250e+01
3.285507965087890625e+01
3.280919265747070312e+01
3.292954254150390625e+01
3.348599243164062500e+01
3.382172775268554688e+01
3.398020553588867188e+01
3.400458908081054688e+01
3.395392608642578125e+01
3.402974319458007812e+01
3.409025192260742188e+01
3.427680587768554688e+01
3.441161346435546875e+01
3.448539352416992188e+01
3.461251449584960938e+01
3.514758682250976562e+01
3.560989761352539062e+01
3.575985336303710938e+01
3.584815597534179688e+01
3.561106109619140625e+01
3.532143783569335938e+01
3.551055145263671875e+01
3.616780471801757812e+01
3.657838821411132812e+01
3.686716842651367188e+01
3.708762741088867188e+01
3.705296325683593750e+01
3.687390899658203125e+01
3.656607437133789062e+01
3.595911026000976562e+01
3.494569015502929688e+01
3.428435516357421875e+01
3.383428192138671875e+01
3.406295776367187500e+01
3.403412246704101562e+01
3.368701553344726562e+01
3.350484466552734375e+01
3.369452285766601562e+01
3.400232696533203125e+01
3.452251052856445312e+01
3.459064865112304688e+01
3.423217773437500000e+01
3.333978271484375000e+01
3.308736419677734375e+01
3.315660095214843750e+01
3.383783721923828125e+01
3.374249267578125000e+01
3.395433044433593750e+01
3.229544830322265625e+01
3.042251205444335938e+01
2.949260711669921875e+01
2.839735221862792969e+01
2.834509086608886719e+01
2.537472915649414062e+01
