3.316396713256835938e+01
3.346019744873046875e+01
3.316874694824218750e+01
3.288653945922851562e+01
3.256558990478515625e+01
3.250689315795898438e+01
3.240227127075195312e+01
3.220117950439453125e+01
3.217721557617187500e+01
3.220232009887695312e+01
3.216355133056640625e+01
3.190048789978027344e+01
3.168038749694824219e+01
3.184047889709472656e+01
3.201971435546875000e+01
3.210245895385742188e+01
3.177993774414062500e+01
3.170467567443847656e+01
3.172347259521484375e+01
3.173085594177246094e+01
3.184420776367187500e+01
3.188316917419433594e+01
3.184928894042968750e+01
3.177645874023437500e+01
3.189526748657226562e+01
3.199054336547851562e+01
3.193681144714355469e+01
3.184906578063964844e+01
3.181933403015136719e+01
3.195400047302246094e+01
3.209690475463867188e+01
3.225065231323242188e+01
3.248556137084960938e+01
3.273523712158203125e+01
3.276574325561523438e+01
3.278091430664062500e+01
3.278390502929687500e+01
3.286308288574218750e+01
3.278879547119140625e+01
3.261519241333007812e+01
3.258201980590820312e+01
3.258993530273437500e+01
3.263675689697265625e+01
3.267952728271484375e+01
3.278410720825195312e+01
3.277463150024414062e+01
3.270703125000000000e+01
3.258658599853515625e+01
3.194380187988281250e+01
3.077709007263183594e+01
3.045384597778320312e+01
3.149337387084960938e+01
3.283847808837890625e+01
3.335004425048828125e+01
3.321401596069335938e+01
3.281121826171875000e+01
3.246407699584960938e+01
3.252411651611328125e+01
3.263315582275390625e+01
3.273307037353515625e+01
3.278472137451171875e+01
3.265562438964843750e+01
3.235988235473632812e+01
3.225247955322265625e+01
3.211515426635742188e+01
3.208071136474609375e+01
3.205269622802734375e+01
3.199341773986816406e+01
3.202772903442382812e+01
3.191926193237304688e+01
3.180607032775878906e+01
3.175047492980957031e+01
3.165471458435058594e+01
3.153747367858886719e+01
3.152096366882324219e+01
3.159505081176757812e+01
3.163466072082519531e+01
3.165813446044921875e+01
3.158297920227050781e+01
3.147446060180664062e+01
3.148751640319824219e+01
3.152743911743164062e+01
3.161723136901855469e+01
3.175746345520019531e+01
3.174389266967773438e+01
3.155250740051269531e+01
3.155157852172851562e+01
3.186475372314453125e+01
3.221265029907226562e+01
3.229514694213867188e+01
3.223777008056640625e+01
3.219465637207031250e+01
3.236612319946289062e+01
3.258263015747070312e+01
3.263137817382812500e+01
3.246820068359375000e+01
3.241643905639648438e+01
3.241075897216796875e+01
3.251280975341796875e+01
3.253212356567382812e+01
3.225446701049804688e+01
3.135408973693847656e+01
3.041021156311035156e+01
2.900623130798339844e+01
