3.532841873168945312e+01
3.412339401245117188e+01
3.443220138549804688e+01
3.455125045776367188e+01
3.415532684326171875e+01
3.383021926879882812e+01
3.328007888793945312e+01
3.346575164794921875e+01
3.461060333251953125e+01
3.555273056030273438e+01
3.570621871948242188e+01
3.587026214599609375e+01
3.599791717529296875e+01
3.544268417358398438e+01
3.445500946044921875e+01
3.369073486328125000e+01
3.295016479492187500e+01
3.327421951293945312e+01
3.360755157470703125e+01
3.361150741577148438e+01
3.361958694458007812e+01
3.365494537353515625e+01
3.399562835693359375e+01
3.404259872436523438e+01
3.393191909790039062e+01
3.364197921752929688e+01
3.367383956909179688e+01
3.361595153808593750e+01
3.351450347900390625e+01
3.351359939575195312e+01
3.339319229125976562e+01
3.339056015014648438e+01
3.354481887817382812e+01
3.377039718627929688e+01
3.391144943237304688e+01
3.428590393066406250e+01
3.451819229125976562e+01
3.423815536499023438e+01
3.400512313842773438e+01
3.384986114501953125e+01
3.381557464599609375e+01
3.410028457641601562e+01
3.428950881958007812e+01
3.420737838745117188e+01
3.397669982910156250e+01
3.344765853881835938e+01
3.320048904418945312e+01
3.328185272216796875e+01
3.351818466186523438e+01
3.358552551269531250e+01
3.353052139282226562e+01
3.359938812255859375e+01
3.353564071655273438e+01
3.338513946533203125e+01
3.319274139404296875e+01
3.321595382690429688e+01
3.346007156372070312e+01
3.357189559936523438e+01
3.340771865844726562e+01
3.309453964233398438e+01
3.285470962524414062e+01
3.253791809082031250e+01
3.242022323608398438e+01
3.237057495117187500e+01
3.275329971313476562e+01
3.297009658813476562e+01
3.284741973876953125e+01
3.285574722290039062e+01
3.303093719482421875e+01
3.368367385864257812e+01
3.406052398681640625e+01
3.412459182739257812e+01
3.374431991577148438e+01
3.361171722412109375e+01
3.355690383911132812e+01
3.343371963500976562e+01
3.335396957397460938e+01
3.334051132202148438e+01
3.337958908081054688e+01
3.351735305786132812e+01
3.383696365356445312e+01
3.390141677856445312e+01
3.399094009399414062e+01
3.406350326538085938e+01
3.395995330810546875e+01
3.424144363403320312e+01
3.447552108764648438e+01
3.551884078979492188e+01
3.600865936279296875e+01
3.613180923461914062e+01
3.621657562255859375e+01
3.615265274047851562e+01
3.569733428955078125e+01
3.649483108520507812e+01
3.735429000854492188e+01
3.744722366333007812e+01
3.724911117553710938e+01
3.689493179321289062e+01
3.673692703247070312e+01
