2.669474792480468750e+01
2.686180114746093750e+01
2.679761505126953125e+01
2.674332046508789062e+01
2.668213462829589844e+01
2.653513336181640625e+01
2.636083221435546875e+01
2.621550369262695312e+01
2.642206001281738281e+01
2.620664024353027344e+01
2.631860351562500000e+01
2.634204101562500000e+01
2.641945457458496094e+01
2.625571823120117188e+01
2.604295730590820312e+01
2.589661598205566406e+01
2.585762596130371094e+01
2.581962585449218750e+01
2.586901855468750000e+01
2.589836311340332031e+01
2.588908195495605469e+01
2.581433296203613281e+01
2.588173675537109375e+01
2.598025131225585938e+01
2.612227439880371094e+01
2.615690231323242188e+01
2.611172103881835938e+01
2.601680755615234375e+01
2.584763145446777344e+01
2.571233749389648438e+01
2.555605506896972656e+01
2.545414924621582031e+01
2.543628311157226562e+01
2.530732917785644531e+01
2.529519271850585938e+01
2.534461021423339844e+01
2.548199272155761719e+01
2.565678405761718750e+01
2.574419403076171875e+01
2.597851753234863281e+01
2.608750915527343750e+01
2.612741470336914062e+01
2.607695579528808594e+01
2.605486106872558594e+01
2.598580360412597656e+01
2.586866569519042969e+01
2.577070045471191406e+01
2.572981262207031250e+01
2.567928695678710938e+01
2.562371253967285156e+01
2.555910682678222656e+01
2.546752357482910156e+01
2.552273750305175781e+01
2.559933662414550781e+01
2.577222251892089844e+01
2.602981567382812500e+01
2.617822837829589844e+01
2.627766036987304688e+01
2.627861022949218750e+01
2.615644264221191406e+01
2.604713249206542969e+01
2.600330352783203125e+01
2.598979568481445312e+01
2.597135734558105469e+01
2.589417839050292969e+01
2.591001701354980469e+01
2.593250846862792969e+01
2.596587562561035156e+01
2.587197685241699219e+01
2.581964302062988281e+01
2.572468376159667969e+01
2.558167457580566406e+01
2.548727226257324219e+01
2.541445732116699219e+01
2.541843414306640625e+01
2.539779281616210938e+01
2.534356689453125000e+01
2.530761337280273438e+01
2.519348716735839844e+01
2.518984031677246094e+01
2.522197914123535156e+01
2.525448417663574219e+01
2.532384300231933594e+01
2.535829353332519531e+01
2.551509475708007812e+01
2.574844169616699219e+01
2.590452003479003906e+01
2.597121620178222656e+01
2.604948425292968750e+01
2.613715934753417969e+01
2.628742599487304688e+01
2.633254051208496094e+01
2.625887489318847656e+01
2.641260910034179688e+01
2.645802879333496094e+01
2.608863639831542969e+01
2.586536788940429688e+01
2.589512062072753906e+01
2.561129379272460938e+01
