3.149328994750976562e+01
3.152350234985351562e+01
3.165806007385253906e+01
3.162596511840820312e+01
3.177579689025878906e+01
3.152613830566406250e+01
3.122482490539550781e+01
3.117061424255371094e+01
3.117733001708984375e+01
3.124026298522949219e+01
3.140653228759765625e+01
3.157802581787109375e+01
3.175602912902832031e+01
3.173796463012695312e+01
3.153128433227539062e+01
3.140827560424804688e+01
3.139292144775390625e+01
3.148135566711425781e+01
3.157822799682617188e+01
3.180094337463378906e+01
3.212834930419921875e+01
3.223868179321289062e+01
3.237541580200195312e+01
3.242317581176757812e+01
3.270743179321289062e+01
3.271641159057617188e+01
3.256142044067382812e+01
3.235320663452148438e+01
3.215023803710937500e+01
3.200408935546875000e+01
3.210895919799804688e+01
3.232879257202148438e+01
3.252948379516601562e+01
3.273128128051757812e+01
3.261420822143554688e+01
3.241596603393554688e+01
3.204531478881835938e+01
3.179076576232910156e+01
3.174421310424804688e+01
3.167566871643066406e+01
3.182638740539550781e+01
3.206674194335937500e+01
3.221459579467773438e+01
3.205352783203125000e+01
3.192867469787597656e+01
3.183477783203125000e+01
3.152865600585937500e+01
3.138484764099121094e+01
3.150615692138671875e+01
3.150922393798828125e+01
3.154336166381835938e+01
3.156167602539062500e+01
3.144080543518066406e+01
3.126444435119628906e+01
3.119012451171875000e+01
3.114997100830078125e+01
3.129924201965332031e+01
3.135721588134765625e+01
3.141856575012207031e+01
3.155759811401367188e+01
3.162096786499023438e+01
3.150068664550781250e+01
3.141232299804687500e+01
3.125701904296875000e+01
3.114369773864746094e+01
3.112602615356445312e+01
3.124705886840820312e+01
3.149180984497070312e+01
3.174407768249511719e+01
3.191768836975097656e+01
3.205387115478515625e+01
3.211768341064453125e+01
3.210134124755859375e+01
3.192425537109375000e+01
3.169528579711914062e+01
3.135375213623046875e+01
3.113041687011718750e+01
3.113215827941894531e+01
3.118330574035644531e+01
3.113861465454101562e+01
3.115998458862304688e+01
3.114125442504882812e+01
3.124069786071777344e+01
3.142135429382324219e+01
3.161391067504882812e+01
3.176262092590332031e+01
3.181493759155273438e+01
3.180319023132324219e+01
3.196408081054687500e+01
3.213220214843750000e+01
3.211340332031250000e+01
3.199472808837890625e+01
3.188675689697265625e+01
3.180445480346679688e+01
3.186955070495605469e+01
3.182504272460937500e+01
3.179747581481933594e+01
3.177965736389160156e+01
3.192572402954101562e+01
3.185261535644531250e+01
3.176807785034179688e+01
3.181734085083007812e+01
3.193696594238281250e+01
