2.631645202636718750e+01
2.658559226989746094e+01
2.681726837158203125e+01
2.688114547729492188e+01
2.692403793334960938e+01
2.668107986450195312e+01
2.653113746643066406e+01
2.643095207214355469e+01
2.639832496643066406e+01
2.650271606445312500e+01
2.644363021850585938e+01
2.643185234069824219e+01
2.649527549743652344e+01
2.634992408752441406e+01
2.624576568603515625e+01
2.613779830932617188e+01
2.597590065002441406e+01
2.601191902160644531e+01
2.619010543823242188e+01
2.627167129516601562e+01
2.633655357360839844e+01
2.637730789184570312e+01
2.634898948669433594e+01
2.618302345275878906e+01
2.604002189636230469e+01
2.606231689453125000e+01
2.613106346130371094e+01
2.619521522521972656e+01
2.619800758361816406e+01
2.610670661926269531e+01
2.611074829101562500e+01
2.603721809387207031e+01
2.587314033508300781e+01
2.574248504638671875e+01
2.565129089355468750e+01
2.560169792175292969e+01
2.562230110168457031e+01
2.564112281799316406e+01
2.566351890563964844e+01
2.567532920837402344e+01
2.565200042724609375e+01
2.564273452758789062e+01
2.567831611633300781e+01
2.568172073364257812e+01
2.574130249023437500e+01
2.572668838500976562e+01
2.573140144348144531e+01
2.576880836486816406e+01
2.582770156860351562e+01
2.593490600585937500e+01
2.598864173889160156e+01
2.599105453491210938e+01
2.596327400207519531e+01
2.592150115966796875e+01
2.590078163146972656e+01
2.593453407287597656e+01
2.605735969543457031e+01
2.620285415649414062e+01
2.620442962646484375e+01
2.611544036865234375e+01
2.606156539916992188e+01
2.609491348266601562e+01
2.616324424743652344e+01
2.625893974304199219e+01
2.631382179260253906e+01
2.636240005493164062e+01
2.627742958068847656e+01
2.614625358581542969e+01
2.604150772094726562e+01
2.583762931823730469e+01
2.575054550170898438e+01
2.570343589782714844e+01
2.565457916259765625e+01
2.567703247070312500e+01
2.571172714233398438e+01
2.574509620666503906e+01
2.584479141235351562e+01
2.572421073913574219e+01
2.569673919677734375e+01
2.569693565368652344e+01
2.566418838500976562e+01
2.568064880371093750e+01
2.567937278747558594e+01
2.577090644836425781e+01
2.596622848510742188e+01
2.619281959533691406e+01
2.653049468994140625e+01
2.677019882202148438e+01
2.690235900878906250e+01
2.702891921997070312e+01
2.692314910888671875e+01
2.633400154113769531e+01
2.594870185852050781e+01
2.576298904418945312e+01
2.591326713562011719e+01
2.568213844299316406e+01
