2.105338096618652344e+01
2.114635086059570312e+01
2.099289321899414062e+01
2.085052680969238281e+01
2.075407028198242188e+01
2.069289016723632812e+01
2.069561767578125000e+01
2.068437385559082031e+01
2.065426635742187500e+01
2.061047363281250000e+01
2.055311584472656250e+01
2.052225494384765625e+01
2.049338912963867188e+01
2.045968246459960938e+01
2.044737243652343750e+01
2.042710113525390625e+01
2.045766067504882812e+01
2.048562240600585938e+01
2.053995132446289062e+01
2.064459037780761719e+01
2.069554901123046875e+01
2.076420783996582031e+01
2.081786346435546875e+01
2.079384994506835938e+01
2.083700180053710938e+01
2.086895179748535156e+01
2.084103775024414062e+01
2.074207496643066406e+01
2.076613426208496094e+01
2.090275382995605469e+01
2.102795600891113281e+01
2.110508537292480469e+01
2.118025016784667969e+01
2.125311088562011719e+01
2.134693336486816406e+01
2.144404983520507812e+01
2.142735099792480469e+01
2.144476509094238281e+01
2.143579101562500000e+01
2.142935371398925781e+01
2.150665855407714844e+01
2.151627731323242188e+01
2.155776977539062500e+01
2.157281494140625000e+01
2.152279281616210938e+01
2.151281929016113281e+01
2.143087196350097656e+01
2.134500122070312500e+01
2.133951568603515625e+01
2.135145950317382812e+01
2.138696098327636719e+01
2.142495918273925781e+01
2.144454002380371094e+01
2.151844215393066406e+01
2.152234268188476562e+01
2.156292152404785156e+01
2.161360168457031250e+01
2.162183952331542969e+01
2.177139472961425781e+01
2.187126731872558594e+01
2.195980834960937500e+01
2.204302024841308594e+01
2.208334159851074219e+01
2.215558433532714844e+01
2.221348190307617188e+01
2.226780128479003906e+01
2.225129318237304688e+01
2.223606300354003906e+01
2.216734123229980469e+01
2.205395507812500000e+01
2.183995819091796875e+01
2.161160469055175781e+01
2.140717697143554688e+01
2.132245635986328125e+01
2.125141906738281250e+01
2.108819007873535156e+01
2.102745246887207031e+01
2.098613166809082031e+01
2.094923591613769531e+01
2.103422164916992188e+01
2.116187667846679688e+01
2.142566680908203125e+01
2.153494262695312500e+01
2.124657821655273438e+01
2.116302490234375000e+01
2.119121551513671875e+01
2.122313499450683594e+01
2.149607276916503906e+01
2.138668441772460938e+01
2.153128433227539062e+01
2.177194786071777344e+01
2.217778015136718750e+01
2.255823326110839844e+01
2.269886207580566406e+01
2.258130455017089844e+01
2.218170928955078125e+01
2.179927062988281250e+01
