3.737120819091796875e+01
3.738193511962890625e+01
3.720780563354492188e+01
3.729460144042968750e+01
3.709939575195312500e+01
3.680989074707031250e+01
3.685632705688476562e+01
3.692955017089843750e+01
3.654195022583007812e+01
3.615258407592773438e+01
3.569840240478515625e+01
3.590970611572265625e+01
3.591508865356445312e+01
3.573745346069335938e+01
3.601015090942382812e+01
3.561754989624023438e+01
3.621052169799804688e+01
3.652598571777343750e+01
3.606911468505859375e+01
3.639714431762695312e+01
3.678907775878906250e+01
3.677774429321289062e+01
3.675410461425781250e+01
3.645551300048828125e+01
3.594691467285156250e+01
3.545329284667968750e+01
3.517255401611328125e+01
3.551116943359375000e+01
3.558674240112304688e+01
3.595338439941406250e+01
3.638887786865234375e+01
3.644387817382812500e+01
3.661603546142578125e+01
3.670968627929687500e+01
3.679967117309570312e+01
3.653945922851562500e+01
3.661904907226562500e+01
3.670771408081054688e+01
3.654000473022460938e+01
3.616149139404296875e+01
3.622648620605468750e+01
3.602428817749023438e+01
3.634176254272460938e+01
3.645933151245117188e+01
3.636010742187500000e+01
3.640513992309570312e+01
3.605812454223632812e+01
3.541467666625976562e+01
3.565062332153320312e+01
3.615753173828125000e+01
3.647938537597656250e+01
3.639871215820312500e+01
3.547021865844726562e+01
3.543779754638671875e+01
3.549113845825195312e+01
3.559069824218750000e+01
3.539496231079101562e+01
3.501317977905273438e+01
3.486771392822265625e+01
3.472221755981445312e+01
3.475164413452148438e+01
3.482835388183593750e+01
3.467414855957031250e+01
3.454180145263671875e+01
3.469620132446289062e+01
3.499095535278320312e+01
3.627738952636718750e+01
3.587518310546875000e+01
3.517228698730468750e+01
3.489730834960937500e+01
3.499896621704101562e+01
3.493452072143554688e+01
3.489764785766601562e+01
3.507851409912109375e+01
3.528346252441406250e+01
3.506824493408203125e+01
3.510641098022460938e+01
3.531808090209960938e+01
3.562205123901367188e+01
3.576881027221679688e+01
3.636969757080078125e+01
3.679463958740234375e+01
3.723481750488281250e+01
3.742598724365234375e+01
3.720053100585937500e+01
3.691257858276367188e+01
3.671284484863281250e+01
3.657857513427734375e+01
3.657897567749023438e+01
3.668292236328125000e+01
3.677535247802734375e+01
3.681229019165039062e+01
3.586174011230468750e+01
3.519933319091796875e+01
3.526190185546875000e+01
3.505070495605468750e+01
3.518827438354492188e+01
3.546206283569335938e+01
3.589299011230468750e+01
3.686683273315429688e+01
3.623253250122070312e+01
3.525980758666992188e+01
