3.454786300659179688e+01
3.460316467285156250e+01
3.457809448242187500e+01
3.477996063232421875e+01
3.463053131103515625e+01
3.457454681396484375e+01
3.460001373291015625e+01
3.470231246948242188e+01
3.450189590454101562e+01
3.426502609252929688e+01
3.421921157836914062e+01
3.425764083862304688e+01
3.424613952636718750e+01
3.426041030883789062e+01
3.420265960693359375e+01
3.424935150146484375e+01
3.418336868286132812e+01
3.397180557250976562e+01
3.395309448242187500e+01
3.397771453857421875e+01
3.391494750976562500e+01
3.357149124145507812e+01
3.317678451538085938e+01
3.306684112548828125e+01
3.323983764648437500e+01
3.353472900390625000e+01
3.366345977783203125e+01
3.375386047363281250e+01
3.375438690185546875e+01
3.359574508666992188e+01
3.344755172729492188e+01
3.338114547729492188e+01
3.328127288818359375e+01
3.301982879638671875e+01
3.293651580810546875e+01
3.299969863891601562e+01
3.323744201660156250e+01
3.351900100708007812e+01
3.371820068359375000e+01
3.400606918334960938e+01
3.401520538330078125e+01
3.401916503906250000e+01
3.405734634399414062e+01
3.393525314331054688e+01
3.402140045166015625e+01
3.421453094482421875e+01
3.413703918457031250e+01
3.395199203491210938e+01
3.406635284423828125e+01
3.387551498413085938e+01
3.313323974609375000e+01
3.328687286376953125e+01
3.360617828369140625e+01
3.349420928955078125e+01
3.380471038818359375e+01
3.360925292968750000e+01
3.331086730957031250e+01
3.354642105102539062e+01
3.339784622192382812e+01
3.321611404418945312e+01
3.338031387329101562e+01
3.355414962768554688e+01
3.346426773071289062e+01
3.335957717895507812e+01
3.337600326538085938e+01
3.342406845092773438e+01
3.346728134155273438e+01
3.326351165771484375e+01
3.322904968261718750e+01
3.337350082397460938e+01
3.366718292236328125e+01
3.364653015136718750e+01
3.352474975585937500e+01
3.360577774047851562e+01
3.362834930419921875e+01
3.356344604492187500e+01
3.352303314208984375e+01
3.370286178588867188e+01
3.368373107910156250e+01
3.332737350463867188e+01
3.284913253784179688e+01
3.284029006958007812e+01
3.305628204345703125e+01
3.319997787475585938e+01
3.337111282348632812e+01
3.355423736572265625e+01
3.378279876708984375e+01
3.382984542846679688e+01
3.374514389038085938e+01
3.357528686523437500e+01
3.354910659790039062e+01
3.343401336669921875e+01
3.329173278808593750e+01
3.320299148559570312e+01
3.345796966552734375e+01
3.323743438720703125e+01
3.305400466918945312e+01
3.339007186889648438e+01
3.353802871704101562e+01
3.360003662109375000e+01
3.367359542846679688e+01
3.375052261352539062e+01
3.389846420288085938e+01
3.373837280273437500e+01
3.339627838134765625e+01
3.275130462646484375e+01
3.250685501098632812e+01
3.271767425537109375e+01
