3.705256271362304688e+01
3.738136291503906250e+01
3.762520599365234375e+01
3.758558654785156250e+01
3.752310180664062500e+01
3.751796722412109375e+01
3.776987075805664062e+01
3.811069107055664062e+01
3.807111358642578125e+01
3.775651931762695312e+01
3.749047470092773438e+01
3.744452667236328125e+01
3.748637771606445312e+01
3.744531250000000000e+01
3.762670135498046875e+01
3.775702667236328125e+01
3.786362457275390625e+01
3.785063552856445312e+01
3.786982727050781250e+01
3.784181976318359375e+01
3.791210937500000000e+01
3.797782897949218750e+01
3.796572494506835938e+01
3.809447479248046875e+01
3.814871978759765625e+01
3.831887054443359375e+01
3.821804809570312500e+01
3.826658248901367188e+01
3.817219543457031250e+01
3.817564010620117188e+01
3.821072006225585938e+01
3.825798034667968750e+01
3.821329879760742188e+01
3.808434295654296875e+01
3.805495452880859375e+01
3.806089782714843750e+01
3.804381942749023438e+01
3.799090576171875000e+01
3.808912658691406250e+01
3.812823104858398438e+01
3.812837600708007812e+01
3.782158279418945312e+01
3.754471969604492188e+01
3.744788360595703125e+01
3.758742523193359375e+01
3.802756500244140625e+01
3.831888961791992188e+01
3.838968658447265625e+01
3.837438583374023438e+01
3.843619918823242188e+01
3.842739486694335938e+01
3.844274139404296875e+01
3.851438140869140625e+01
3.857312011718750000e+01
3.856272888183593750e+01
3.846508026123046875e+01
3.845926284790039062e+01
3.837783432006835938e+01
3.826498413085937500e+01
3.828836059570312500e+01
3.833964920043945312e+01
3.833929061889648438e+01
3.837621688842773438e+01
3.832884216308593750e+01
3.806073379516601562e+01
3.790029144287109375e+01
3.785917282104492188e+01
3.803751754760742188e+01
3.811837005615234375e+01
3.814728927612304688e+01
3.825602722167968750e+01
3.828033828735351562e+01
3.830332565307617188e+01
3.831369400024414062e+01
3.831821823120117188e+01
3.846154785156250000e+01
3.844557571411132812e+01
3.833127593994140625e+01
3.821200561523437500e+01
3.814938735961914062e+01
3.808080291748046875e+01
3.805520629882812500e+01
3.796702575683593750e+01
3.775302886962890625e+01
3.761750793457031250e+01
3.765898132324218750e+01
3.762379074096679688e+01
3.769034576416015625e+01
3.771165466308593750e+01
3.781762313842773438e+01
3.789395523071289062e+01
3.808718872070312500e+01
3.803232192993164062e+01
3.786400222778320312e+01
3.755626296997070312e+01
3.730997848510742188e+01
3.648067092895507812e+01
