2.919965744018554688e+01
2.906681060791015625e+01
2.930251312255859375e+01
2.977001571655273438e+01
2.998574066162109375e+01
3.011154556274414062e+01
3.028050804138183594e+01
3.044930267333984375e+01
3.059555435180664062e+01
3.064838218688964844e+01
3.060538291931152344e+01
3.069648361206054688e+01
3.057010078430175781e+01
3.037519836425781250e+01
3.050803565979003906e+01
3.106447219848632812e+01
3.133157348632812500e+01
3.122067070007324219e+01
3.108955192565917969e+01
3.096326446533203125e+01
3.063971519470214844e+01
3.033211708068847656e+01
3.007766151428222656e+01
2.988687515258789062e+01
2.978528022766113281e+01
2.985095024108886719e+01
2.994247817993164062e+01
2.999509048461914062e+01
2.991662979125976562e+01
2.982223510742187500e+01
2.972218132019042969e+01
2.977348327636718750e+01
2.996205520629882812e+01
3.004054450988769531e+01
2.995285224914550781e+01
2.984082412719726562e+01
2.976014328002929688e+01
2.979578399658203125e+01
2.982609367370605469e+01
2.981572914123535156e+01
2.970001602172851562e+01
2.980369758605957031e+01
3.016299629211425781e+01
3.042622566223144531e+01
3.043778228759765625e+01
3.020154380798339844e+01
3.005711364746093750e+01
3.017765808105468750e+01
3.018787193298339844e+01
3.024966239929199219e+01
3.010808944702148438e+01
2.988293457031250000e+01
2.980985450744628906e+01
2.954364395141601562e+01
2.929829025268554688e+01
2.931229972839355469e+01
2.970872306823730469e+01
2.978676605224609375e+01
2.937295722961425781e+01
2.922642898559570312e+01
2.918744850158691406e+01
2.905761909484863281e+01
2.899708366394042969e+01
2.903732109069824219e+01
2.896330833435058594e+01
2.882333564758300781e+01
2.889159393310546875e+01
2.911736488342285156e+01
2.940276718139648438e+01
2.955758857727050781e+01
2.962798881530761719e+01
2.965858268737792969e+01
2.952218437194824219e+01
2.920087814331054688e+01
2.893906593322753906e+01
2.875392532348632812e+01
2.881069374084472656e+01
2.885238265991210938e+01
2.918960571289062500e+01
2.957834053039550781e+01
2.965932273864746094e+01
2.960813331604003906e+01
2.965969085693359375e+01
2.983684349060058594e+01
2.973755073547363281e+01
2.954419136047363281e+01
2.928363609313964844e+01
2.880407524108886719e+01
2.867756080627441406e+01
2.879675102233886719e+01
2.912046241760253906e+01
2.939174842834472656e+01
2.959831619262695312e+01
2.960508918762207031e+01
2.933199882507324219e+01
2.933426094055175781e+01
2.958227157592773438e+01
2.957405662536621094e+01
2.971845245361328125e+01
2.992829895019531250e+01
2.988109779357910156e+01
2.981372451782226562e+01
2.976541900634765625e+01
