2.606466102600097656e+01
2.603369140625000000e+01
2.607702064514160156e+01
2.610201072692871094e+01
2.612252616882324219e+01
2.610899734497070312e+01
2.622465515136718750e+01
2.629978561401367188e+01
2.629880714416503906e+01
2.617099189758300781e+01
2.597837829589843750e+01
2.590186691284179688e+01
2.585213851928710938e+01
2.584838485717773438e+01
2.587154006958007812e+01
2.591106986999511719e+01
2.598175239562988281e+01
2.603367042541503906e+01
2.602011108398437500e+01
2.599953842163085938e+01
2.594008827209472656e+01
2.591307830810546875e+01
2.596389007568359375e+01
2.604631805419921875e+01
2.607130622863769531e+01
2.606549263000488281e+01
2.598551750183105469e+01
2.597366523742675781e+01
2.599192428588867188e+01
2.600951766967773438e+01
2.605854988098144531e+01
2.606706428527832031e+01
2.615716743469238281e+01
2.625223350524902344e+01
2.633062171936035156e+01
2.635342597961425781e+01
2.635007095336914062e+01
2.636705398559570312e+01
2.646879386901855469e+01
2.649284934997558594e+01
2.645304489135742188e+01
2.620653343200683594e+01
2.604668998718261719e+01
2.590106391906738281e+01
2.576009178161621094e+01
2.572543907165527344e+01
2.569039916992187500e+01
2.569010925292968750e+01
2.566841506958007812e+01
2.564328193664550781e+01
2.562821578979492188e+01
2.565376663208007812e+01
2.573044586181640625e+01
2.576792335510253906e+01
2.587005233764648438e+01
2.595648384094238281e+01
2.593714523315429688e+01
2.595519638061523438e+01
2.597517776489257812e+01
2.598484611511230469e+01
2.601591873168945312e+01
2.609061050415039062e+01
2.614826011657714844e+01
2.611380577087402344e+01
2.603061676025390625e+01
2.588940238952636719e+01
2.573630714416503906e+01
2.568844223022460938e+01
2.578000450134277344e+01
2.588339805603027344e+01
2.596690368652343750e+01
2.602888107299804688e+01
2.609506225585937500e+01
2.607498168945312500e+01
2.606317520141601562e+01
2.607294082641601562e+01
2.610795402526855469e+01
2.613788032531738281e+01
2.614836883544921875e+01
2.617785835266113281e+01
2.624717712402343750e+01
2.630812072753906250e+01
2.632081794738769531e+01
2.634738159179687500e+01
2.633873939514160156e+01
2.628964042663574219e+01
2.623996543884277344e+01
2.611685752868652344e+01
2.595259857177734375e+01
2.592497825622558594e+01
2.584627532958984375e+01
2.584057807922363281e+01
2.589702606201171875e+01
2.570308303833007812e+01
2.561435508728027344e+01
2.544725418090820312e+01
2.535313415527343750e+01
2.555046844482421875e+01
2.564366912841796875e+01
2.577721595764160156e+01
2.624179649353027344e+01
2.605212020874023438e+01
2.572978019714355469e+01
