3.726082611083984375e+01
3.732116317749023438e+01
3.744876861572265625e+01
3.732153320312500000e+01
3.720316696166992188e+01
3.725195693969726562e+01
3.732792663574218750e+01
3.748016738891601562e+01
3.757930374145507812e+01
3.758551025390625000e+01
3.765619277954101562e+01
3.778104782104492188e+01
3.774282073974609375e+01
3.777556991577148438e+01
3.770980072021484375e+01
3.755561065673828125e+01
3.755728912353515625e+01
3.763958358764648438e+01
3.781784057617187500e+01
3.802198410034179688e+01
3.807025146484375000e+01
3.787801742553710938e+01
3.771456909179687500e+01
3.766124725341796875e+01
3.763912200927734375e+01
3.758671188354492188e+01
3.752055358886718750e+01
3.747237777709960938e+01
3.741146087646484375e+01
3.740969467163085938e+01
3.748586654663085938e+01
3.756229019165039062e+01
3.752574157714843750e+01
3.766209411621093750e+01
3.770840072631835938e+01
3.754063796997070312e+01
3.744120025634765625e+01
3.738453292846679688e+01
3.732358169555664062e+01
3.718983459472656250e+01
3.727186584472656250e+01
3.730489349365234375e+01
3.726353073120117188e+01
3.734879302978515625e+01
3.753033828735351562e+01
3.755609130859375000e+01
3.754826736450195312e+01
3.756727981567382812e+01
3.752621078491210938e+01
3.746929550170898438e+01
3.764535903930664062e+01
3.768593597412109375e+01
3.752042388916015625e+01
3.745622253417968750e+01
3.739653015136718750e+01
3.753270721435546875e+01
3.749296188354492188e+01
3.759183883666992188e+01
3.772438430786132812e+01
3.776869583129882812e+01
3.766098403930664062e+01
3.758414840698242188e+01
3.757315063476562500e+01
3.763790893554687500e+01
3.769466400146484375e+01
3.768149185180664062e+01
3.767318344116210938e+01
3.774477767944335938e+01
3.776118469238281250e+01
3.777958297729492188e+01
3.788999176025390625e+01
3.793060302734375000e+01
3.782782745361328125e+01
3.756417846679687500e+01
3.736003112792968750e+01
3.735308456420898438e+01
3.742963409423828125e+01
3.742215728759765625e+01
3.741950607299804688e+01
3.752520751953125000e+01
3.763180160522460938e+01
3.781417846679687500e+01
3.788972091674804688e+01
3.790649795532226562e+01
3.792251968383789062e+01
3.793317031860351562e+01
3.785551452636718750e+01
3.783450317382812500e+01
3.782981109619140625e+01
3.765796279907226562e+01
3.745773696899414062e+01
3.747848510742187500e+01
3.749021148681640625e+01
3.741342926025390625e+01
3.717680740356445312e+01
3.688281631469726562e+01
3.678340530395507812e+01
3.688375091552734375e+01
3.703070068359375000e+01
3.700316619873046875e+01
3.710300064086914062e+01
3.749272918701171875e+01
