3.440904235839843750e+01
3.474473953247070312e+01
3.553802108764648438e+01
3.519626235961914062e+01
3.439995956420898438e+01
3.398460388183593750e+01
3.419386291503906250e+01
3.573442077636718750e+01
3.658731842041015625e+01
3.659601974487304688e+01
3.651414489746093750e+01
3.680309677124023438e+01
3.659833145141601562e+01
3.714456558227539062e+01
3.731807327270507812e+01
3.770251083374023438e+01
3.773077392578125000e+01
3.741247177124023438e+01
3.555576324462890625e+01
3.434548950195312500e+01
3.461219787597656250e+01
3.451155471801757812e+01
3.438868331909179688e+01
3.435520935058593750e+01
3.444643402099609375e+01
3.497629928588867188e+01
3.656395339965820312e+01
3.631048965454101562e+01
3.588771057128906250e+01
3.621324539184570312e+01
3.660155105590820312e+01
3.685469818115234375e+01
3.673862075805664062e+01
3.571487045288085938e+01
3.528176116943359375e+01
3.546592330932617188e+01
3.552529907226562500e+01
3.590325164794921875e+01
3.623627090454101562e+01
3.636296844482421875e+01
3.684375762939453125e+01
3.696209716796875000e+01
3.650628280639648438e+01
3.563327026367187500e+01
3.588535690307617188e+01
3.662840652465820312e+01
3.694898605346679688e+01
3.673561096191406250e+01
3.645478057861328125e+01
3.689196777343750000e+01
3.724068069458007812e+01
3.704106140136718750e+01
3.607977676391601562e+01
3.593159103393554688e+01
3.542888259887695312e+01
3.496576690673828125e+01
3.506279754638671875e+01
3.504409790039062500e+01
3.518190765380859375e+01
3.506725311279296875e+01
3.529093933105468750e+01
3.666973495483398438e+01
3.708449554443359375e+01
3.614938354492187500e+01
3.536294937133789062e+01
3.491355514526367188e+01
3.500488662719726562e+01
3.538314056396484375e+01
3.628816986083984375e+01
3.639501571655273438e+01
3.587030792236328125e+01
3.558074951171875000e+01
3.575344848632812500e+01
3.574488449096679688e+01
3.634577178955078125e+01
3.650152969360351562e+01
3.707231903076171875e+01
3.722220611572265625e+01
3.759863662719726562e+01
3.771440505981445312e+01
3.797338485717773438e+01
3.789319229125976562e+01
3.768751907348632812e+01
3.664482116699218750e+01
3.589969635009765625e+01
3.636390686035156250e+01
3.719367599487304688e+01
3.671589660644531250e+01
3.640829467773437500e+01
3.642187500000000000e+01
3.658755493164062500e+01
3.648667526245117188e+01
3.627636718750000000e+01
3.631841278076171875e+01
3.684765243530273438e+01
3.710321426391601562e+01
3.678853988647460938e+01
3.701884078979492188e+01
3.647468185424804688e+01
3.548292160034179688e+01
3.520107650756835938e+01
3.500159454345703125e+01
