2.210007286071777344e+01
2.203372383117675781e+01
2.209609413146972656e+01
2.202325248718261719e+01
2.209595870971679688e+01
2.178989028930664062e+01
2.156672477722167969e+01
2.106177139282226562e+01
2.092121315002441406e+01
2.098309898376464844e+01
2.089958000183105469e+01
2.083299827575683594e+01
2.082654190063476562e+01
2.067708206176757812e+01
2.070688247680664062e+01
2.072344589233398438e+01
2.060756111145019531e+01
2.043481636047363281e+01
2.031209373474121094e+01
2.030369186401367188e+01
2.032837295532226562e+01
2.044339561462402344e+01
2.057233238220214844e+01
2.063596916198730469e+01
2.051128768920898438e+01
2.043462181091308594e+01
2.036550140380859375e+01
2.044692420959472656e+01
2.045796203613281250e+01
2.044265937805175781e+01
2.039404106140136719e+01
2.033138847351074219e+01
2.030947685241699219e+01
2.017150306701660156e+01
2.009993743896484375e+01
1.998138999938964844e+01
2.008763885498046875e+01
2.025119781494140625e+01
2.048021125793457031e+01
2.072275161743164062e+01
2.113048744201660156e+01
2.150197792053222656e+01
2.166522979736328125e+01
2.160976791381835938e+01
2.151072120666503906e+01
2.145890045166015625e+01
2.148772048950195312e+01
2.147024917602539062e+01
2.152152442932128906e+01
2.155163383483886719e+01
2.141835975646972656e+01
2.136727523803710938e+01
2.134609413146972656e+01
2.146527481079101562e+01
2.167489624023437500e+01
2.193083572387695312e+01
2.197851181030273438e+01
2.212075805664062500e+01
2.205697631835937500e+01
2.198490715026855469e+01
2.177242851257324219e+01
2.156978225708007812e+01
2.133106040954589844e+01
2.112420845031738281e+01
2.097178840637207031e+01
2.071386528015136719e+01
2.055885887145996094e+01
2.044518661499023438e+01
2.046872520446777344e+01
2.043142509460449219e+01
2.056906127929687500e+01
2.057224845886230469e+01
2.052528190612792969e+01
2.031785392761230469e+01
2.014797973632812500e+01
1.998130416870117188e+01
1.983111000061035156e+01
1.973958015441894531e+01
1.978639984130859375e+01
1.981824874877929688e+01
1.988372230529785156e+01
1.992496109008789062e+01
2.000176429748535156e+01
2.018859291076660156e+01
2.024628257751464844e+01
2.044196891784667969e+01
2.060713195800781250e+01
2.075359916687011719e+01
2.085853767395019531e+01
2.105884742736816406e+01
2.125221252441406250e+01
2.135561752319335938e+01
2.145348930358886719e+01
2.146002769470214844e+01
2.146548271179199219e+01
2.154244995117187500e+01
