3.074369049072265625e+01
3.134221458435058594e+01
3.132638740539550781e+01
3.149461555480957031e+01
3.173654556274414062e+01
3.192324829101562500e+01
3.210018539428710938e+01
3.203567886352539062e+01
3.199345207214355469e+01
3.182600212097167969e+01
3.195451927185058594e+01
3.225379180908203125e+01
3.214765548706054688e+01
3.218551254272460938e+01
3.206491470336914062e+01
3.188381195068359375e+01
3.192045783996582031e+01
3.201728820800781250e+01
3.219830703735351562e+01
3.248876953125000000e+01
3.247115707397460938e+01
3.243183517456054688e+01
3.269281768798828125e+01
3.275425338745117188e+01
3.277156448364257812e+01
3.283508682250976562e+01
3.281287384033203125e+01
3.236799621582031250e+01
3.222776031494140625e+01
3.236819839477539062e+01
3.260144042968750000e+01
3.303035736083984375e+01
3.320905303955078125e+01
3.321009826660156250e+01
3.277686691284179688e+01
3.231102371215820312e+01
3.216853713989257812e+01
3.216418075561523438e+01
3.197413063049316406e+01
3.189027023315429688e+01
3.204611206054687500e+01
3.201642608642578125e+01
3.196451187133789062e+01
3.164244461059570312e+01
3.141294288635253906e+01
3.127752876281738281e+01
3.142270088195800781e+01
3.154706382751464844e+01
3.180174446105957031e+01
3.183921432495117188e+01
3.211195373535156250e+01
3.232382202148437500e+01
3.232278060913085938e+01
3.212378311157226562e+01
3.201273345947265625e+01
3.204563140869140625e+01
3.212343597412109375e+01
3.214458084106445312e+01
3.188565635681152344e+01
3.164103889465332031e+01
3.152591514587402344e+01
3.170328330993652344e+01
3.191892623901367188e+01
3.201694869995117188e+01
3.215792465209960938e+01
3.229189300537109375e+01
3.224237823486328125e+01
3.223216247558593750e+01
3.209140777587890625e+01
3.202328109741210938e+01
3.208471679687500000e+01
3.195415496826171875e+01
3.182032585144042969e+01
3.169015693664550781e+01
3.151144790649414062e+01
3.144051742553710938e+01
3.133619880676269531e+01
3.144603347778320312e+01
3.143329811096191406e+01
3.143105316162109375e+01
3.135863113403320312e+01
3.126418495178222656e+01
3.128837013244628906e+01
3.126886940002441406e+01
3.126808738708496094e+01
3.108279228210449219e+01
3.078723716735839844e+01
3.059180641174316406e+01
3.105550003051757812e+01
3.143647956848144531e+01
3.192924880981445312e+01
3.237301635742187500e+01
3.279901123046875000e+01
3.337630844116210938e+01
3.323837280273437500e+01
3.237434005737304688e+01
3.213579940795898438e+01
3.249240112304687500e+01
3.314885711669921875e+01
3.350757980346679688e+01
3.323348617553710938e+01
3.307047653198242188e+01
3.305160522460937500e+01
3.284421157836914062e+01
3.239720916748046875e+01
