2.117562294006347656e+01
2.161537170410156250e+01
2.185969734191894531e+01
2.167171669006347656e+01
2.122447776794433594e+01
2.109842109680175781e+01
2.097719192504882812e+01
2.077331733703613281e+01
2.061515045166015625e+01
2.052488708496093750e+01
2.047385787963867188e+01
2.030091285705566406e+01
2.021928405761718750e+01
2.020967292785644531e+01
2.018346214294433594e+01
2.026799201965332031e+01
2.030096054077148438e+01
2.035539054870605469e+01
2.038511085510253906e+01
2.042362594604492188e+01
2.046269226074218750e+01
2.047019004821777344e+01
2.049224853515625000e+01
2.048783874511718750e+01
2.049869728088378906e+01
2.050040626525878906e+01
2.047667503356933594e+01
2.041904258728027344e+01
2.037711524963378906e+01
2.038713455200195312e+01
2.040852928161621094e+01
2.039445495605468750e+01
2.038955497741699219e+01
2.039059257507324219e+01
2.042686080932617188e+01
2.047566986083984375e+01
2.050844573974609375e+01
2.049711799621582031e+01
2.039169120788574219e+01
2.031839370727539062e+01
2.013446998596191406e+01
2.004426956176757812e+01
2.001631927490234375e+01
2.000578308105468750e+01
2.004195976257324219e+01
2.003703308105468750e+01
2.009856605529785156e+01
2.008464622497558594e+01
2.005457115173339844e+01
2.004094886779785156e+01
2.002309417724609375e+01
2.002856254577636719e+01
1.994105911254882812e+01
1.987265968322753906e+01
1.975172233581542969e+01
1.966145706176757812e+01
1.964240837097167969e+01
1.956849861145019531e+01
1.954250144958496094e+01
1.947755050659179688e+01
1.939863395690917969e+01
1.935548210144042969e+01
1.934506607055664062e+01
1.939813423156738281e+01
1.938871574401855469e+01
1.932740592956542969e+01
1.929686355590820312e+01
1.932621765136718750e+01
1.945690536499023438e+01
1.951981163024902344e+01
1.963372993469238281e+01
1.970351600646972656e+01
1.973456954956054688e+01
1.982939338684082031e+01
1.975087356567382812e+01
1.980340385437011719e+01
1.979635429382324219e+01
1.974027442932128906e+01
1.961545372009277344e+01
1.956171607971191406e+01
1.964687538146972656e+01
1.966286468505859375e+01
1.976095962524414062e+01
1.980024719238281250e+01
1.983262634277343750e+01
1.989848518371582031e+01
1.984869766235351562e+01
1.992145538330078125e+01
1.998023033142089844e+01
2.008152198791503906e+01
2.022602462768554688e+01
2.037077331542968750e+01
2.055884742736816406e+01
2.058964920043945312e+01
2.059098052978515625e+01
2.056129074096679688e+01
2.043560028076171875e+01
2.047366142272949219e+01
2.040210533142089844e+01
2.019205093383789062e+01
2.041245079040527344e+01
