2.753132629394531250e+01
2.734450912475585938e+01
2.729698944091796875e+01
2.712328338623046875e+01
2.712921905517578125e+01
2.739778137207031250e+01
2.764486503601074219e+01
2.768252372741699219e+01
2.764747428894042969e+01
2.738516044616699219e+01
2.723717117309570312e+01
2.718502807617187500e+01
2.722653579711914062e+01
2.730650329589843750e+01
2.729821586608886719e+01
2.708186531066894531e+01
2.700166130065917969e+01
2.721064567565917969e+01
2.726582527160644531e+01
2.738669395446777344e+01
2.756798934936523438e+01
2.775955390930175781e+01
2.784730148315429688e+01
2.783556365966796875e+01
2.787980270385742188e+01
2.791499328613281250e+01
2.785958671569824219e+01
2.779023170471191406e+01
2.769521522521972656e+01
2.753778839111328125e+01
2.743892669677734375e+01
2.735864639282226562e+01
2.741376686096191406e+01
2.769344329833984375e+01
2.792365074157714844e+01
2.811994743347167969e+01
2.826987648010253906e+01
2.835955238342285156e+01
2.847283935546875000e+01
2.858646583557128906e+01
2.863426780700683594e+01
2.861908912658691406e+01
2.865612983703613281e+01
2.857830047607421875e+01
2.845407485961914062e+01
2.842876625061035156e+01
2.853725051879882812e+01
2.870701217651367188e+01
2.877579307556152344e+01
2.872795104980468750e+01
2.862658500671386719e+01
2.845598220825195312e+01
2.852669143676757812e+01
2.854093933105468750e+01
2.856495857238769531e+01
2.863992881774902344e+01
2.872518730163574219e+01
2.868010902404785156e+01
2.862038421630859375e+01
2.867286872863769531e+01
2.871587562561035156e+01
2.868128204345703125e+01
2.867356300354003906e+01
2.874405860900878906e+01
2.887745285034179688e+01
2.886026573181152344e+01
2.876699447631835938e+01
2.854683494567871094e+01
2.839505386352539062e+01
2.820926856994628906e+01
2.806132507324218750e+01
2.808298683166503906e+01
2.810734939575195312e+01
2.802407836914062500e+01
2.783367156982421875e+01
2.770190811157226562e+01
2.770369338989257812e+01
2.791267776489257812e+01
2.838960647583007812e+01
2.871325874328613281e+01
2.904549026489257812e+01
2.908264541625976562e+01
2.852608299255371094e+01
2.812386131286621094e+01
2.758404922485351562e+01
2.753257942199707031e+01
2.776174736022949219e+01
2.768145561218261719e+01
2.760256958007812500e+01
