3.166017341613769531e+01
3.153144645690917969e+01
3.146614456176757812e+01
3.180320549011230469e+01
3.214106750488281250e+01
3.201716995239257812e+01
3.201626586914062500e+01
3.230466461181640625e+01
3.250741958618164062e+01
3.240066909790039062e+01
3.217040252685546875e+01
3.196457862854003906e+01
3.209687805175781250e+01
3.242943572998046875e+01
3.271822738647460938e+01
3.252463150024414062e+01
3.217647171020507812e+01
3.200501632690429688e+01
3.217040634155273438e+01
3.244265747070312500e+01
3.247514343261718750e+01
3.249795150756835938e+01
3.251158523559570312e+01
3.276321792602539062e+01
3.321865081787109375e+01
3.388881301879882812e+01
3.357097244262695312e+01
3.306472015380859375e+01
3.293659973144531250e+01
3.301214599609375000e+01
3.287881469726562500e+01
3.273295593261718750e+01
3.277033615112304688e+01
3.294804000854492188e+01
3.303194808959960938e+01
3.298613357543945312e+01
3.294585800170898438e+01
3.308478927612304688e+01
3.379288482666015625e+01
3.465698242187500000e+01
3.463433837890625000e+01
3.419757461547851562e+01
3.366188430786132812e+01
3.344776153564453125e+01
3.325721740722656250e+01
3.308705139160156250e+01
3.316743087768554688e+01
3.325181961059570312e+01
3.312083053588867188e+01
3.285410690307617188e+01
3.261404800415039062e+01
3.268413543701171875e+01
3.281253814697265625e+01
3.286732482910156250e+01
3.286769104003906250e+01
3.302732467651367188e+01
3.307369232177734375e+01
3.292999267578125000e+01
3.290447998046875000e+01
3.290413665771484375e+01
3.264055633544921875e+01
3.245015716552734375e+01
3.236755752563476562e+01
3.242095184326171875e+01
3.244329833984375000e+01
3.257063293457031250e+01
3.267483520507812500e+01
3.264878082275390625e+01
3.262222290039062500e+01
3.249820709228515625e+01
3.239878082275390625e+01
3.257041931152343750e+01
3.300122833251953125e+01
3.320578384399414062e+01
3.349634933471679688e+01
3.359651565551757812e+01
3.354120254516601562e+01
3.345478439331054688e+01
3.343384170532226562e+01
3.343894958496093750e+01
3.358977508544921875e+01
3.362639236450195312e+01
3.353786849975585938e+01
3.346831130981445312e+01
3.345056915283203125e+01
3.330309295654296875e+01
3.318058013916015625e+01
3.313332366943359375e+01
3.318105697631835938e+01
3.312842941284179688e+01
3.298574829101562500e+01
3.297789764404296875e+01
3.287329101562500000e+01
3.277391052246093750e+01
3.274512863159179688e+01
3.284943389892578125e+01
3.298297500610351562e+01
3.320526885986328125e+01
3.366555786132812500e+01
3.364220428466796875e+01
3.304997634887695312e+01
3.258111953735351562e+01
3.273335647583007812e+01
3.270576095581054688e+01
3.211170578002929688e+01
3.204788208007812500e+01
3.235551071166992188e+01
3.224207687377929688e+01
3.198267364501953125e+01
3.159841728210449219e+01
