2.806688308715820312e+01
2.879060554504394531e+01
2.920188713073730469e+01
2.905008697509765625e+01
2.884514617919921875e+01
2.858574676513671875e+01
2.845120048522949219e+01
2.876311492919921875e+01
2.901712036132812500e+01
2.864092445373535156e+01
2.837096786499023438e+01
2.857298088073730469e+01
2.839905166625976562e+01
2.821772766113281250e+01
2.816008567810058594e+01
2.859573936462402344e+01
2.879453849792480469e+01
2.924353408813476562e+01
3.015432357788085938e+01
3.066604995727539062e+01
3.093163681030273438e+01
3.087007522583007812e+01
3.051802444458007812e+01
2.921093368530273438e+01
2.829562950134277344e+01
2.826469993591308594e+01
2.817384910583496094e+01
2.846330261230468750e+01
2.929563713073730469e+01
3.030311965942382812e+01
3.045328140258789062e+01
3.029455566406250000e+01
3.031847572326660156e+01
3.049279785156250000e+01
3.054835319519042969e+01
3.044491386413574219e+01
3.023327445983886719e+01
3.016707611083984375e+01
3.006963157653808594e+01
3.009249687194824219e+01
3.071712112426757812e+01
3.092930984497070312e+01
3.085441970825195312e+01
3.070587921142578125e+01
3.029794692993164062e+01
3.011557960510253906e+01
3.034116172790527344e+01
3.016641235351562500e+01
2.988443374633789062e+01
2.998778343200683594e+01
2.979329299926757812e+01
2.963431167602539062e+01
2.969690322875976562e+01
2.940924644470214844e+01
2.921098136901855469e+01
2.897892379760742188e+01
2.879983901977539062e+01
2.871494483947753906e+01
2.872916221618652344e+01
2.885194396972656250e+01
2.891951751708984375e+01
2.892411231994628906e+01
2.889367866516113281e+01
2.885795593261718750e+01
2.885217475891113281e+01
2.877633476257324219e+01
2.871346855163574219e+01
2.895649909973144531e+01
2.913385009765625000e+01
2.918410491943359375e+01
2.904802894592285156e+01
2.891105842590332031e+01
2.871073150634765625e+01
2.840354728698730469e+01
2.839877319335937500e+01
2.849553680419921875e+01
2.866155433654785156e+01
2.882416343688964844e+01
2.870053291320800781e+01
2.853697586059570312e+01
2.840281677246093750e+01
2.827813911437988281e+01
2.817431831359863281e+01
2.811485481262207031e+01
2.811114311218261719e+01
2.819933700561523438e+01
2.837277603149414062e+01
2.848781204223632812e+01
2.856758308410644531e+01
2.887099647521972656e+01
2.911468315124511719e+01
2.968221473693847656e+01
3.044509124755859375e+01
3.054866790771484375e+01
3.032456970214843750e+01
2.989763069152832031e+01
2.964053153991699219e+01
3.026430130004882812e+01
3.090501213073730469e+01
3.127862167358398438e+01
3.104470634460449219e+01
3.107246971130371094e+01
3.102819252014160156e+01
3.077781105041503906e+01
3.068418884277343750e+01
3.027352714538574219e+01
2.895671081542968750e+01
