2.834930992126464844e+01
2.824805450439453125e+01
2.774159049987792969e+01
2.726096153259277344e+01
2.666955757141113281e+01
2.637629127502441406e+01
2.607025337219238281e+01
2.608950614929199219e+01
2.626797294616699219e+01
2.635396575927734375e+01
2.684127044677734375e+01
2.752253150939941406e+01
2.838838577270507812e+01
2.821537780761718750e+01
2.750183105468750000e+01
2.655629348754882812e+01
2.600061988830566406e+01
2.533146667480468750e+01
2.499166488647460938e+01
2.498831558227539062e+01
2.530304527282714844e+01
2.548174285888671875e+01
2.601446533203125000e+01
2.646406936645507812e+01
2.733702468872070312e+01
2.753065490722656250e+01
2.753574371337890625e+01
2.737231063842773438e+01
2.721929931640625000e+01
2.726348114013671875e+01
2.730632400512695312e+01
2.715798950195312500e+01
2.692122650146484375e+01
2.688633346557617188e+01
2.702183341979980469e+01
2.718773460388183594e+01
2.749785232543945312e+01
2.753564643859863281e+01
2.752744102478027344e+01
2.753090667724609375e+01
2.759140586853027344e+01
2.743418693542480469e+01
2.680131721496582031e+01
2.635553932189941406e+01
2.621352005004882812e+01
2.632522964477539062e+01
2.651508903503417969e+01
2.682057571411132812e+01
2.713857269287109375e+01
2.724036216735839844e+01
2.737211418151855469e+01
2.744860267639160156e+01
2.734425926208496094e+01
2.727547454833984375e+01
2.731026649475097656e+01
2.733837127685546875e+01
2.733968544006347656e+01
2.726579284667968750e+01
2.715275573730468750e+01
2.710187339782714844e+01
2.724368286132812500e+01
2.744387245178222656e+01
2.750131034851074219e+01
2.743388366699218750e+01
2.722076225280761719e+01
2.706798362731933594e+01
2.704627799987792969e+01
2.701379394531250000e+01
2.699036026000976562e+01
2.707971191406250000e+01
2.709777069091796875e+01
2.713236427307128906e+01
2.710484313964843750e+01
2.702015304565429688e+01
2.719372749328613281e+01
2.727187156677246094e+01
2.723675918579101562e+01
2.711501121520996094e+01
2.686669540405273438e+01
2.669041442871093750e+01
2.674243354797363281e+01
2.681200218200683594e+01
2.693504333496093750e+01
2.710357093811035156e+01
2.729057502746582031e+01
2.726350784301757812e+01
2.713824844360351562e+01
2.664260864257812500e+01
2.635443878173828125e+01
2.622060012817382812e+01
2.629657745361328125e+01
2.653525352478027344e+01
2.689253044128417969e+01
2.727442741394042969e+01
2.740752601623535156e+01
2.711935806274414062e+01
2.648608398437500000e+01
2.639146804809570312e+01
2.684741783142089844e+01
2.695521545410156250e+01
2.729268455505371094e+01
2.773718833923339844e+01
2.741829681396484375e+01
2.713024139404296875e+01
2.688347244262695312e+01
2.608873367309570312e+01
