3.749570846557617188e+01
3.757512283325195312e+01
3.827103805541992188e+01
3.860563278198242188e+01
3.856747055053710938e+01
3.864855957031250000e+01
3.870160675048828125e+01
3.892108535766601562e+01
3.894892883300781250e+01
3.880144119262695312e+01
3.878524017333984375e+01
3.887038421630859375e+01
3.899789047241210938e+01
3.910831451416015625e+01
3.911935806274414062e+01
3.915831756591796875e+01
3.907989120483398438e+01
3.898776626586914062e+01
3.879468917846679688e+01
3.849008941650390625e+01
3.834274673461914062e+01
3.811992645263671875e+01
3.805512619018554688e+01
3.755051040649414062e+01
3.723387145996093750e+01
3.741178131103515625e+01
3.770392227172851562e+01
3.797788619995117188e+01
3.796372604370117188e+01
3.808761215209960938e+01
3.803816986083984375e+01
3.754422760009765625e+01
3.746736145019531250e+01
3.758723831176757812e+01
3.753264236450195312e+01
3.748222351074218750e+01
3.740066909790039062e+01
3.727252197265625000e+01
3.715227508544921875e+01
3.700112152099609375e+01
3.632707595825195312e+01
3.581924057006835938e+01
3.567942047119140625e+01
3.580392837524414062e+01
3.589961242675781250e+01
3.645193099975585938e+01
3.650279617309570312e+01
3.663895416259765625e+01
3.668756866455078125e+01
3.686889648437500000e+01
3.709498977661132812e+01
3.705213546752929688e+01
3.687084960937500000e+01
3.659267425537109375e+01
3.585817718505859375e+01
3.512289810180664062e+01
3.481039428710937500e+01
3.500719451904296875e+01
3.524564361572265625e+01
3.522540283203125000e+01
3.485626602172851562e+01
3.450887680053710938e+01
3.419659423828125000e+01
3.420971298217773438e+01
3.446672058105468750e+01
3.466212081909179688e+01
3.474582290649414062e+01
3.520438766479492188e+01
3.582091903686523438e+01
3.594630432128906250e+01
3.614499282836914062e+01
3.614898681640625000e+01
3.532431793212890625e+01
3.515714263916015625e+01
3.572325134277343750e+01
3.567773056030273438e+01
3.538130569458007812e+01
3.515043640136718750e+01
3.527546691894531250e+01
3.551781463623046875e+01
3.571898651123046875e+01
3.590928649902343750e+01
3.617728424072265625e+01
3.582526016235351562e+01
3.561151504516601562e+01
3.580894851684570312e+01
3.566065979003906250e+01
3.591577529907226562e+01
3.620962524414062500e+01
3.663551712036132812e+01
3.704698944091796875e+01
3.715654754638671875e+01
3.696581649780273438e+01
3.663044738769531250e+01
3.631591033935546875e+01
3.632612609863281250e+01
3.676977157592773438e+01
3.701576614379882812e+01
3.694621276855468750e+01
3.687068176269531250e+01
