3.164896965026855469e+01
3.064290046691894531e+01
2.923388099670410156e+01
2.894517326354980469e+01
2.970593643188476562e+01
3.108757591247558594e+01
3.121899986267089844e+01
3.060241699218750000e+01
3.022122001647949219e+01
3.033021736145019531e+01
2.959298896789550781e+01
2.875847625732421875e+01
2.870561981201171875e+01
2.910763549804687500e+01
2.940139579772949219e+01
2.980007743835449219e+01
2.960038566589355469e+01
2.898986244201660156e+01
2.839539718627929688e+01
2.808954238891601562e+01
2.818967628479003906e+01
2.827190017700195312e+01
2.800109672546386719e+01
2.786368942260742188e+01
2.784819602966308594e+01
2.791623306274414062e+01
2.808704185485839844e+01
2.838266944885253906e+01
2.884455680847167969e+01
2.942398643493652344e+01
3.015072441101074219e+01
3.021392440795898438e+01
2.998102569580078125e+01
2.978978157043457031e+01
3.007220458984375000e+01
3.019723320007324219e+01
3.017305374145507812e+01
3.010121154785156250e+01
3.010281753540039062e+01
3.010827445983886719e+01
2.994566345214843750e+01
2.982219314575195312e+01
2.960916328430175781e+01
2.890363502502441406e+01
2.797294044494628906e+01
2.790545272827148438e+01
2.871810531616210938e+01
3.036058235168457031e+01
3.109993934631347656e+01
3.030078887939453125e+01
2.948563766479492188e+01
2.922909545898437500e+01
2.886380386352539062e+01
2.858530235290527344e+01
2.851910781860351562e+01
2.884719276428222656e+01
2.884062004089355469e+01
2.865886306762695312e+01
2.849000358581542969e+01
2.850292205810546875e+01
2.868154716491699219e+01
2.915234565734863281e+01
2.964939308166503906e+01
2.963688087463378906e+01
2.961583328247070312e+01
2.995061683654785156e+01
3.022511863708496094e+01
3.028420829772949219e+01
3.034482002258300781e+01
3.030662536621093750e+01
3.010421943664550781e+01
2.942062187194824219e+01
2.873211288452148438e+01
2.855715751647949219e+01
2.875419807434082031e+01
2.870496559143066406e+01
2.862714576721191406e+01
2.871419143676757812e+01
2.900566864013671875e+01
2.961548805236816406e+01
2.999836158752441406e+01
3.013457679748535156e+01
3.018604278564453125e+01
3.022493362426757812e+01
3.013862991333007812e+01
2.999187088012695312e+01
2.975694274902343750e+01
2.934781074523925781e+01
2.947743225097656250e+01
2.986761474609375000e+01
3.001872825622558594e+01
3.000389099121093750e+01
2.986157226562500000e+01
2.985555648803710938e+01
2.999048233032226562e+01
2.995640373229980469e+01
2.991465187072753906e+01
2.991541671752929688e+01
3.004061126708984375e+01
2.997010993957519531e+01
2.987234497070312500e+01
3.019289016723632812e+01
2.975749969482421875e+01
2.942501258850097656e+01
2.885487937927246094e+01
