2.713016128540039062e+01
2.640532112121582031e+01
2.622732734680175781e+01
2.617487907409667969e+01
2.614569091796875000e+01
2.631745719909667969e+01
2.702647399902343750e+01
2.723659706115722656e+01
2.700726699829101562e+01
2.704480934143066406e+01
2.736244773864746094e+01
2.730938529968261719e+01
2.712282180786132812e+01
2.694518661499023438e+01
2.692781639099121094e+01
2.681489372253417969e+01
2.676546859741210938e+01
2.694371414184570312e+01
2.727218818664550781e+01
2.740061187744140625e+01
2.762504386901855469e+01
2.799566268920898438e+01
2.839168357849121094e+01
2.830497550964355469e+01
2.797299194335937500e+01
2.746676635742187500e+01
2.757517242431640625e+01
2.762610626220703125e+01
2.763370323181152344e+01
2.774336624145507812e+01
2.783988380432128906e+01
2.760590171813964844e+01
2.731790161132812500e+01
2.700918579101562500e+01
2.683051681518554688e+01
2.692868232727050781e+01
2.706298255920410156e+01
2.730135917663574219e+01
2.738871383666992188e+01
2.720514297485351562e+01
2.703527069091796875e+01
2.692151641845703125e+01
2.677532768249511719e+01
2.669044303894042969e+01
2.665938568115234375e+01
2.668449592590332031e+01
2.671399688720703125e+01
2.665348243713378906e+01
2.658435630798339844e+01
2.660948371887207031e+01
2.661644935607910156e+01
2.665468215942382812e+01
2.673821067810058594e+01
2.688016510009765625e+01
2.692100143432617188e+01
2.686607551574707031e+01
2.680393981933593750e+01
2.678147125244140625e+01
2.676482582092285156e+01
2.683837127685546875e+01
2.692073631286621094e+01
2.697396278381347656e+01
2.698967361450195312e+01
2.700216484069824219e+01
2.690507125854492188e+01
2.678997039794921875e+01
2.661465835571289062e+01
2.654554939270019531e+01
2.663670349121093750e+01
2.678869247436523438e+01
2.687142372131347656e+01
2.692089843750000000e+01
2.694370841979980469e+01
2.690989685058593750e+01
2.700901031494140625e+01
2.710392761230468750e+01
2.719506072998046875e+01
2.708602333068847656e+01
2.707072067260742188e+01
2.710927009582519531e+01
2.704660797119140625e+01
2.680266380310058594e+01
2.673636245727539062e+01
2.683762741088867188e+01
2.686872863769531250e+01
2.679979133605957031e+01
2.696067619323730469e+01
2.712443161010742188e+01
2.718263053894042969e+01
2.713843727111816406e+01
2.712042999267578125e+01
2.716161155700683594e+01
2.750223159790039062e+01
2.842995452880859375e+01
3.041182518005371094e+01
3.158644676208496094e+01
3.294156265258789062e+01
3.178933525085449219e+01
3.039162445068359375e+01
3.017520141601562500e+01
2.867042732238769531e+01
2.651633644104003906e+01
2.653254127502441406e+01
2.799812698364257812e+01
