2.630632972717285156e+01
2.627397918701171875e+01
2.627859687805175781e+01
2.622658538818359375e+01
2.604493904113769531e+01
2.579423904418945312e+01
2.545510864257812500e+01
2.542122459411621094e+01
2.568491363525390625e+01
2.572343063354492188e+01
2.585843086242675781e+01
2.609000205993652344e+01
2.622680854797363281e+01
2.645135116577148438e+01
2.639740943908691406e+01
2.631967353820800781e+01
2.631879425048828125e+01
2.631336975097656250e+01
2.639240646362304688e+01
2.645965576171875000e+01
2.650366592407226562e+01
2.667095947265625000e+01
2.678098106384277344e+01
2.684068679809570312e+01
2.689323425292968750e+01
2.698141098022460938e+01
2.699720764160156250e+01
2.701868438720703125e+01
2.714930915832519531e+01
2.727850341796875000e+01
2.746118736267089844e+01
2.764020156860351562e+01
2.767482185363769531e+01
2.763482666015625000e+01
2.736932945251464844e+01
2.728596878051757812e+01
2.731501197814941406e+01
2.745687103271484375e+01
2.749431610107421875e+01
2.746799659729003906e+01
2.741858291625976562e+01
2.736528015136718750e+01
2.726877403259277344e+01
2.710072708129882812e+01
2.681311035156250000e+01
2.667937469482421875e+01
2.671434020996093750e+01
2.686479568481445312e+01
2.688863563537597656e+01
2.682974243164062500e+01
2.678484153747558594e+01
2.688385009765625000e+01
2.697791481018066406e+01
2.708176612854003906e+01
2.723454284667968750e+01
2.747575759887695312e+01
2.758128356933593750e+01
2.757443237304687500e+01
2.756213188171386719e+01
2.744792556762695312e+01
2.718504142761230469e+01
2.713940811157226562e+01
2.708735847473144531e+01
2.719095802307128906e+01
2.732540512084960938e+01
2.754224395751953125e+01
2.773586273193359375e+01
2.780074882507324219e+01
2.774349975585937500e+01
2.763001632690429688e+01
2.742050552368164062e+01
2.722360610961914062e+01
2.709345245361328125e+01
2.711507225036621094e+01
2.724012565612792969e+01
2.733610343933105469e+01
2.741942787170410156e+01
2.747929191589355469e+01
2.743187332153320312e+01
2.733658409118652344e+01
2.726722335815429688e+01
2.722411346435546875e+01
2.706188011169433594e+01
2.703093528747558594e+01
2.700862884521484375e+01
2.696366500854492188e+01
2.709621429443359375e+01
2.722379302978515625e+01
2.723136329650878906e+01
2.714052581787109375e+01
2.696752166748046875e+01
2.686087799072265625e+01
2.672502136230468750e+01
2.685033798217773438e+01
2.707008171081542969e+01
2.739605522155761719e+01
2.744444084167480469e+01
2.743930816650390625e+01
2.724860954284667969e+01
2.718190765380859375e+01
2.693572998046875000e+01
2.683541870117187500e+01
