3.646273422241210938e+01
3.546062469482421875e+01
3.445689010620117188e+01
3.336330413818359375e+01
3.383575439453125000e+01
3.430045318603515625e+01
3.477035522460937500e+01
3.639036560058593750e+01
3.678948974609375000e+01
3.675642013549804688e+01
3.621254730224609375e+01
3.635168075561523438e+01
3.546444702148437500e+01
3.541688156127929688e+01
3.563893508911132812e+01
3.535298538208007812e+01
3.584069061279296875e+01
3.522766494750976562e+01
3.547392654418945312e+01
3.495674133300781250e+01
3.506694030761718750e+01
3.540677642822265625e+01
3.515949249267578125e+01
3.531608581542968750e+01
3.512677001953125000e+01
3.522280120849609375e+01
3.451477432250976562e+01
3.487450027465820312e+01
3.495604324340820312e+01
3.469186782836914062e+01
3.534315109252929688e+01
3.627741241455078125e+01
3.659080123901367188e+01
3.676100921630859375e+01
3.646342086791992188e+01
3.601882171630859375e+01
3.570411300659179688e+01
3.562522888183593750e+01
3.578125000000000000e+01
3.575200653076171875e+01
3.581671142578125000e+01
3.613218688964843750e+01
3.651195526123046875e+01
3.635346221923828125e+01
3.682469940185546875e+01
3.705153274536132812e+01
3.677048492431640625e+01
3.679858398437500000e+01
3.658587646484375000e+01
3.653649139404296875e+01
3.616792297363281250e+01
3.561298370361328125e+01
3.560511779785156250e+01
3.525123977661132812e+01
3.489595413208007812e+01
3.511046600341796875e+01
3.561002731323242188e+01
3.537418365478515625e+01
3.524332427978515625e+01
3.538936614990234375e+01
3.569816589355468750e+01
3.569772720336914062e+01
3.568728256225585938e+01
3.535653305053710938e+01
3.515987396240234375e+01
3.496865844726562500e+01
3.509619522094726562e+01
3.557118225097656250e+01
3.547592926025390625e+01
3.521464157104492188e+01
3.516205215454101562e+01
3.480463027954101562e+01
3.457607650756835938e+01
3.478034210205078125e+01
3.508300399780273438e+01
3.507934188842773438e+01
3.517618560791015625e+01
3.567347335815429688e+01
3.625024795532226562e+01
3.617172241210937500e+01
3.597884368896484375e+01
3.626678466796875000e+01
3.659733963012695312e+01
3.637039184570312500e+01
3.605065917968750000e+01
3.635605621337890625e+01
3.614451217651367188e+01
3.563674163818359375e+01
3.544966125488281250e+01
3.610501480102539062e+01
3.602731323242187500e+01
3.575348281860351562e+01
3.597904205322265625e+01
3.612264633178710938e+01
3.600174331665039062e+01
3.618031692504882812e+01
3.622398376464843750e+01
3.654410552978515625e+01
3.683015823364257812e+01
3.645903015136718750e+01
3.689517593383789062e+01
