3.682565689086914062e+01
3.758369827270507812e+01
3.777859497070312500e+01
3.775608062744140625e+01
3.773335266113281250e+01
3.756693649291992188e+01
3.741852951049804688e+01
3.715337753295898438e+01
3.651790237426757812e+01
3.568955993652343750e+01
3.568229675292968750e+01
3.648481750488281250e+01
3.577731323242187500e+01
3.543797302246093750e+01
3.548607635498046875e+01
3.557442474365234375e+01
3.562691879272460938e+01
3.633872222900390625e+01
3.663826370239257812e+01
3.681941604614257812e+01
3.718770599365234375e+01
3.717651367187500000e+01
3.698425292968750000e+01
3.692349624633789062e+01
3.700294876098632812e+01
3.692454910278320312e+01
3.701036453247070312e+01
3.686648178100585938e+01
3.643141174316406250e+01
3.635845184326171875e+01
3.635976409912109375e+01
3.667027664184570312e+01
3.657081222534179688e+01
3.649863052368164062e+01
3.687794113159179688e+01
3.688890075683593750e+01
3.680685806274414062e+01
3.659381866455078125e+01
3.641733932495117188e+01
3.639472579956054688e+01
3.656435012817382812e+01
3.668362045288085938e+01
3.614620590209960938e+01
3.586663436889648438e+01
3.577851486206054688e+01
3.583815765380859375e+01
3.589660263061523438e+01
3.579769515991210938e+01
3.574337387084960938e+01
3.562562179565429688e+01
3.542714309692382812e+01
3.534151458740234375e+01
3.540644073486328125e+01
3.558745193481445312e+01
3.568101501464843750e+01
3.572758483886718750e+01
3.597024536132812500e+01
3.616010665893554688e+01
3.586675643920898438e+01
3.590780258178710938e+01
3.590008926391601562e+01
3.589430618286132812e+01
3.580768203735351562e+01
3.591284179687500000e+01
3.599225997924804688e+01
3.604737472534179688e+01
3.603208923339843750e+01
3.630247116088867188e+01
3.637602615356445312e+01
3.656439590454101562e+01
3.706243896484375000e+01
3.731012344360351562e+01
3.759753799438476562e+01
3.772058105468750000e+01
3.786766052246093750e+01
3.780252456665039062e+01
3.765512466430664062e+01
3.733000564575195312e+01
3.702625274658203125e+01
3.714625167846679688e+01
3.750965881347656250e+01
3.747328948974609375e+01
3.682527160644531250e+01
3.665468978881835938e+01
3.642148971557617188e+01
3.580517578125000000e+01
3.577072143554687500e+01
3.568803405761718750e+01
3.581712722778320312e+01
3.571457290649414062e+01
