3.393380355834960938e+01
3.415820312500000000e+01
3.468929290771484375e+01
3.528726196289062500e+01
3.564482879638671875e+01
3.632568359375000000e+01
3.589275741577148438e+01
3.535708999633789062e+01
3.510921859741210938e+01
3.510493469238281250e+01
3.492693710327148438e+01
3.524084472656250000e+01
3.582488632202148438e+01
3.674667739868164062e+01
3.693605041503906250e+01
3.682387542724609375e+01
3.645664596557617188e+01
3.616697311401367188e+01
3.587539291381835938e+01
3.559591293334960938e+01
3.554039764404296875e+01
3.572314071655273438e+01
3.450587463378906250e+01
3.417658996582031250e+01
3.440643692016601562e+01
3.471250152587890625e+01
3.473632812500000000e+01
3.428319931030273438e+01
3.475614547729492188e+01
3.480110931396484375e+01
3.511891937255859375e+01
3.599129104614257812e+01
3.639816665649414062e+01
3.616138839721679688e+01
3.518766403198242188e+01
3.445244598388671875e+01
3.488144683837890625e+01
3.575206375122070312e+01
3.576398468017578125e+01
3.533360290527343750e+01
3.520738220214843750e+01
3.491427230834960938e+01
3.492229461669921875e+01
3.413597488403320312e+01
3.371892929077148438e+01
3.345927429199218750e+01
3.354063796997070312e+01
3.379719161987304688e+01
3.394944763183593750e+01
3.402309036254882812e+01
3.387560653686523438e+01
3.391608810424804688e+01
3.391019821166992188e+01
3.398073577880859375e+01
3.420784378051757812e+01
3.473299026489257812e+01
3.519887161254882812e+01
3.521699905395507812e+01
3.482831573486328125e+01
3.475912857055664062e+01
3.503230667114257812e+01
3.513160705566406250e+01
3.489492797851562500e+01
3.459495925903320312e+01
3.448317337036132812e+01
3.499651718139648438e+01
3.533633804321289062e+01
3.616220474243164062e+01
3.665051269531250000e+01
3.631053161621093750e+01
3.652410125732421875e+01
3.644153976440429688e+01
3.580630111694335938e+01
3.555781936645507812e+01
3.568474197387695312e+01
3.547853851318359375e+01
3.515653991699218750e+01
3.548634338378906250e+01
3.625481796264648438e+01
3.695525741577148438e+01
3.746035385131835938e+01
3.743389892578125000e+01
3.705652618408203125e+01
3.659440612792968750e+01
3.631717681884765625e+01
3.630155563354492188e+01
3.637218475341796875e+01
3.689572143554687500e+01
3.729235839843750000e+01
3.735168075561523438e+01
3.749734115600585938e+01
3.744641494750976562e+01
3.715258026123046875e+01
3.474891662597656250e+01
3.384774398803710938e+01
3.339677810668945312e+01
3.299990081787109375e+01
3.340044403076171875e+01
3.355691146850585938e+01
3.284464645385742188e+01
3.293416595458984375e+01
