3.343409347534179688e+01
3.344939041137695312e+01
3.337492370605468750e+01
3.331315612792968750e+01
3.324670410156250000e+01
3.338938522338867188e+01
3.316613388061523438e+01
3.301060867309570312e+01
3.272235107421875000e+01
3.264744949340820312e+01
3.283117675781250000e+01
3.273782730102539062e+01
3.236161041259765625e+01
3.170227813720703125e+01
3.161222648620605469e+01
3.177927207946777344e+01
3.210230636596679688e+01
3.248684310913085938e+01
3.238377761840820312e+01
3.225520324707031250e+01
3.214543151855468750e+01
3.193366050720214844e+01
3.172004890441894531e+01
3.164236450195312500e+01
3.162290000915527344e+01
3.166911506652832031e+01
3.168949317932128906e+01
3.173586463928222656e+01
3.180508613586425781e+01
3.192202949523925781e+01
3.195865058898925781e+01
3.206255722045898438e+01
3.223372268676757812e+01
3.259712600708007812e+01
3.270956802368164062e+01
3.290317916870117188e+01
3.307903671264648438e+01
3.318759918212890625e+01
3.310355758666992188e+01
3.297922515869140625e+01
3.283313751220703125e+01
3.266174697875976562e+01
3.262341690063476562e+01
3.252779769897460938e+01
3.221726608276367188e+01
3.178572082519531250e+01
3.144975852966308594e+01
3.116602897644042969e+01
3.104686355590820312e+01
3.111503601074218750e+01
3.118833732604980469e+01
3.137773704528808594e+01
3.159684944152832031e+01
3.158182716369628906e+01
3.152348899841308594e+01
3.150828552246093750e+01
3.144239425659179688e+01
3.147216987609863281e+01
3.165761756896972656e+01
3.181021690368652344e+01
3.194242477416992188e+01
3.204061889648437500e+01
3.240576934814453125e+01
3.267103195190429688e+01
3.275735473632812500e+01
3.252968597412109375e+01
3.235666656494140625e+01
3.247083282470703125e+01
3.267011642456054688e+01
3.249028396606445312e+01
3.228103256225585938e+01
3.219402694702148438e+01
3.217302703857421875e+01
3.231402587890625000e+01
3.240411376953125000e+01
3.234917449951171875e+01
3.229802322387695312e+01
3.219344329833984375e+01
3.203416061401367188e+01
3.250943756103515625e+01
3.301017379760742188e+01
3.339710617065429688e+01
3.345677566528320312e+01
3.321805953979492188e+01
3.233335494995117188e+01
3.151284599304199219e+01
3.181409454345703125e+01
3.267661285400390625e+01
