2.312053108215332031e+01
2.321438407897949219e+01
2.329394721984863281e+01
2.343147277832031250e+01
2.349488830566406250e+01
2.379729843139648438e+01
2.409082412719726562e+01
2.406798171997070312e+01
2.410933876037597656e+01
2.437797927856445312e+01
2.454763793945312500e+01
2.471324348449707031e+01
2.457030105590820312e+01
2.454669380187988281e+01
2.471744537353515625e+01
2.462833976745605469e+01
2.459098052978515625e+01
2.449246215820312500e+01
2.445375251770019531e+01
2.450205612182617188e+01
2.465806007385253906e+01
2.479277801513671875e+01
2.482867050170898438e+01
2.475138282775878906e+01
2.478956985473632812e+01
2.486547279357910156e+01
2.485591506958007812e+01
2.488001060485839844e+01
2.488701438903808594e+01
2.478318214416503906e+01
2.469664764404296875e+01
2.459654045104980469e+01
2.447737503051757812e+01
2.449957466125488281e+01
2.457988548278808594e+01
2.465240287780761719e+01
2.485406684875488281e+01
2.491600227355957031e+01
2.489442825317382812e+01
2.489061737060546875e+01
2.481727409362792969e+01
2.479595947265625000e+01
2.480629920959472656e+01
2.483900642395019531e+01
2.465739822387695312e+01
2.440619277954101562e+01
2.439972305297851562e+01
2.437000465393066406e+01
2.429902648925781250e+01
2.435718727111816406e+01
2.444317436218261719e+01
2.444886207580566406e+01
2.449155044555664062e+01
2.455170249938964844e+01
2.456087112426757812e+01
2.459900856018066406e+01
2.464627456665039062e+01
2.466864013671875000e+01
2.469482612609863281e+01
2.466123962402343750e+01
2.463265991210937500e+01
2.465929412841796875e+01
2.473489570617675781e+01
2.479960823059082031e+01
2.487749671936035156e+01
2.486821174621582031e+01
2.493961715698242188e+01
2.494758224487304688e+01
2.489415550231933594e+01
2.486032867431640625e+01
2.485086441040039062e+01
2.473656463623046875e+01
2.471567916870117188e+01
2.476331329345703125e+01
2.489365386962890625e+01
2.499017143249511719e+01
2.509718704223632812e+01
2.522396087646484375e+01
2.521237182617187500e+01
2.496994018554687500e+01
2.480737113952636719e+01
2.472382736206054688e+01
2.454978179931640625e+01
2.459086418151855469e+01
2.459720802307128906e+01
2.454233741760253906e+01
2.447021484375000000e+01
2.428872871398925781e+01
2.408160400390625000e+01
2.420964241027832031e+01
2.439578247070312500e+01
2.434235763549804688e+01
2.416560363769531250e+01
2.397877693176269531e+01
2.397867774963378906e+01
2.414224815368652344e+01
2.424158859252929688e+01
2.425006675720214844e+01
2.422305107116699219e+01
2.452546501159667969e+01
2.479987716674804688e+01
2.472621917724609375e+01
2.447179412841796875e+01
2.466202735900878906e+01
2.420639228820800781e+01
2.405155754089355469e+01
