3.445777893066406250e+01
3.471742630004882812e+01
3.569953155517578125e+01
3.562916564941406250e+01
3.489587020874023438e+01
3.465373229980468750e+01
3.466807556152343750e+01
3.497969436645507812e+01
3.531958389282226562e+01
3.534533691406250000e+01
3.541967773437500000e+01
3.556356430053710938e+01
3.659074020385742188e+01
3.690961837768554688e+01
3.711176300048828125e+01
3.723242950439453125e+01
3.730970001220703125e+01
3.703844451904296875e+01
3.663809585571289062e+01
3.543578720092773438e+01
3.485767745971679688e+01
3.478544998168945312e+01
3.470114135742187500e+01
3.458782196044921875e+01
3.458445739746093750e+01
3.459195709228515625e+01
3.481362152099609375e+01
3.504098892211914062e+01
3.535522842407226562e+01
3.600947189331054688e+01
3.630906677246093750e+01
3.602417755126953125e+01
3.600604248046875000e+01
3.598312759399414062e+01
3.612191009521484375e+01
3.628970718383789062e+01
3.655248641967773438e+01
3.660109329223632812e+01
3.675168609619140625e+01
3.700377655029296875e+01
3.701186752319335938e+01
3.612059020996093750e+01
3.556801223754882812e+01
3.555289459228515625e+01
3.552740859985351562e+01
3.563331985473632812e+01
3.589689254760742188e+01
3.640759277343750000e+01
3.624097824096679688e+01
3.619945526123046875e+01
3.665791320800781250e+01
3.717168045043945312e+01
3.685648727416992188e+01
3.528511428833007812e+01
3.509965896606445312e+01
3.509898376464843750e+01
3.476532745361328125e+01
3.471863937377929688e+01
3.496432495117187500e+01
3.545415878295898438e+01
3.541743469238281250e+01
3.505050659179687500e+01
3.498084640502929688e+01
3.478091430664062500e+01
3.453469085693359375e+01
3.426798248291015625e+01
3.402444458007812500e+01
3.420804595947265625e+01
3.444914245605468750e+01
3.460208129882812500e+01
3.435041427612304688e+01
3.392704010009765625e+01
3.377747344970703125e+01
3.379049301147460938e+01
3.388397979736328125e+01
3.373658752441406250e+01
3.397710037231445312e+01
3.425698471069335938e+01
3.449660873413085938e+01
3.455122756958007812e+01
3.414107131958007812e+01
3.405118942260742188e+01
3.417752838134765625e+01
3.476433944702148438e+01
3.551159286499023438e+01
3.587305450439453125e+01
3.515687561035156250e+01
3.414767837524414062e+01
3.416823577880859375e+01
3.426392745971679688e+01
3.392558670043945312e+01
3.386028671264648438e+01
3.358034896850585938e+01
3.320700836181640625e+01
3.315040206909179688e+01
