2.415794754028320312e+01
2.511299514770507812e+01
2.628544425964355469e+01
2.651553153991699219e+01
2.675419616699218750e+01
2.677100563049316406e+01
2.710363960266113281e+01
2.778351783752441406e+01
2.827333831787109375e+01
2.842767333984375000e+01
2.852392959594726562e+01
2.839543342590332031e+01
2.814002227783203125e+01
2.791539382934570312e+01
2.773735237121582031e+01
2.737009239196777344e+01
2.711477279663085938e+01
2.709590339660644531e+01
2.722224235534667969e+01
2.734821510314941406e+01
2.740810585021972656e+01
2.724912261962890625e+01
2.710812759399414062e+01
2.677494621276855469e+01
2.659463691711425781e+01
2.660824775695800781e+01
2.669839286804199219e+01
2.682183837890625000e+01
2.695958137512207031e+01
2.705617713928222656e+01
2.732691001892089844e+01
2.765353775024414062e+01
2.783107185363769531e+01
2.794738197326660156e+01
2.801362991333007812e+01
2.816965484619140625e+01
2.826754760742187500e+01
2.825391960144042969e+01
2.827578544616699219e+01
2.837026023864746094e+01
2.824602508544921875e+01
2.804269790649414062e+01
2.777320861816406250e+01
2.763285064697265625e+01
2.755495452880859375e+01
2.739819526672363281e+01
2.717920875549316406e+01
2.703887939453125000e+01
2.691599655151367188e+01
2.683567428588867188e+01
2.697439765930175781e+01
2.715802192687988281e+01
2.743754005432128906e+01
2.788779258728027344e+01
2.821825981140136719e+01
2.829158782958984375e+01
2.837276268005371094e+01
2.818253898620605469e+01
2.796964645385742188e+01
2.767824745178222656e+01
2.750252914428710938e+01
2.758421134948730469e+01
2.756043243408203125e+01
2.760832023620605469e+01
2.774741935729980469e+01
2.755959892272949219e+01
2.730449676513671875e+01
2.714944839477539062e+01
2.703248023986816406e+01
2.715395355224609375e+01
2.733020019531250000e+01
2.752794837951660156e+01
2.780926322937011719e+01
2.792717933654785156e+01
2.790385437011718750e+01
2.808552932739257812e+01
2.834593009948730469e+01
2.858938026428222656e+01
2.858092689514160156e+01
2.841154861450195312e+01
2.834673690795898438e+01
2.829647254943847656e+01
2.827593803405761719e+01
2.825177192687988281e+01
2.817191123962402344e+01
2.833843040466308594e+01
2.826828956604003906e+01
2.836938285827636719e+01
2.823780441284179688e+01
2.821793174743652344e+01
2.845643424987792969e+01
2.855708312988281250e+01
2.859788894653320312e+01
2.857415199279785156e+01
2.845389747619628906e+01
2.847053909301757812e+01
2.836280822753906250e+01
2.823933219909667969e+01
2.824659729003906250e+01
2.816851234436035156e+01
2.805646705627441406e+01
2.789576530456542969e+01
2.759321403503417969e+01
2.723085594177246094e+01
2.681432914733886719e+01
2.662580490112304688e+01
2.648023033142089844e+01
2.564979934692382812e+01
2.480854225158691406e+01
