3.407876205444335938e+01
3.328740692138671875e+01
3.317192077636718750e+01
3.368945312500000000e+01
3.433315658569335938e+01
3.362921905517578125e+01
3.315233612060546875e+01
3.282035064697265625e+01
3.254463195800781250e+01
3.228595352172851562e+01
3.225113296508789062e+01
3.251928329467773438e+01
3.267563247680664062e+01
3.281774520874023438e+01
3.321523666381835938e+01
3.365641403198242188e+01
3.353272628784179688e+01
3.329993820190429688e+01
3.327149581909179688e+01
3.322108840942382812e+01
3.305355453491210938e+01
3.295124435424804688e+01
3.266943740844726562e+01
3.247239303588867188e+01
3.215536117553710938e+01
3.208508300781250000e+01
3.216682052612304688e+01
3.257265853881835938e+01
3.254111480712890625e+01
3.228646850585937500e+01
3.204201126098632812e+01
3.207986831665039062e+01
3.230086898803710938e+01
3.238646697998046875e+01
3.220822906494140625e+01
3.191039085388183594e+01
3.185126495361328125e+01
3.183433341979980469e+01
3.173763084411621094e+01
3.179144477844238281e+01
3.188031578063964844e+01
3.204470825195312500e+01
3.252285003662109375e+01
3.267259216308593750e+01
3.260543823242187500e+01
3.270731735229492188e+01
3.252247238159179688e+01
3.239331436157226562e+01
3.236160659790039062e+01
3.226691055297851562e+01
3.235934829711914062e+01
3.256481933593750000e+01
3.270977020263671875e+01
3.257163619995117188e+01
3.266581344604492188e+01
3.298191833496093750e+01
3.322005462646484375e+01
3.329237365722656250e+01
3.318839263916015625e+01
3.317053604125976562e+01
3.287498855590820312e+01
3.269488525390625000e+01
3.275915145874023438e+01
3.294129943847656250e+01
3.303800582885742188e+01
3.305140686035156250e+01
3.274427413940429688e+01
3.253210067749023438e+01
3.255389022827148438e+01
3.279843139648437500e+01
3.266631317138671875e+01
3.247266387939453125e+01
3.258385848999023438e+01
3.267947387695312500e+01
3.287205886840820312e+01
3.320971679687500000e+01
3.335962677001953125e+01
3.326526641845703125e+01
3.360675430297851562e+01
3.411460113525390625e+01
3.431329727172851562e+01
3.471255493164062500e+01
3.454644012451171875e+01
3.409794616699218750e+01
3.387948608398437500e+01
3.371885681152343750e+01
3.323860549926757812e+01
3.295710372924804688e+01
3.317556762695312500e+01
3.366288757324218750e+01
3.362294387817382812e+01
3.340637969970703125e+01
3.303133010864257812e+01
3.296574783325195312e+01
3.302166366577148438e+01
3.338106536865234375e+01
3.368666458129882812e+01
3.333620071411132812e+01
3.352255630493164062e+01
3.373716735839843750e+01
3.413151931762695312e+01
3.403918838500976562e+01
3.416831970214843750e+01
3.431336212158203125e+01
3.467839431762695312e+01
