2.482747650146484375e+01
2.462314605712890625e+01
2.456580734252929688e+01
2.432368850708007812e+01
2.404413795471191406e+01
2.387895393371582031e+01
2.402236366271972656e+01
2.412755393981933594e+01
2.428704452514648438e+01
2.426999664306640625e+01
2.414565849304199219e+01
2.399838638305664062e+01
2.395746803283691406e+01
2.400979232788085938e+01
2.415888786315917969e+01
2.431874656677246094e+01
2.443614387512207031e+01
2.455873107910156250e+01
2.448029136657714844e+01
2.441618347167968750e+01
2.429199981689453125e+01
2.429105567932128906e+01
2.423977279663085938e+01
2.420029258728027344e+01
2.406263351440429688e+01
2.399607276916503906e+01
2.395103073120117188e+01
2.393113899230957031e+01
2.395512580871582031e+01
2.397713279724121094e+01
2.393023300170898438e+01
2.379111480712890625e+01
2.372064399719238281e+01
2.370441055297851562e+01
2.370542716979980469e+01
2.368543815612792969e+01
2.371031379699707031e+01
2.372869110107421875e+01
2.375409126281738281e+01
2.389217567443847656e+01
2.413375282287597656e+01
2.436645698547363281e+01
2.460914802551269531e+01
2.450869941711425781e+01
2.439375686645507812e+01
2.421938323974609375e+01
2.400157356262207031e+01
2.393705368041992188e+01
2.404051399230957031e+01
2.416808128356933594e+01
2.409380531311035156e+01
2.403754234313964844e+01
2.391909027099609375e+01
2.382271194458007812e+01
2.371896934509277344e+01
2.374467468261718750e+01
2.370203208923339844e+01
2.375967597961425781e+01
2.388732528686523438e+01
2.406990242004394531e+01
2.417093276977539062e+01
2.415894699096679688e+01
2.415817451477050781e+01
2.413211822509765625e+01
2.403987693786621094e+01
2.388137054443359375e+01
2.373307418823242188e+01
2.367957305908203125e+01
2.380867004394531250e+01
2.391541099548339844e+01
2.395810699462890625e+01
2.391941833496093750e+01
2.390252304077148438e+01
2.395093154907226562e+01
2.404382705688476562e+01
2.401245117187500000e+01
2.400451850891113281e+01
2.404003715515136719e+01
2.412995719909667969e+01
2.416596221923828125e+01
2.419393157958984375e+01
2.422583007812500000e+01
2.422878265380859375e+01
2.435799598693847656e+01
2.446837425231933594e+01
2.462252807617187500e+01
2.456970787048339844e+01
2.466622352600097656e+01
2.479577636718750000e+01
2.499612236022949219e+01
2.514970397949218750e+01
2.532234954833984375e+01
2.535209083557128906e+01
2.530063247680664062e+01
2.525455665588378906e+01
2.526559257507324219e+01
2.527788734436035156e+01
2.523581504821777344e+01
2.519071197509765625e+01
2.521771812438964844e+01
2.551306915283203125e+01
2.534769630432128906e+01
2.533372688293457031e+01
2.512438011169433594e+01
2.503239631652832031e+01
2.428602409362792969e+01
2.272781753540039062e+01
