2.700251770019531250e+01
2.691285514831542969e+01
2.654642105102539062e+01
2.630280303955078125e+01
2.652569389343261719e+01
2.701938056945800781e+01
2.747656059265136719e+01
2.752548599243164062e+01
2.770871353149414062e+01
2.792273330688476562e+01
2.778153228759765625e+01
2.761433410644531250e+01
2.761307907104492188e+01
2.764053535461425781e+01
2.769470024108886719e+01
2.771360206604003906e+01
2.775672912597656250e+01
2.763865280151367188e+01
2.753169250488281250e+01
2.753244781494140625e+01
2.744009590148925781e+01
2.761855888366699219e+01
2.767222976684570312e+01
2.749982643127441406e+01
2.759030151367187500e+01
2.776039695739746094e+01
2.785692024230957031e+01
2.783522605895996094e+01
2.776150703430175781e+01
2.783580780029296875e+01
2.776855087280273438e+01
2.765889167785644531e+01
2.730194473266601562e+01
2.696579742431640625e+01
2.698254203796386719e+01
2.694017028808593750e+01
2.691791534423828125e+01
2.688591766357421875e+01
2.686839485168457031e+01
2.685037040710449219e+01
2.678764343261718750e+01
2.680291938781738281e+01
2.695269203186035156e+01
2.696793556213378906e+01
2.700462722778320312e+01
2.699490547180175781e+01
2.700601577758789062e+01
2.711168670654296875e+01
2.720700645446777344e+01
2.725095939636230469e+01
2.710984611511230469e+01
2.699529838562011719e+01
2.687482261657714844e+01
2.692651939392089844e+01
2.701070976257324219e+01
2.708071136474609375e+01
2.719796180725097656e+01
2.730063438415527344e+01
2.715066719055175781e+01
2.698090171813964844e+01
2.683039283752441406e+01
2.674476242065429688e+01
2.669337081909179688e+01
2.657967758178710938e+01
2.652497863769531250e+01
2.644501304626464844e+01
2.645482254028320312e+01
2.654689979553222656e+01
2.662717056274414062e+01
2.665429306030273438e+01
2.669067764282226562e+01
2.675152778625488281e+01
2.657240676879882812e+01
2.633519363403320312e+01
2.614460182189941406e+01
2.612530517578125000e+01
2.606150245666503906e+01
2.608065795898437500e+01
2.601274490356445312e+01
2.604597854614257812e+01
2.599435615539550781e+01
2.594288063049316406e+01
2.597701072692871094e+01
2.587036705017089844e+01
2.592710304260253906e+01
2.603626823425292969e+01
2.621274566650390625e+01
2.650849342346191406e+01
2.656237983703613281e+01
2.665280914306640625e+01
2.651028442382812500e+01
2.643296432495117188e+01
2.659396553039550781e+01
2.689196205139160156e+01
2.713896942138671875e+01
2.714528656005859375e+01
2.697085380554199219e+01
2.695181655883789062e+01
2.665830802917480469e+01
2.669557952880859375e+01
2.661160850524902344e+01
2.648743629455566406e+01
2.685848426818847656e+01
2.717064094543457031e+01
2.698657798767089844e+01
