3.710115814208984375e+01
3.670311737060546875e+01
3.717995071411132812e+01
3.739554214477539062e+01
3.743396759033203125e+01
3.765697860717773438e+01
3.766358947753906250e+01
3.749041748046875000e+01
3.751588439941406250e+01
3.781998443603515625e+01
3.799281692504882812e+01
3.788301086425781250e+01
3.764746856689453125e+01
3.730601119995117188e+01
3.674143981933593750e+01
3.697033691406250000e+01
3.765031051635742188e+01
3.808544158935546875e+01
3.806148147583007812e+01
3.762587738037109375e+01
3.624274826049804688e+01
3.629333496093750000e+01
3.663561630249023438e+01
3.618623352050781250e+01
3.547658538818359375e+01
3.618399810791015625e+01
3.686067962646484375e+01
3.711405563354492188e+01
3.699647140502929688e+01
3.743944549560546875e+01
3.735282897949218750e+01
3.761157226562500000e+01
3.777291488647460938e+01
3.791937637329101562e+01
3.789678955078125000e+01
3.697077941894531250e+01
3.567725753784179688e+01
3.614255905151367188e+01
3.660331726074218750e+01
3.693432617187500000e+01
3.716269302368164062e+01
3.719283676147460938e+01
3.708871841430664062e+01
3.732741928100585938e+01
3.740057373046875000e+01
3.726074218750000000e+01
3.723970413208007812e+01
3.714707183837890625e+01
3.716563034057617188e+01
3.773144149780273438e+01
3.789741134643554688e+01
3.816723251342773438e+01
3.818950653076171875e+01
3.799191284179687500e+01
3.716159057617187500e+01
3.681880187988281250e+01
3.740749740600585938e+01
3.764365386962890625e+01
3.774975204467773438e+01
3.746549224853515625e+01
3.703627395629882812e+01
3.661399841308593750e+01
3.661609268188476562e+01
3.667412948608398438e+01
3.660156250000000000e+01
3.655698394775390625e+01
3.590233612060546875e+01
3.616688156127929688e+01
3.631562805175781250e+01
3.683478546142578125e+01
3.709365081787109375e+01
3.706816482543945312e+01
3.721266555786132812e+01
3.736285400390625000e+01
3.765625762939453125e+01
3.763211059570312500e+01
3.756818771362304688e+01
3.730665206909179688e+01
3.744561767578125000e+01
3.726431274414062500e+01
3.665966033935546875e+01
3.631616973876953125e+01
3.649921798706054688e+01
3.689868164062500000e+01
3.729863357543945312e+01
3.753706359863281250e+01
3.754944992065429688e+01
3.754371261596679688e+01
3.760073471069335938e+01
3.755448150634765625e+01
3.727979660034179688e+01
3.741089630126953125e+01
3.733388900756835938e+01
3.694033050537109375e+01
3.675631332397460938e+01
3.669291305541992188e+01
3.650574874877929688e+01
3.597429656982421875e+01
3.588781738281250000e+01
3.653956222534179688e+01
3.662504577636718750e+01
3.704118347167968750e+01
3.711995315551757812e+01
3.705173492431640625e+01
