3.362527465820312500e+01
3.322084045410156250e+01
3.322892379760742188e+01
3.353674697875976562e+01
3.373435211181640625e+01
3.684846496582031250e+01
3.701955795288085938e+01
3.667613983154296875e+01
3.684724044799804688e+01
3.725251388549804688e+01
3.737486267089843750e+01
3.719649124145507812e+01
3.668576812744140625e+01
3.685181427001953125e+01
3.691575241088867188e+01
3.691906738281250000e+01
3.696015167236328125e+01
3.688010406494140625e+01
3.714451980590820312e+01
3.742959976196289062e+01
3.746792602539062500e+01
3.745939254760742188e+01
3.749934768676757812e+01
3.763224792480468750e+01
3.752986145019531250e+01
3.735459136962890625e+01
3.743526458740234375e+01
3.740877151489257812e+01
3.713861083984375000e+01
3.674586105346679688e+01
3.713291931152343750e+01
3.713013458251953125e+01
3.709622573852539062e+01
3.627084732055664062e+01
3.455505752563476562e+01
3.440388870239257812e+01
3.573274993896484375e+01
3.673053359985351562e+01
3.725422286987304688e+01
3.742491149902343750e+01
3.747626876831054688e+01
3.733672714233398438e+01
3.734987640380859375e+01
3.743520355224609375e+01
3.735806274414062500e+01
3.710422134399414062e+01
3.624881744384765625e+01
3.527022171020507812e+01
3.532548141479492188e+01
3.618490982055664062e+01
3.655003738403320312e+01
3.703647613525390625e+01
3.716094589233398438e+01
3.730016708374023438e+01
3.726529312133789062e+01
3.725040817260742188e+01
3.738919830322265625e+01
3.728504562377929688e+01
3.717012786865234375e+01
3.681563186645507812e+01
3.600833511352539062e+01
3.544872665405273438e+01
3.606283187866210938e+01
3.637250137329101562e+01
3.500407791137695312e+01
3.464659500122070312e+01
3.694946670532226562e+01
3.719106674194335938e+01
3.738524246215820312e+01
3.787042999267578125e+01
3.790050506591796875e+01
3.795824050903320312e+01
3.791075897216796875e+01
3.781396865844726562e+01
3.788104248046875000e+01
3.801291656494140625e+01
3.806369018554687500e+01
3.810616302490234375e+01
3.811187744140625000e+01
3.809120178222656250e+01
3.810197830200195312e+01
3.811240386962890625e+01
3.808090591430664062e+01
3.809043884277343750e+01
3.812236785888671875e+01
3.807154846191406250e+01
3.796709823608398438e+01
3.787214660644531250e+01
3.780420303344726562e+01
3.788142013549804688e+01
3.792940521240234375e+01
3.795147323608398438e+01
3.784775161743164062e+01
3.775011062622070312e+01
