2.428061485290527344e+01
2.430906105041503906e+01
2.435305213928222656e+01
2.392946243286132812e+01
2.363890647888183594e+01
2.336144828796386719e+01
2.313105201721191406e+01
2.300953674316406250e+01
2.284837150573730469e+01
2.291582679748535156e+01
2.308238220214843750e+01
2.307587623596191406e+01
2.304115295410156250e+01
2.293255233764648438e+01
2.298283958435058594e+01
2.316061019897460938e+01
2.333477592468261719e+01
2.349389839172363281e+01
2.347019004821777344e+01
2.346874046325683594e+01
2.346944618225097656e+01
2.347006988525390625e+01
2.345356369018554688e+01
2.320093727111816406e+01
2.300844383239746094e+01
2.289751625061035156e+01
2.286726570129394531e+01
2.286236763000488281e+01
2.279048347473144531e+01
2.273909759521484375e+01
2.268583869934082031e+01
2.251700782775878906e+01
2.230083465576171875e+01
2.199883270263671875e+01
2.196944808959960938e+01
2.200542068481445312e+01
2.197337532043457031e+01
2.196563339233398438e+01
2.194005966186523438e+01
2.199645233154296875e+01
2.203677749633789062e+01
2.216009140014648438e+01
2.223856544494628906e+01
2.236281585693359375e+01
2.251799201965332031e+01
2.254398155212402344e+01
2.257726097106933594e+01
2.253492736816406250e+01
2.246794891357421875e+01
2.238541221618652344e+01
2.224052810668945312e+01
2.211998176574707031e+01
2.204958152770996094e+01
2.205785560607910156e+01
2.215908050537109375e+01
2.212307739257812500e+01
2.213533592224121094e+01
2.213330841064453125e+01
2.212573432922363281e+01
2.212704277038574219e+01
2.209745025634765625e+01
2.211803627014160156e+01
2.208515357971191406e+01
2.215827178955078125e+01
2.231803512573242188e+01
2.253055381774902344e+01
2.262341499328613281e+01
2.262936019897460938e+01
2.268305397033691406e+01
2.267429351806640625e+01
2.254784584045410156e+01
2.237048149108886719e+01
2.213500022888183594e+01
2.211376953125000000e+01
2.224899291992187500e+01
2.230554389953613281e+01
2.232551956176757812e+01
2.219056510925292969e+01
2.223454284667968750e+01
2.247279548645019531e+01
2.254276275634765625e+01
2.234445953369140625e+01
2.212607574462890625e+01
2.210155677795410156e+01
2.209910392761230469e+01
2.225035476684570312e+01
2.272506904602050781e+01
2.311332130432128906e+01
2.318654823303222656e+01
2.313408470153808594e+01
2.305336189270019531e+01
2.293988990783691406e+01
2.290680885314941406e+01
2.296854972839355469e+01
2.290336036682128906e+01
2.283238601684570312e+01
