3.600559234619140625e+01
3.668645858764648438e+01
3.628526306152343750e+01
3.709842300415039062e+01
3.732203292846679688e+01
3.656610488891601562e+01
3.539708328247070312e+01
3.623246383666992188e+01
3.695503616333007812e+01
3.736463546752929688e+01
3.746688079833984375e+01
3.740196228027343750e+01
3.679825210571289062e+01
3.614134597778320312e+01
3.562005615234375000e+01
3.657331466674804688e+01
3.688395690917968750e+01
3.625651550292968750e+01
3.580014801025390625e+01
3.642246246337890625e+01
3.622630310058593750e+01
3.569070434570312500e+01
3.543663024902343750e+01
3.492097091674804688e+01
3.455736541748046875e+01
3.451467895507812500e+01
3.472081756591796875e+01
3.500587844848632812e+01
3.533501434326171875e+01
3.524220275878906250e+01
3.489123535156250000e+01
3.470246887207031250e+01
3.474187850952148438e+01
3.506965637207031250e+01
3.536503601074218750e+01
3.538577651977539062e+01
3.500910568237304688e+01
3.498659896850585938e+01
3.488454055786132812e+01
3.499382019042968750e+01
3.535815048217773438e+01
3.568308258056640625e+01
3.543575668334960938e+01
3.539670562744140625e+01
3.545862579345703125e+01
3.562536239624023438e+01
3.622609710693359375e+01
3.683043670654296875e+01
3.701904678344726562e+01
3.715815734863281250e+01
3.698477554321289062e+01
3.656988143920898438e+01
3.644472122192382812e+01
3.659348678588867188e+01
3.662400817871093750e+01
3.596264648437500000e+01
3.614614486694335938e+01
3.623551559448242188e+01
3.620024871826171875e+01
3.631908416748046875e+01
3.621784591674804688e+01
3.612334823608398438e+01
3.601460266113281250e+01
3.553770446777343750e+01
3.574094772338867188e+01
3.608714675903320312e+01
3.620927429199218750e+01
3.638562011718750000e+01
3.659547424316406250e+01
3.661432266235351562e+01
3.676517486572265625e+01
3.653559494018554688e+01
3.607143402099609375e+01
3.587393188476562500e+01
3.580691528320312500e+01
3.549761581420898438e+01
3.517674636840820312e+01
3.569266510009765625e+01
3.588623809814453125e+01
3.633095169067382812e+01
3.637324142456054688e+01
3.650011444091796875e+01
3.648908615112304688e+01
3.603884506225585938e+01
3.590344619750976562e+01
3.564231872558593750e+01
3.586383819580078125e+01
3.578012084960937500e+01
3.592097473144531250e+01
3.693750381469726562e+01
3.729915237426757812e+01
3.742395019531250000e+01
3.748880386352539062e+01
3.731129074096679688e+01
3.711364364624023438e+01
3.698696517944335938e+01
3.718052673339843750e+01
3.689841461181640625e+01
3.697864151000976562e+01
3.703546905517578125e+01
3.724393463134765625e+01
3.720876693725585938e+01
