3.553581619262695312e+01
3.632130432128906250e+01
3.524339294433593750e+01
3.389047241210937500e+01
3.358322143554687500e+01
3.336174011230468750e+01
3.343492889404296875e+01
3.352655792236328125e+01
3.342764282226562500e+01
3.303288650512695312e+01
3.304396057128906250e+01
3.328009033203125000e+01
3.375487899780273438e+01
3.413355636596679688e+01
3.369092941284179688e+01
3.379613494873046875e+01
3.385109710693359375e+01
3.360118484497070312e+01
3.365948104858398438e+01
3.355651473999023438e+01
3.369184875488281250e+01
3.397659683227539062e+01
3.426327896118164062e+01
3.390649414062500000e+01
3.420832824707031250e+01
3.428408050537109375e+01
3.418072509765625000e+01
3.412208938598632812e+01
3.404939651489257812e+01
3.376300430297851562e+01
3.375768280029296875e+01
3.392558670043945312e+01
3.409611511230468750e+01
3.414019012451171875e+01
3.404136657714843750e+01
3.384562683105468750e+01
3.389775085449218750e+01
3.397949600219726562e+01
3.394981765747070312e+01
3.381972503662109375e+01
3.397032546997070312e+01
3.429011154174804688e+01
3.441777038574218750e+01
3.465317535400390625e+01
3.559098434448242188e+01
3.573266220092773438e+01
3.544274902343750000e+01
3.560900497436523438e+01
3.591162872314453125e+01
3.648736953735351562e+01
3.660725021362304688e+01
3.630363845825195312e+01
3.603845977783203125e+01
3.527909088134765625e+01
3.443400955200195312e+01
3.428133773803710938e+01
3.491591262817382812e+01
3.434220123291015625e+01
3.420373535156250000e+01
3.415849685668945312e+01
3.426155090332031250e+01
3.439570236206054688e+01
3.445818710327148438e+01
3.460433578491210938e+01
3.471027755737304688e+01
3.462852478027343750e+01
3.452201461791992188e+01
3.457548522949218750e+01
3.432386398315429688e+01
3.432340240478515625e+01
3.477774429321289062e+01
3.473139190673828125e+01
3.485121917724609375e+01
3.538656616210937500e+01
3.488148498535156250e+01
3.422673416137695312e+01
3.404043960571289062e+01
3.433643722534179688e+01
3.408952713012695312e+01
3.374740219116210938e+01
3.371590423583984375e+01
3.387076187133789062e+01
3.401672363281250000e+01
3.437313842773437500e+01
3.437722778320312500e+01
3.409811401367187500e+01
3.414782333374023438e+01
3.433495330810546875e+01
3.431083679199218750e+01
3.415914535522460938e+01
3.419083786010742188e+01
3.431257629394531250e+01
3.426256561279296875e+01
3.390647506713867188e+01
3.378698730468750000e+01
3.390419769287109375e+01
3.417123413085937500e+01
3.428476715087890625e+01
3.431549072265625000e+01
3.472569656372070312e+01
3.546046447753906250e+01
3.604604339599609375e+01
3.626975631713867188e+01
3.654462814331054688e+01
