2.526898574829101562e+01
2.455982780456542969e+01
2.417186546325683594e+01
2.432165527343750000e+01
2.414648628234863281e+01
2.282979202270507812e+01
2.198914718627929688e+01
2.168965721130371094e+01
2.164479637145996094e+01
2.156175994873046875e+01
2.152050781250000000e+01
2.147459793090820312e+01
2.232602882385253906e+01
2.253730392456054688e+01
2.239708518981933594e+01
2.233029747009277344e+01
2.209508895874023438e+01
2.141379165649414062e+01
2.128101921081542969e+01
2.122222518920898438e+01
2.113409614562988281e+01
2.107704162597656250e+01
2.107705497741699219e+01
2.118862152099609375e+01
2.125430488586425781e+01
2.105867385864257812e+01
2.101922225952148438e+01
2.092727088928222656e+01
2.089474678039550781e+01
2.099259757995605469e+01
2.104428100585937500e+01
2.113341903686523438e+01
2.116226196289062500e+01
2.120072937011718750e+01
2.120429420471191406e+01
2.119621276855468750e+01
2.115002059936523438e+01
2.121541976928710938e+01
2.121291732788085938e+01
2.126562881469726562e+01
2.121268844604492188e+01
2.182760429382324219e+01
2.208824348449707031e+01
2.186888885498046875e+01
2.155632591247558594e+01
2.142781448364257812e+01
2.134137344360351562e+01
2.124082946777343750e+01
2.109470748901367188e+01
2.103348922729492188e+01
2.093678855895996094e+01
2.091589546203613281e+01
2.094316673278808594e+01
2.090451812744140625e+01
2.096163558959960938e+01
2.125042724609375000e+01
2.166304397583007812e+01
2.179878807067871094e+01
2.145765304565429688e+01
2.133931732177734375e+01
2.179267120361328125e+01
2.138149642944335938e+01
2.077418136596679688e+01
2.055381774902343750e+01
2.058195877075195312e+01
2.068689155578613281e+01
2.084013175964355469e+01
2.093140983581542969e+01
2.109687423706054688e+01
2.083110046386718750e+01
2.089361381530761719e+01
2.103878784179687500e+01
2.128728294372558594e+01
2.139048004150390625e+01
2.173694801330566406e+01
2.216915893554687500e+01
2.306354141235351562e+01
2.343569374084472656e+01
2.364471244812011719e+01
2.379742813110351562e+01
2.402222824096679688e+01
2.397421264648437500e+01
2.391925048828125000e+01
2.373744392395019531e+01
2.337073135375976562e+01
2.296625518798828125e+01
2.306776046752929688e+01
2.417366218566894531e+01
2.441170692443847656e+01
2.433074951171875000e+01
2.436983871459960938e+01
