3.401585006713867188e+01
3.436934661865234375e+01
3.406436157226562500e+01
3.362598037719726562e+01
3.342580795288085938e+01
3.385086441040039062e+01
3.437454986572265625e+01
3.420512390136718750e+01
3.368806076049804688e+01
3.366609954833984375e+01
3.377949905395507812e+01
3.383159255981445312e+01
3.389472579956054688e+01
3.375439071655273438e+01
3.379299545288085938e+01
3.401211547851562500e+01
3.394745254516601562e+01
3.376850509643554688e+01
3.378432464599609375e+01
3.395170974731445312e+01
3.439144515991210938e+01
3.429091644287109375e+01
3.424332809448242188e+01
3.458134460449218750e+01
3.499845123291015625e+01
3.545472335815429688e+01
3.570170974731445312e+01
3.558541107177734375e+01
3.526107025146484375e+01
3.513034057617187500e+01
3.472158050537109375e+01
3.456561279296875000e+01
3.421975708007812500e+01
3.400137710571289062e+01
3.405830001831054688e+01
3.437980270385742188e+01
3.518923568725585938e+01
3.527116775512695312e+01
3.531592941284179688e+01
3.516921615600585938e+01
3.498851013183593750e+01
3.487453460693359375e+01
3.482699584960937500e+01
3.430895233154296875e+01
3.429137039184570312e+01
3.483441543579101562e+01
3.518517684936523438e+01
3.493191146850585938e+01
3.399958801269531250e+01
3.337049102783203125e+01
3.350112152099609375e+01
3.402239990234375000e+01
3.435094070434570312e+01
3.471516036987304688e+01
3.478059768676757812e+01
3.519889831542968750e+01
3.487364196777343750e+01
3.449008560180664062e+01
3.451292800903320312e+01
3.566508102416992188e+01
3.548535156250000000e+01
3.473491287231445312e+01
3.427380371093750000e+01
3.442570877075195312e+01
3.444159317016601562e+01
3.416275405883789062e+01
3.392466354370117188e+01
3.373696517944335938e+01
3.389527130126953125e+01
3.401620864868164062e+01
3.412607192993164062e+01
3.429413604736328125e+01
3.450600814819335938e+01
3.504005050659179688e+01
3.529288864135742188e+01
3.495977783203125000e+01
3.475467300415039062e+01
3.471466827392578125e+01
3.479207229614257812e+01
3.500879287719726562e+01
3.520460128784179688e+01
3.518800354003906250e+01
3.526140213012695312e+01
3.498834991455078125e+01
3.480623245239257812e+01
3.469762039184570312e+01
3.456519699096679688e+01
3.425614929199218750e+01
3.406119918823242188e+01
3.419205474853515625e+01
3.441591644287109375e+01
3.452587127685546875e+01
3.480744934082031250e+01
3.466050338745117188e+01
3.433839797973632812e+01
3.424960327148437500e+01
3.435015869140625000e+01
3.444893264770507812e+01
3.459075164794921875e+01
3.516891479492187500e+01
3.537007522583007812e+01
3.499534225463867188e+01
3.475719070434570312e+01
3.432420730590820312e+01
3.385814666748046875e+01
3.332294845581054688e+01
3.281113433837890625e+01
