2.115176773071289062e+01
2.137289428710937500e+01
2.199054145812988281e+01
2.233838844299316406e+01
2.249941635131835938e+01
2.261001777648925781e+01
2.278291130065917969e+01
2.279153442382812500e+01
2.279824447631835938e+01
2.271790695190429688e+01
2.243002891540527344e+01
2.224730873107910156e+01
2.231493759155273438e+01
2.242826843261718750e+01
2.247363471984863281e+01
2.242921638488769531e+01
2.242098808288574219e+01
2.250491142272949219e+01
2.260768318176269531e+01
2.270337104797363281e+01
2.288181114196777344e+01
2.302704048156738281e+01
2.298006248474121094e+01
2.289107894897460938e+01
2.279700088500976562e+01
2.266376113891601562e+01
2.251462554931640625e+01
2.244225883483886719e+01
2.286071968078613281e+01
2.325283432006835938e+01
2.337120437622070312e+01
2.333320617675781250e+01
2.317840957641601562e+01
2.288833808898925781e+01
2.271458053588867188e+01
2.267507553100585938e+01
2.259888839721679688e+01
2.258037757873535156e+01
2.261810493469238281e+01
2.271828842163085938e+01
2.282934761047363281e+01
2.279905128479003906e+01
2.281814002990722656e+01
2.274712371826171875e+01
2.281127738952636719e+01
2.302321052551269531e+01
2.316393089294433594e+01
2.330581855773925781e+01
2.346987342834472656e+01
2.348418045043945312e+01
2.348252487182617188e+01
2.332651329040527344e+01
2.317103385925292969e+01
2.306333732604980469e+01
2.303783988952636719e+01
2.303865242004394531e+01
2.302153015136718750e+01
2.304302024841308594e+01
2.308139991760253906e+01
2.316970062255859375e+01
2.331626892089843750e+01
2.332642173767089844e+01
2.332790946960449219e+01
2.345446968078613281e+01
2.359837532043457031e+01
2.363150024414062500e+01
2.362182998657226562e+01
2.356003189086914062e+01
2.350834274291992188e+01
2.345380973815917969e+01
2.341944313049316406e+01
2.334459114074707031e+01
2.316938209533691406e+01
2.289738845825195312e+01
2.269079971313476562e+01
2.280550575256347656e+01
2.309095382690429688e+01
2.321581268310546875e+01
2.330713653564453125e+01
2.339456939697265625e+01
2.332744789123535156e+01
2.336251831054687500e+01
2.335536003112792969e+01
2.343121337890625000e+01
2.331422424316406250e+01
2.331755638122558594e+01
2.311799812316894531e+01
2.304864883422851562e+01
2.296035957336425781e+01
2.297422409057617188e+01
2.299637031555175781e+01
2.310368728637695312e+01
2.306793212890625000e+01
2.304202079772949219e+01
2.298117256164550781e+01
2.292397308349609375e+01
2.281869125366210938e+01
2.271286010742187500e+01
2.261166381835937500e+01
2.253701210021972656e+01
2.259688568115234375e+01
2.278246116638183594e+01
2.305359458923339844e+01
