3.438597488403320312e+01
3.441708755493164062e+01
3.401799774169921875e+01
3.384711837768554688e+01
3.383777236938476562e+01
3.368312072753906250e+01
3.375709915161132812e+01
3.387553024291992188e+01
3.386563491821289062e+01
3.360249328613281250e+01
3.339068222045898438e+01
3.320311355590820312e+01
3.303163528442382812e+01
3.290806961059570312e+01
3.305753326416015625e+01
3.336463546752929688e+01
3.343922042846679688e+01
3.332482910156250000e+01
3.307637405395507812e+01
3.309665298461914062e+01
3.324137496948242188e+01
3.343422317504882812e+01
3.345239639282226562e+01
3.337074661254882812e+01
3.328645324707031250e+01
3.329046630859375000e+01
3.350719451904296875e+01
3.353784561157226562e+01
3.364631271362304688e+01
3.372058868408203125e+01
3.357974243164062500e+01
3.356324386596679688e+01
3.359560775756835938e+01
3.358764266967773438e+01
3.357238388061523438e+01
3.363156509399414062e+01
3.372208023071289062e+01
3.385537719726562500e+01
3.391080093383789062e+01
3.390993118286132812e+01
3.390082168579101562e+01
3.394395446777343750e+01
3.406407546997070312e+01
3.409629440307617188e+01
3.416878890991210938e+01
3.438131332397460938e+01
3.477307891845703125e+01
3.518642425537109375e+01
3.571633529663085938e+01
3.577317428588867188e+01
3.597727584838867188e+01
3.560730361938476562e+01
3.531971740722656250e+01
3.524916839599609375e+01
3.504927825927734375e+01
3.460541152954101562e+01
3.431619644165039062e+01
3.395847702026367188e+01
3.361388015747070312e+01
3.362276840209960938e+01
3.378779220581054688e+01
3.388246154785156250e+01
3.370095443725585938e+01
3.337606811523437500e+01
3.310739898681640625e+01
3.305326843261718750e+01
3.319477844238281250e+01
3.343371200561523438e+01
3.366924667358398438e+01
3.365538024902343750e+01
3.357604980468750000e+01
3.374721908569335938e+01
3.439458084106445312e+01
3.512915802001953125e+01
3.542468261718750000e+01
3.474369812011718750e+01
3.401355743408203125e+01
3.365903854370117188e+01
3.345080566406250000e+01
3.343655395507812500e+01
3.358724594116210938e+01
3.378134155273437500e+01
3.383594131469726562e+01
3.382884979248046875e+01
3.381565856933593750e+01
3.392356109619140625e+01
3.387589263916015625e+01
3.399641799926757812e+01
3.388421249389648438e+01
3.398182678222656250e+01
3.407191848754882812e+01
3.413423156738281250e+01
3.406299209594726562e+01
3.396451187133789062e+01
3.386165618896484375e+01
3.394374084472656250e+01
3.393798065185546875e+01
3.374659729003906250e+01
3.345380401611328125e+01
3.338277053833007812e+01
3.365943527221679688e+01
3.399575424194335938e+01
3.421716690063476562e+01
