2.410120391845703125e+01
2.443315124511718750e+01
2.494243431091308594e+01
2.544206619262695312e+01
2.547444915771484375e+01
2.591055297851562500e+01
2.620369529724121094e+01
2.615364074707031250e+01
2.600045585632324219e+01
2.564522933959960938e+01
2.565531349182128906e+01
2.575631904602050781e+01
2.610770225524902344e+01
2.640165901184082031e+01
2.696022605895996094e+01
2.746310615539550781e+01
2.792409324645996094e+01
2.761390113830566406e+01
2.727685546875000000e+01
2.683926391601562500e+01
2.673662376403808594e+01
2.681218719482421875e+01
2.682630920410156250e+01
2.673344612121582031e+01
2.661091423034667969e+01
2.660694122314453125e+01
2.665262603759765625e+01
2.666222381591796875e+01
2.665237045288085938e+01
2.659375572204589844e+01
2.674025726318359375e+01
2.692068290710449219e+01
2.706162071228027344e+01
2.697269630432128906e+01
2.695024299621582031e+01
2.690407943725585938e+01
2.683708000183105469e+01
2.680491828918457031e+01
2.697188377380371094e+01
2.705920600891113281e+01
2.709969711303710938e+01
2.711430931091308594e+01
2.714740180969238281e+01
2.699758148193359375e+01
2.691119766235351562e+01
2.681600761413574219e+01
2.660401153564453125e+01
2.642160034179687500e+01
2.616465377807617188e+01
2.598209381103515625e+01
2.584884071350097656e+01
2.577365303039550781e+01
2.593607902526855469e+01
2.621430015563964844e+01
2.644916725158691406e+01
2.655854797363281250e+01
2.648741531372070312e+01
2.640850830078125000e+01
2.641003036499023438e+01
2.639921188354492188e+01
2.636996459960937500e+01
2.639041137695312500e+01
2.639397430419921875e+01
2.641563796997070312e+01
2.639435195922851562e+01
2.633808517456054688e+01
2.631469917297363281e+01
2.630978393554687500e+01
2.623683738708496094e+01
2.623106956481933594e+01
2.628914070129394531e+01
2.633158683776855469e+01
2.644259643554687500e+01
2.646123504638671875e+01
2.649988555908203125e+01
2.655189704895019531e+01
2.667576026916503906e+01
2.669759941101074219e+01
2.653707504272460938e+01
2.636294937133789062e+01
2.623347091674804688e+01
2.614775085449218750e+01
2.600829315185546875e+01
2.583320045471191406e+01
2.561975669860839844e+01
2.548870086669921875e+01
2.554920387268066406e+01
2.545647239685058594e+01
2.555854034423828125e+01
2.563320159912109375e+01
2.544621086120605469e+01
2.537063407897949219e+01
2.541171646118164062e+01
2.576507186889648438e+01
2.587734985351562500e+01
2.609273719787597656e+01
2.602212142944335938e+01
2.593498039245605469e+01
2.593645095825195312e+01
2.576647377014160156e+01
2.616956520080566406e+01
2.666656684875488281e+01
