3.630041122436523438e+01
3.540022659301757812e+01
3.481713867187500000e+01
3.532904815673828125e+01
3.581941223144531250e+01
3.604268264770507812e+01
3.520375061035156250e+01
3.462630081176757812e+01
3.434651565551757812e+01
3.453147506713867188e+01
3.496482849121093750e+01
3.506747436523437500e+01
3.497700500488281250e+01
3.496422576904296875e+01
3.494753265380859375e+01
3.480181121826171875e+01
3.470636367797851562e+01
3.463473510742187500e+01
3.438046646118164062e+01
3.413026046752929688e+01
3.398426818847656250e+01
3.371677780151367188e+01
3.352348327636718750e+01
3.363784790039062500e+01
3.378062820434570312e+01
3.381332778930664062e+01
3.391305541992187500e+01
3.420051956176757812e+01
3.439190292358398438e+01
3.463694763183593750e+01
3.467268753051757812e+01
3.469036483764648438e+01
3.465968322753906250e+01
3.463428497314453125e+01
3.506553649902343750e+01
3.575316238403320312e+01
3.668695068359375000e+01
3.664777755737304688e+01
3.601337051391601562e+01
3.568395614624023438e+01
3.548763275146484375e+01
3.520555496215820312e+01
3.512291336059570312e+01
3.517120742797851562e+01
3.521302413940429688e+01
3.526095581054687500e+01
3.527651596069335938e+01
3.495761489868164062e+01
3.471014022827148438e+01
3.432540130615234375e+01
3.425537109375000000e+01
3.425124359130859375e+01
3.382247543334960938e+01
3.386471939086914062e+01
3.410935592651367188e+01
3.419593811035156250e+01
3.438661193847656250e+01
3.446408081054687500e+01
3.527171707153320312e+01
3.544611358642578125e+01
3.494934463500976562e+01
3.456695175170898438e+01
3.437658691406250000e+01
3.437190628051757812e+01
3.443968200683593750e+01
3.453228759765625000e+01
3.463240432739257812e+01
3.453607559204101562e+01
3.457663345336914062e+01
3.447433090209960938e+01
3.438732147216796875e+01
3.464381408691406250e+01
3.488695907592773438e+01
3.477198791503906250e+01
3.478924179077148438e+01
3.461605834960937500e+01
3.479941940307617188e+01
3.488918685913085938e+01
3.500243377685546875e+01
3.534021377563476562e+01
3.547458267211914062e+01
3.517947006225585938e+01
3.431896591186523438e+01
3.395673751831054688e+01
3.415325927734375000e+01
3.430989837646484375e+01
3.420750427246093750e+01
3.425266265869140625e+01
3.443621063232421875e+01
3.461414337158203125e+01
3.477064895629882812e+01
3.502532958984375000e+01
3.545823669433593750e+01
3.566946792602539062e+01
3.589200592041015625e+01
3.587713241577148438e+01
3.571597671508789062e+01
3.563473129272460938e+01
3.566583633422851562e+01
3.598976135253906250e+01
3.663537979125976562e+01
3.701746749877929688e+01
3.752393341064453125e+01
3.789378738403320312e+01
