3.295198440551757812e+01
3.335774993896484375e+01
3.375263595581054688e+01
3.400481796264648438e+01
3.446857452392578125e+01
3.525963973999023438e+01
3.592320632934570312e+01
3.576171493530273438e+01
3.576334381103515625e+01
3.495117568969726562e+01
3.400319671630859375e+01
3.368912506103515625e+01
3.340021896362304688e+01
3.288783264160156250e+01
3.234910964965820312e+01
3.229228591918945312e+01
3.236764907836914062e+01
3.245196914672851562e+01
3.228748321533203125e+01
3.242568969726562500e+01
3.287874221801757812e+01
3.351387786865234375e+01
3.335166549682617188e+01
3.316223144531250000e+01
3.304140853881835938e+01
3.238790512084960938e+01
3.219587326049804688e+01
3.237120056152343750e+01
3.235344696044921875e+01
3.227874755859375000e+01
3.267665863037109375e+01
3.270939254760742188e+01
3.265716171264648438e+01
3.234632873535156250e+01
3.221997070312500000e+01
3.228907394409179688e+01
3.242672729492187500e+01
3.277865600585937500e+01
3.299859237670898438e+01
3.320161056518554688e+01
3.335483169555664062e+01
3.329185104370117188e+01
3.323329925537109375e+01
3.312259292602539062e+01
3.325794601440429688e+01
3.345538330078125000e+01
3.350695037841796875e+01
3.355779647827148438e+01
3.362844848632812500e+01
3.373642349243164062e+01
3.377019882202148438e+01
3.370895385742187500e+01
3.355014419555664062e+01
3.368405532836914062e+01
3.370955276489257812e+01
3.351738357543945312e+01
3.348586654663085938e+01
3.356125640869140625e+01
3.364576721191406250e+01
3.387183761596679688e+01
3.413177871704101562e+01
3.432200622558593750e+01
3.442878723144531250e+01
3.441369247436523438e+01
3.455274200439453125e+01
3.452193450927734375e+01
3.456319427490234375e+01
3.455394744873046875e+01
3.450570678710937500e+01
3.426856613159179688e+01
3.409299087524414062e+01
3.404647827148437500e+01
3.391025924682617188e+01
3.398463058471679688e+01
3.415287017822265625e+01
3.427809524536132812e+01
3.434970474243164062e+01
3.430856323242187500e+01
3.418235397338867188e+01
3.422426223754882812e+01
3.439485168457031250e+01
3.455793380737304688e+01
3.449803924560546875e+01
3.470253372192382812e+01
3.494723510742187500e+01
3.481958389282226562e+01
3.453644180297851562e+01
3.443941116333007812e+01
3.439552307128906250e+01
3.462056350708007812e+01
3.493421173095703125e+01
3.564330673217773438e+01
3.617734146118164062e+01
3.617177963256835938e+01
3.520497512817382812e+01
3.579514312744140625e+01
3.587838363647460938e+01
3.512241363525390625e+01
3.447511291503906250e+01
3.636481475830078125e+01
3.645396423339843750e+01
3.651843643188476562e+01
