3.786460113525390625e+01
3.804830932617187500e+01
3.824502944946289062e+01
3.837121963500976562e+01
3.847856140136718750e+01
3.837205886840820312e+01
3.827452850341796875e+01
3.824707794189453125e+01
3.831935501098632812e+01
3.829600143432617188e+01
3.836532211303710938e+01
3.865811538696289062e+01
3.870034027099609375e+01
3.868444061279296875e+01
3.838390731811523438e+01
3.786984634399414062e+01
3.804670715332031250e+01
3.813468933105468750e+01
3.821796035766601562e+01
3.824176025390625000e+01
3.824176788330078125e+01
3.830860519409179688e+01
3.828799057006835938e+01
3.819094848632812500e+01
3.825587463378906250e+01
3.839221191406250000e+01
3.811867523193359375e+01
3.783975982666015625e+01
3.760904693603515625e+01
3.740288543701171875e+01
3.751576614379882812e+01
3.777545928955078125e+01
3.775988006591796875e+01
3.769895553588867188e+01
3.748936080932617188e+01
3.732382965087890625e+01
3.723525619506835938e+01
3.721320343017578125e+01
3.698538208007812500e+01
3.701717376708984375e+01
3.721459579467773438e+01
3.732017898559570312e+01
3.740643692016601562e+01
3.740179061889648438e+01
3.738762664794921875e+01
3.742946624755859375e+01
3.726396942138671875e+01
3.712536239624023438e+01
3.713959503173828125e+01
3.744826889038085938e+01
3.767691040039062500e+01
3.776409530639648438e+01
3.769018554687500000e+01
3.708343505859375000e+01
3.698641204833984375e+01
3.744108581542968750e+01
3.773966598510742188e+01
3.788322830200195312e+01
3.803234863281250000e+01
3.796119308471679688e+01
3.807940673828125000e+01
3.839785766601562500e+01
3.868556213378906250e+01
3.857441329956054688e+01
3.831038665771484375e+01
3.800264358520507812e+01
3.785444259643554688e+01
3.785518646240234375e+01
3.786659622192382812e+01
3.774015045166015625e+01
3.701071166992187500e+01
3.618764877319335938e+01
3.750445175170898438e+01
3.778563308715820312e+01
3.772314071655273438e+01
3.770332717895507812e+01
3.762598800659179688e+01
3.734976196289062500e+01
3.743085098266601562e+01
3.758050537109375000e+01
3.763816070556640625e+01
3.759406661987304688e+01
3.751581573486328125e+01
3.750080490112304688e+01
3.729906082153320312e+01
3.716264343261718750e+01
3.718058013916015625e+01
3.731520080566406250e+01
3.765343856811523438e+01
3.783968734741210938e+01
3.763788223266601562e+01
3.737309646606445312e+01
3.747370910644531250e+01
3.684013748168945312e+01
3.514418411254882812e+01
