3.467200469970703125e+01
3.454722213745117188e+01
3.335560226440429688e+01
3.211943435668945312e+01
3.150940895080566406e+01
3.204069519042968750e+01
3.313946151733398438e+01
3.382647705078125000e+01
3.403557586669921875e+01
3.365114212036132812e+01
3.318464279174804688e+01
3.340776062011718750e+01
3.321646499633789062e+01
3.237313842773437500e+01
3.146985435485839844e+01
3.074356842041015625e+01
3.036034584045410156e+01
3.022681999206542969e+01
2.974009895324707031e+01
2.943439674377441406e+01
2.925247764587402344e+01
2.942605018615722656e+01
2.970501518249511719e+01
3.030333328247070312e+01
3.090888023376464844e+01
3.110764312744140625e+01
3.117714118957519531e+01
3.120519256591796875e+01
3.087373924255371094e+01
3.064661598205566406e+01
3.068596458435058594e+01
3.129810523986816406e+01
3.189269638061523438e+01
3.223543167114257812e+01
3.273780059814453125e+01
3.243886947631835938e+01
3.159896469116210938e+01
3.139155769348144531e+01
3.141153526306152344e+01
3.189747047424316406e+01
3.167448234558105469e+01
3.164129829406738281e+01
3.156336784362792969e+01
3.106287574768066406e+01
3.096412467956542969e+01
3.107529449462890625e+01
3.140121078491210938e+01
3.171196365356445312e+01
3.186060905456542969e+01
3.206166839599609375e+01
3.217623519897460938e+01
3.248072052001953125e+01
3.236989593505859375e+01
3.222080993652343750e+01
3.190018463134765625e+01
3.187468719482421875e+01
3.178606414794921875e+01
3.203737258911132812e+01
3.235454940795898438e+01
3.246173477172851562e+01
3.244203567504882812e+01
3.185913085937500000e+01
3.154173851013183594e+01
3.136624336242675781e+01
3.130221176147460938e+01
3.148199272155761719e+01
3.169521713256835938e+01
3.205998992919921875e+01
3.209660339355468750e+01
3.214973068237304688e+01
3.223715591430664062e+01
3.194728469848632812e+01
3.185962677001953125e+01
3.239709854125976562e+01
3.268983840942382812e+01
3.276842880249023438e+01
3.276384353637695312e+01
3.289776992797851562e+01
3.283206176757812500e+01
3.317919158935546875e+01
3.381703948974609375e+01
3.478924942016601562e+01
3.559586715698242188e+01
3.497482299804687500e+01
3.433001708984375000e+01
3.417921447753906250e+01
3.393846511840820312e+01
3.431566238403320312e+01
3.462538909912109375e+01
3.458665084838867188e+01
3.392956161499023438e+01
3.315246582031250000e+01
3.237405014038085938e+01
3.197250938415527344e+01
3.240483093261718750e+01
3.328690719604492188e+01
