3.389190673828125000e+01
3.385043716430664062e+01
3.378552627563476562e+01
3.386078262329101562e+01
3.399093246459960938e+01
3.409848785400390625e+01
3.403870773315429688e+01
3.384890365600585938e+01
3.405818557739257812e+01
3.440564346313476562e+01
3.431882095336914062e+01
3.415893173217773438e+01
3.374419784545898438e+01
3.357810211181640625e+01
3.324859237670898438e+01
3.307217025756835938e+01
3.354577636718750000e+01
3.418782806396484375e+01
3.434305953979492188e+01
3.401001358032226562e+01
3.351858139038085938e+01
3.313942337036132812e+01
3.307875061035156250e+01
3.326111984252929688e+01
3.336529922485351562e+01
3.331398010253906250e+01
3.332820892333984375e+01
3.341664886474609375e+01
3.349464416503906250e+01
3.391505813598632812e+01
3.410403442382812500e+01
3.408436584472656250e+01
3.415042495727539062e+01
3.432126617431640625e+01
3.425603866577148438e+01
3.394346237182617188e+01
3.368478775024414062e+01
3.356504440307617188e+01
3.348828887939453125e+01
3.339284133911132812e+01
3.359709930419921875e+01
3.394630432128906250e+01
3.419970703125000000e+01
3.435893249511718750e+01
3.413086318969726562e+01
3.342271423339843750e+01
3.277060699462890625e+01
3.276792526245117188e+01
3.285321807861328125e+01
3.305551147460937500e+01
3.326065063476562500e+01
3.328610992431640625e+01
3.290823745727539062e+01
3.266220474243164062e+01
3.233311843872070312e+01
3.250444412231445312e+01
3.267581939697265625e+01
3.283248138427734375e+01
3.314263916015625000e+01
3.300251007080078125e+01
3.278981399536132812e+01
3.295186996459960938e+01
3.313340377807617188e+01
3.302739715576171875e+01
3.295471954345703125e+01
3.324306488037109375e+01
3.367317581176757812e+01
3.394115066528320312e+01
3.395130920410156250e+01
3.389231491088867188e+01
3.367493820190429688e+01
3.350409317016601562e+01
3.346173477172851562e+01
3.354418945312500000e+01
3.368245315551757812e+01
3.369067001342773438e+01
3.346075057983398438e+01
3.320238113403320312e+01
3.301552200317382812e+01
3.318944549560546875e+01
3.349636840820312500e+01
3.371395111083984375e+01
3.370011901855468750e+01
3.337954711914062500e+01
3.315753936767578125e+01
3.318742752075195312e+01
3.323172378540039062e+01
3.307035064697265625e+01
3.271674346923828125e+01
3.271232604980468750e+01
3.288726425170898438e+01
3.301215362548828125e+01
3.307253646850585938e+01
3.320063018798828125e+01
3.293144607543945312e+01
3.248814392089843750e+01
3.242746353149414062e+01
3.257508468627929688e+01
3.281559371948242188e+01
3.277491760253906250e+01
3.280521774291992188e+01
3.283192062377929688e+01
3.257685089111328125e+01
3.212004470825195312e+01
