2.660287284851074219e+01
2.632078361511230469e+01
2.646765708923339844e+01
2.700405502319335938e+01
2.712310981750488281e+01
2.712662315368652344e+01
2.695715713500976562e+01
2.681758689880371094e+01
2.677243614196777344e+01
2.649469184875488281e+01
2.623504066467285156e+01
2.636638832092285156e+01
2.640004730224609375e+01
2.660344314575195312e+01
2.680043792724609375e+01
2.676046371459960938e+01
2.673713684082031250e+01
2.672659492492675781e+01
2.687497329711914062e+01
2.725267219543457031e+01
2.759172630310058594e+01
2.765151405334472656e+01
2.767134857177734375e+01
2.744920730590820312e+01
2.736254501342773438e+01
2.734656143188476562e+01
2.726588821411132812e+01
2.722701835632324219e+01
2.728145027160644531e+01
2.720410919189453125e+01
2.726498985290527344e+01
2.718433380126953125e+01
2.705595016479492188e+01
2.721816825866699219e+01
2.734021568298339844e+01
2.731196212768554688e+01
2.712620925903320312e+01
2.682027435302734375e+01
2.670892143249511719e+01
2.685475921630859375e+01
2.683504676818847656e+01
2.647657394409179688e+01
2.619674873352050781e+01
2.609840583801269531e+01
2.618281555175781250e+01
2.629536247253417969e+01
2.637171363830566406e+01
2.656302261352539062e+01
2.664501571655273438e+01
2.678658294677734375e+01
2.696864318847656250e+01
2.688544082641601562e+01
2.663151550292968750e+01
2.680832099914550781e+01
2.686263847351074219e+01
2.693787574768066406e+01
2.707858657836914062e+01
2.692250061035156250e+01
2.672342300415039062e+01
2.641539382934570312e+01
2.609146308898925781e+01
2.587806320190429688e+01
2.621139907836914062e+01
2.648856163024902344e+01
2.682163047790527344e+01
2.703843879699707031e+01
2.720781135559082031e+01
2.742108535766601562e+01
2.753674125671386719e+01
2.767675971984863281e+01
2.777737236022949219e+01
2.772569084167480469e+01
2.763969993591308594e+01
2.737481498718261719e+01
2.689637374877929688e+01
2.677973365783691406e+01
2.674462699890136719e+01
2.686125373840332031e+01
2.703127861022949219e+01
2.696431922912597656e+01
2.698194313049316406e+01
2.714139175415039062e+01
2.718299674987792969e+01
2.707188987731933594e+01
2.683114814758300781e+01
2.653477096557617188e+01
2.645660018920898438e+01
2.654005813598632812e+01
2.664208030700683594e+01
2.668486213684082031e+01
2.646620941162109375e+01
2.637317085266113281e+01
2.639939308166503906e+01
2.634879493713378906e+01
2.643831062316894531e+01
2.654041862487792969e+01
2.638724327087402344e+01
2.631385993957519531e+01
2.624068450927734375e+01
2.632383346557617188e+01
2.634444808959960938e+01
2.610069084167480469e+01
2.609121131896972656e+01
2.640522575378417969e+01
