2.971994400024414062e+01
2.885608482360839844e+01
2.846965599060058594e+01
2.814826965332031250e+01
2.833201026916503906e+01
2.902209091186523438e+01
2.942148208618164062e+01
3.016564178466796875e+01
3.077372169494628906e+01
3.084082221984863281e+01
3.032079315185546875e+01
3.002582168579101562e+01
2.993454742431640625e+01
2.985788917541503906e+01
2.972126960754394531e+01
3.010683250427246094e+01
3.072289466857910156e+01
3.101721763610839844e+01
3.121531105041503906e+01
3.146205520629882812e+01
3.124896240234375000e+01
3.121514320373535156e+01
3.111746597290039062e+01
3.101351356506347656e+01
3.094433784484863281e+01
3.130809020996093750e+01
3.127846908569335938e+01
3.058847427368164062e+01
2.897870445251464844e+01
2.867162704467773438e+01
2.865767860412597656e+01
2.869997787475585938e+01
2.866133117675781250e+01
2.861972427368164062e+01
2.913679695129394531e+01
2.923876380920410156e+01
2.977837371826171875e+01
3.012706947326660156e+01
3.017251205444335938e+01
2.909003067016601562e+01
2.820514488220214844e+01
2.748188591003417969e+01
2.730178642272949219e+01
2.722664642333984375e+01
2.717870330810546875e+01
2.735787773132324219e+01
2.780500984191894531e+01
2.873924446105957031e+01
2.934162330627441406e+01
2.981432342529296875e+01
2.998633384704589844e+01
2.966920089721679688e+01
2.974953460693359375e+01
3.007056617736816406e+01
2.985171699523925781e+01
2.930249023437500000e+01
2.889685821533203125e+01
2.848241043090820312e+01
2.838420104980468750e+01
2.843029785156250000e+01
2.849042701721191406e+01
2.824861526489257812e+01
2.790454864501953125e+01
2.775344848632812500e+01
2.745870971679687500e+01
2.750529289245605469e+01
2.759125900268554688e+01
2.766456604003906250e+01
2.784429550170898438e+01
2.781888008117675781e+01
2.765837478637695312e+01
2.763085937500000000e+01
2.767030906677246094e+01
2.743285369873046875e+01
2.730924034118652344e+01
2.732299232482910156e+01
2.755015563964843750e+01
2.820361137390136719e+01
2.889834594726562500e+01
3.010839080810546875e+01
3.080660247802734375e+01
3.025751876831054688e+01
2.957354736328125000e+01
2.895548248291015625e+01
2.928385734558105469e+01
2.950837326049804688e+01
3.024863052368164062e+01
3.065608596801757812e+01
3.102500152587890625e+01
3.093063545227050781e+01
3.031497192382812500e+01
2.934184074401855469e+01
2.914188766479492188e+01
3.010042381286621094e+01
3.093430519104003906e+01
3.108750915527343750e+01
3.082151985168457031e+01
3.116724395751953125e+01
3.103378486633300781e+01
3.002249336242675781e+01
2.941870880126953125e+01
2.838408851623535156e+01
2.854301452636718750e+01
2.807151412963867188e+01
2.922596740722656250e+01
3.090793991088867188e+01
