3.238525390625000000e+01
3.254137802124023438e+01
3.281221771240234375e+01
3.318824005126953125e+01
3.325696945190429688e+01
3.352219772338867188e+01
3.370339965820312500e+01
3.381932449340820312e+01
3.338626480102539062e+01
3.287517166137695312e+01
3.235943984985351562e+01
3.168436622619628906e+01
3.127945709228515625e+01
3.161117553710937500e+01
3.199121475219726562e+01
3.247719192504882812e+01
3.289526748657226562e+01
3.293952560424804688e+01
3.322586059570312500e+01
3.350165939331054688e+01
3.370695877075195312e+01
3.366382217407226562e+01
3.336949157714843750e+01
3.328860855102539062e+01
3.353354263305664062e+01
3.356719207763671875e+01
3.360484313964843750e+01
3.358202743530273438e+01
3.342718887329101562e+01
3.324514007568359375e+01
3.314351272583007812e+01
3.317024612426757812e+01
3.314676284790039062e+01
3.315604782104492188e+01
3.312572479248046875e+01
3.332279586791992188e+01
3.347797775268554688e+01
3.360434722900390625e+01
3.354414367675781250e+01
3.343249130249023438e+01
3.305445861816406250e+01
3.303822708129882812e+01
3.321744918823242188e+01
3.320558547973632812e+01
3.309882354736328125e+01
3.310884857177734375e+01
3.300748825073242188e+01
3.313892364501953125e+01
3.308710479736328125e+01
3.299577331542968750e+01
3.290827560424804688e+01
3.285318756103515625e+01
3.279405212402343750e+01
3.280640029907226562e+01
3.279454040527343750e+01
3.285380554199218750e+01
3.294263076782226562e+01
3.311818313598632812e+01
3.362312698364257812e+01
3.385821914672851562e+01
3.361939620971679688e+01
3.346043014526367188e+01
3.326459503173828125e+01
3.302065277099609375e+01
3.279689407348632812e+01
3.279842758178710938e+01
3.275724411010742188e+01
3.264605712890625000e+01
3.242441940307617188e+01
3.222003555297851562e+01
3.239962005615234375e+01
3.283075332641601562e+01
3.346043014526367188e+01
3.372904586791992188e+01
3.359527206420898438e+01
3.334934234619140625e+01
3.309489440917968750e+01
3.304008102416992188e+01
3.300104141235351562e+01
3.276276779174804688e+01
3.256045150756835938e+01
3.266053390502929688e+01
3.291413116455078125e+01
3.296975326538085938e+01
3.312387084960937500e+01
3.335779953002929688e+01
3.345024108886718750e+01
3.306542587280273438e+01
3.304780960083007812e+01
3.313912200927734375e+01
3.339900588989257812e+01
