3.318606185913085938e+01
3.323062133789062500e+01
3.292444610595703125e+01
3.282314682006835938e+01
3.311062622070312500e+01
3.334803771972656250e+01
3.338941955566406250e+01
3.351269912719726562e+01
3.368405532836914062e+01
3.382399368286132812e+01
3.385394287109375000e+01
3.363371276855468750e+01
3.335501861572265625e+01
3.307624053955078125e+01
3.299713516235351562e+01
3.307650375366210938e+01
3.296146774291992188e+01
3.273118591308593750e+01
3.273022842407226562e+01
3.288727188110351562e+01
3.294041061401367188e+01
3.294595718383789062e+01
3.292483520507812500e+01
3.297325515747070312e+01
3.296446990966796875e+01
3.316748046875000000e+01
3.338793563842773438e+01
3.351501464843750000e+01
3.367416763305664062e+01
3.376717758178710938e+01
3.362942886352539062e+01
3.330209732055664062e+01
3.297303771972656250e+01
3.271209335327148438e+01
3.262198638916015625e+01
3.270011138916015625e+01
3.290165328979492188e+01
3.295888137817382812e+01
3.296186065673828125e+01
3.292453765869140625e+01
3.281181335449218750e+01
3.263715744018554688e+01
3.244985198974609375e+01
3.248553466796875000e+01
3.278207397460937500e+01
3.335636901855468750e+01
3.378517913818359375e+01
3.412498092651367188e+01
3.410520172119140625e+01
3.387994766235351562e+01
3.362511825561523438e+01
3.348681259155273438e+01
3.364240264892578125e+01
3.350785827636718750e+01
3.318992996215820312e+01
3.280760955810546875e+01
3.260216903686523438e+01
3.238244628906250000e+01
3.228901290893554688e+01
3.237239456176757812e+01
3.258129882812500000e+01
3.280310821533203125e+01
3.296646881103515625e+01
3.297390747070312500e+01
3.286112594604492188e+01
3.275497436523437500e+01
3.280986404418945312e+01
3.306334304809570312e+01
3.318102264404296875e+01
3.327270889282226562e+01
3.339705657958984375e+01
3.355722045898437500e+01
3.360852432250976562e+01
3.339113998413085938e+01
3.300793457031250000e+01
3.290124130249023438e+01
3.271001052856445312e+01
3.259692001342773438e+01
3.241013717651367188e+01
3.225422286987304688e+01
3.222273254394531250e+01
3.224996566772460938e+01
3.233007049560546875e+01
3.236337280273437500e+01
3.220016479492187500e+01
3.232794952392578125e+01
3.239134216308593750e+01
3.242860031127929688e+01
3.228747558593750000e+01
3.193560981750488281e+01
3.188939094543457031e+01
3.171352767944335938e+01
3.146671867370605469e+01
3.128211402893066406e+01
3.125947189331054688e+01
