2.476972961425781250e+01
2.474003601074218750e+01
2.475225067138671875e+01
2.467155838012695312e+01
2.464736557006835938e+01
2.463322067260742188e+01
2.465887069702148438e+01
2.463144493103027344e+01
2.470013618469238281e+01
2.468178176879882812e+01
2.463837242126464844e+01
2.454360961914062500e+01
2.450589752197265625e+01
2.457836341857910156e+01
2.461774253845214844e+01
2.468978881835937500e+01
2.475853347778320312e+01
2.471450042724609375e+01
2.448382186889648438e+01
2.435088348388671875e+01
2.432879447937011719e+01
2.441566085815429688e+01
2.456533432006835938e+01
2.470914459228515625e+01
2.483449172973632812e+01
2.491747283935546875e+01
2.500403022766113281e+01
2.491893577575683594e+01
2.478141021728515625e+01
2.457809829711914062e+01
2.450786209106445312e+01
2.452721595764160156e+01
2.458288383483886719e+01
2.464808464050292969e+01
2.488891220092773438e+01
2.503357124328613281e+01
2.504311752319335938e+01
2.495018768310546875e+01
2.476115989685058594e+01
2.463537025451660156e+01
2.465004539489746094e+01
2.466002655029296875e+01
2.463538551330566406e+01
2.457722282409667969e+01
2.447376060485839844e+01
2.443861007690429688e+01
2.438469696044921875e+01
2.436964416503906250e+01
2.432246398925781250e+01
2.433360481262207031e+01
2.433665275573730469e+01
2.438839149475097656e+01
2.446775817871093750e+01
2.449011802673339844e+01
2.445948982238769531e+01
2.446959114074707031e+01
2.444765472412109375e+01
2.443048667907714844e+01
2.444123649597167969e+01
2.457591247558593750e+01
2.464422035217285156e+01
2.465702056884765625e+01
2.469916534423828125e+01
2.475832366943359375e+01
2.490960121154785156e+01
2.504112052917480469e+01
2.516045188903808594e+01
2.518182754516601562e+01
2.512663078308105469e+01
2.507600784301757812e+01
2.500302505493164062e+01
2.500731277465820312e+01
2.502462005615234375e+01
2.492387771606445312e+01
2.479422378540039062e+01
2.481444740295410156e+01
2.492034530639648438e+01
2.495452117919921875e+01
2.492879486083984375e+01
2.499729728698730469e+01
2.512093925476074219e+01
2.528929710388183594e+01
2.529351234436035156e+01
2.528401756286621094e+01
2.523424148559570312e+01
2.516930198669433594e+01
2.510339927673339844e+01
2.501696586608886719e+01
2.479514884948730469e+01
2.457836532592773438e+01
2.460495376586914062e+01
2.433432388305664062e+01
2.432791328430175781e+01
2.434905052185058594e+01
2.429821968078613281e+01
2.422199440002441406e+01
2.418895339965820312e+01
2.421041297912597656e+01
2.406947898864746094e+01
2.401713371276855469e+01
2.394194030761718750e+01
2.397335243225097656e+01
2.373719406127929688e+01
2.375260734558105469e+01
