3.363038635253906250e+01
3.363231658935546875e+01
3.380791091918945312e+01
3.354256439208984375e+01
3.354028701782226562e+01
3.418364715576171875e+01
3.471246337890625000e+01
3.490934371948242188e+01
3.476004791259765625e+01
3.468817520141601562e+01
3.482727050781250000e+01
3.485205459594726562e+01
3.480346298217773438e+01
3.503280639648437500e+01
3.497127151489257812e+01
3.475637435913085938e+01
3.457227706909179688e+01
3.448426437377929688e+01
3.451683425903320312e+01
3.457089233398437500e+01
3.464995956420898438e+01
3.485465240478515625e+01
3.506886291503906250e+01
3.530707931518554688e+01
3.530476379394531250e+01
3.495131301879882812e+01
3.496424484252929688e+01
3.500423049926757812e+01
3.511895370483398438e+01
3.556206130981445312e+01
3.657708358764648438e+01
3.719528961181640625e+01
3.726062393188476562e+01
3.723265075683593750e+01
3.719609832763671875e+01
3.708393859863281250e+01
3.682554626464843750e+01
3.609964752197265625e+01
3.562089157104492188e+01
3.530044174194335938e+01
3.500252151489257812e+01
3.473879241943359375e+01
3.468817901611328125e+01
3.472182846069335938e+01
3.467522811889648438e+01
3.464876937866210938e+01
3.463160324096679688e+01
3.434577178955078125e+01
3.432912445068359375e+01
3.458048248291015625e+01
3.495951461791992188e+01
3.468127822875976562e+01
3.459555816650390625e+01
3.521430206298828125e+01
3.525922012329101562e+01
3.556385040283203125e+01
3.547500991821289062e+01
3.487665557861328125e+01
3.497241592407226562e+01
3.485755538940429688e+01
3.464987182617187500e+01
3.444408798217773438e+01
3.440283203125000000e+01
3.461022567749023438e+01
3.496966552734375000e+01
3.558854675292968750e+01
3.610908508300781250e+01
3.649737548828125000e+01
3.648172760009765625e+01
3.631166076660156250e+01
3.596114730834960938e+01
3.545542526245117188e+01
3.538361740112304688e+01
3.540523910522460938e+01
3.511513900756835938e+01
3.462992095947265625e+01
3.440166854858398438e+01
3.455407714843750000e+01
3.476856231689453125e+01
3.498178482055664062e+01
3.500498580932617188e+01
3.481277465820312500e+01
3.463386154174804688e+01
3.451498413085937500e+01
3.447881317138671875e+01
3.458776855468750000e+01
3.476921844482421875e+01
3.472235488891601562e+01
3.468961715698242188e+01
3.461892700195312500e+01
3.476306915283203125e+01
3.515195846557617188e+01
3.509946060180664062e+01
3.479881668090820312e+01
3.472209167480468750e+01
3.460269546508789062e+01
3.448524093627929688e+01
3.440066909790039062e+01
3.436365127563476562e+01
3.426261520385742188e+01
3.441288757324218750e+01
3.505300140380859375e+01
3.490685272216796875e+01
3.434209060668945312e+01
3.435224151611328125e+01
3.442835998535156250e+01
