3.548493957519531250e+01
3.545889663696289062e+01
3.480619812011718750e+01
3.382794570922851562e+01
3.472041702270507812e+01
3.592205810546875000e+01
3.556944656372070312e+01
3.612019729614257812e+01
3.651377105712890625e+01
3.717393112182617188e+01
3.685815811157226562e+01
3.639710617065429688e+01
3.651582717895507812e+01
3.640474700927734375e+01
3.555810165405273438e+01
3.411888504028320312e+01
3.377119445800781250e+01
3.404203033447265625e+01
3.385788726806640625e+01
3.358737182617187500e+01
3.379126358032226562e+01
3.460791397094726562e+01
3.673577499389648438e+01
3.744780349731445312e+01
3.758951187133789062e+01
3.758333969116210938e+01
3.770644760131835938e+01
3.729866409301757812e+01
3.514953994750976562e+01
3.453788375854492188e+01
3.403687286376953125e+01
3.423522186279296875e+01
3.448735427856445312e+01
3.423779296875000000e+01
3.467139816284179688e+01
3.563465881347656250e+01
3.592954635620117188e+01
3.630403518676757812e+01
3.608318328857421875e+01
3.503910446166992188e+01
3.448726654052734375e+01
3.513124847412109375e+01
3.621230697631835938e+01
3.662703323364257812e+01
3.683693313598632812e+01
3.709692382812500000e+01
3.724946594238281250e+01
3.718117523193359375e+01
3.682106018066406250e+01
3.697175979614257812e+01
3.687823104858398438e+01
3.679668426513671875e+01
3.686118316650390625e+01
3.667701339721679688e+01
3.681237792968750000e+01
3.677614212036132812e+01
3.615693283081054688e+01
3.574467086791992188e+01
3.556628799438476562e+01
3.514561080932617188e+01
3.456762313842773438e+01
3.447789764404296875e+01
3.470340347290039062e+01
3.507571411132812500e+01
3.607061386108398438e+01
3.620649337768554688e+01
3.594405364990234375e+01
3.605551910400390625e+01
3.542763519287109375e+01
3.466332244873046875e+01
3.467765045166015625e+01
3.448458099365234375e+01
3.442956924438476562e+01
3.426410293579101562e+01
3.419308853149414062e+01
3.437092971801757812e+01
3.458892440795898438e+01
3.432155990600585938e+01
3.392578887939453125e+01
3.381755447387695312e+01
3.427630996704101562e+01
3.501394271850585938e+01
3.543126296997070312e+01
3.564234542846679688e+01
3.509508514404296875e+01
3.488250350952148438e+01
3.502451324462890625e+01
3.531386184692382812e+01
3.539049911499023438e+01
3.527019119262695312e+01
3.522883987426757812e+01
3.490630722045898438e+01
3.444824981689453125e+01
3.427891921997070312e+01
3.416473007202148438e+01
3.386313247680664062e+01
3.357040405273437500e+01
3.330059051513671875e+01
3.323969650268554688e+01
