2.740431976318359375e+01
2.752760887145996094e+01
2.748293685913085938e+01
2.774924278259277344e+01
2.796099281311035156e+01
2.798240089416503906e+01
2.815395164489746094e+01
2.807014274597167969e+01
2.784549522399902344e+01
2.785470199584960938e+01
2.773520851135253906e+01
2.768674087524414062e+01
2.768865013122558594e+01
2.760140800476074219e+01
2.783661460876464844e+01
2.804331207275390625e+01
2.826246833801269531e+01
2.831219673156738281e+01
2.828956985473632812e+01
2.823672866821289062e+01
2.783877944946289062e+01
2.752387046813964844e+01
2.720870780944824219e+01
2.735178565979003906e+01
2.750146293640136719e+01
2.745709228515625000e+01
2.739577484130859375e+01
2.743246459960937500e+01
2.750637245178222656e+01
2.785107803344726562e+01
2.811194801330566406e+01
2.829300117492675781e+01
2.841808891296386719e+01
2.851159477233886719e+01
2.844028854370117188e+01
2.831069183349609375e+01
2.831403350830078125e+01
2.821244430541992188e+01
2.817808914184570312e+01
2.818567848205566406e+01
2.823517799377441406e+01
2.817002105712890625e+01
2.811791610717773438e+01
2.804319190979003906e+01
2.797317886352539062e+01
2.798547172546386719e+01
2.800209999084472656e+01
2.805046272277832031e+01
2.812274169921875000e+01
2.812026214599609375e+01
2.804933738708496094e+01
2.804484558105468750e+01
2.801937294006347656e+01
2.795962524414062500e+01
2.787763404846191406e+01
2.789523506164550781e+01
2.812739753723144531e+01
2.827243995666503906e+01
2.839307022094726562e+01
2.834452438354492188e+01
2.834993553161621094e+01
2.846556091308593750e+01
2.858506393432617188e+01
2.877155494689941406e+01
2.895582580566406250e+01
2.891903114318847656e+01
2.879122352600097656e+01
2.868558311462402344e+01
2.861952018737792969e+01
2.835686111450195312e+01
2.818122673034667969e+01
2.797400665283203125e+01
2.803277397155761719e+01
2.829767799377441406e+01
2.852754592895507812e+01
2.870962905883789062e+01
2.900550270080566406e+01
2.921157073974609375e+01
2.925248908996582031e+01
2.923664855957031250e+01
2.911201667785644531e+01
2.901348686218261719e+01
2.911969757080078125e+01
2.933614921569824219e+01
2.923892974853515625e+01
2.900142478942871094e+01
2.869771575927734375e+01
2.852368164062500000e+01
2.852135848999023438e+01
2.860795974731445312e+01
2.881563758850097656e+01
2.902087020874023438e+01
2.902265167236328125e+01
2.889768409729003906e+01
2.874815750122070312e+01
2.870642852783203125e+01
2.865214157104492188e+01
2.866919708251953125e+01
2.881675338745117188e+01
