2.902205848693847656e+01
2.872000885009765625e+01
2.841683387756347656e+01
2.848490715026855469e+01
2.853213119506835938e+01
2.849103546142578125e+01
2.820865249633789062e+01
2.831752586364746094e+01
2.868822288513183594e+01
2.904837608337402344e+01
2.893736076354980469e+01
2.874072647094726562e+01
2.866841697692871094e+01
2.863005638122558594e+01
2.844506263732910156e+01
2.830035781860351562e+01
2.823844909667968750e+01
2.820237159729003906e+01
2.833348083496093750e+01
2.847978973388671875e+01
2.864183998107910156e+01
2.845326805114746094e+01
2.829362487792968750e+01
2.849853515625000000e+01
2.885163688659667969e+01
2.898982810974121094e+01
2.884830665588378906e+01
2.856405448913574219e+01
2.833670425415039062e+01
2.852204704284667969e+01
2.895310592651367188e+01
2.893455886840820312e+01
2.879979705810546875e+01
2.896000099182128906e+01
2.908374977111816406e+01
2.897662353515625000e+01
2.883527565002441406e+01
2.893455696105957031e+01
2.907355880737304688e+01
2.894221115112304688e+01
2.878828048706054688e+01
2.880051803588867188e+01
2.886144447326660156e+01
2.859360122680664062e+01
2.848221778869628906e+01
2.826493072509765625e+01
2.801837921142578125e+01
2.800081825256347656e+01
2.804872703552246094e+01
2.781599044799804688e+01
2.764339447021484375e+01
2.764825248718261719e+01
2.803452491760253906e+01
2.844940376281738281e+01
2.865851974487304688e+01
2.884574127197265625e+01
2.883843994140625000e+01
2.895702362060546875e+01
2.926118087768554688e+01
2.961853408813476562e+01
2.970755386352539062e+01
2.961500930786132812e+01
2.948170661926269531e+01
2.956785392761230469e+01
2.983144569396972656e+01
2.989121055603027344e+01
2.977559089660644531e+01
2.960791969299316406e+01
2.959074974060058594e+01
2.973352050781250000e+01
3.021173858642578125e+01
3.151576232910156250e+01
3.127540779113769531e+01
2.997715377807617188e+01
2.973783683776855469e+01
2.990563964843750000e+01
3.001198768615722656e+01
3.027199935913085938e+01
3.026642227172851562e+01
3.021607780456542969e+01
2.993423843383789062e+01
2.954753494262695312e+01
2.938124465942382812e+01
2.930424308776855469e+01
2.929382514953613281e+01
2.915926933288574219e+01
2.899881172180175781e+01
2.895766639709472656e+01
2.877109718322753906e+01
2.863795280456542969e+01
2.879250526428222656e+01
2.884679603576660156e+01
2.884309005737304688e+01
2.884045791625976562e+01
2.904826736450195312e+01
2.923014450073242188e+01
2.932285308837890625e+01
2.927386856079101562e+01
2.917149543762207031e+01
2.915399551391601562e+01
2.936778259277343750e+01
2.943264198303222656e+01
