3.055378150939941406e+01
3.074412918090820312e+01
3.148611259460449219e+01
3.163568878173828125e+01
3.160794067382812500e+01
3.181162261962890625e+01
3.178575706481933594e+01
3.124313354492187500e+01
3.063758659362792969e+01
3.057822799682617188e+01
3.077419090270996094e+01
3.112860298156738281e+01
3.120168304443359375e+01
3.075518417358398438e+01
3.044318389892578125e+01
3.023115921020507812e+01
3.021817207336425781e+01
3.015639495849609375e+01
3.025664329528808594e+01
3.172796630859375000e+01
3.131550979614257812e+01
3.070298194885253906e+01
3.048125648498535156e+01
3.081177520751953125e+01
3.078768348693847656e+01
3.097752189636230469e+01
3.145348739624023438e+01
3.169068908691406250e+01
3.195994186401367188e+01
3.191170501708984375e+01
3.175543594360351562e+01
3.170517921447753906e+01
3.148829841613769531e+01
3.155515670776367188e+01
3.196537780761718750e+01
3.243041610717773438e+01
3.272575378417968750e+01
3.290619277954101562e+01
3.309403610229492188e+01
3.307638168334960938e+01
3.305775833129882812e+01
3.316379928588867188e+01
3.330652618408203125e+01
3.337675476074218750e+01
3.332687759399414062e+01
3.362630081176757812e+01
3.395235061645507812e+01
3.311008071899414062e+01
3.302173995971679688e+01
3.341419982910156250e+01
3.367222213745117188e+01
3.308766937255859375e+01
3.157560920715332031e+01
3.218619537353515625e+01
3.261411285400390625e+01
3.313086700439453125e+01
3.339441299438476562e+01
3.308963012695312500e+01
3.269665908813476562e+01
3.231332397460937500e+01
3.251976013183593750e+01
3.319651031494140625e+01
3.350316619873046875e+01
3.351624298095703125e+01
3.340080261230468750e+01
3.250735092163085938e+01
3.210717773437500000e+01
3.239395523071289062e+01
3.221409988403320312e+01
3.217509460449218750e+01
3.191730880737304688e+01
3.156575012207031250e+01
3.102843284606933594e+01
3.076323699951171875e+01
3.085972404479980469e+01
3.076961135864257812e+01
3.076728057861328125e+01
3.119102096557617188e+01
3.175000572204589844e+01
3.135976600646972656e+01
3.063927841186523438e+01
3.027444076538085938e+01
3.018737983703613281e+01
3.054899406433105469e+01
3.081763839721679688e+01
3.064776992797851562e+01
3.046331405639648438e+01
3.067250061035156250e+01
3.098094367980957031e+01
3.105279541015625000e+01
3.091793632507324219e+01
3.124927520751953125e+01
3.156228065490722656e+01
3.168882942199707031e+01
3.158601570129394531e+01
3.172159957885742188e+01
3.210070037841796875e+01
3.234119033813476562e+01
3.200600433349609375e+01
3.158168220520019531e+01
3.144974517822265625e+01
3.122138786315917969e+01
3.100673294067382812e+01
3.104809570312500000e+01
