3.221942520141601562e+01
3.299643325805664062e+01
3.381181335449218750e+01
3.368925476074218750e+01
3.387954711914062500e+01
3.515234756469726562e+01
3.576049041748046875e+01
3.572560882568359375e+01
3.485042190551757812e+01
3.481125640869140625e+01
3.649954986572265625e+01
3.688291549682617188e+01
3.659680938720703125e+01
3.673583984375000000e+01
3.667903900146484375e+01
3.634374237060546875e+01
3.632626724243164062e+01
3.641836547851562500e+01
3.665076446533203125e+01
3.720534515380859375e+01
3.733522415161132812e+01
3.695870208740234375e+01
3.715527725219726562e+01
3.679606628417968750e+01
3.658282089233398438e+01
3.668640136718750000e+01
3.700425338745117188e+01
3.686124420166015625e+01
3.708101272583007812e+01
3.757416152954101562e+01
3.759873962402343750e+01
3.782030105590820312e+01
3.784330368041992188e+01
3.795679092407226562e+01
3.799532699584960938e+01
3.768311309814453125e+01
3.729542922973632812e+01
3.730151367187500000e+01
3.731404495239257812e+01
3.718226242065429688e+01
3.745496749877929688e+01
3.778218841552734375e+01
3.788163375854492188e+01
3.781907653808593750e+01
3.763729095458984375e+01
3.753114318847656250e+01
3.753702545166015625e+01
3.763461685180664062e+01
3.787105178833007812e+01
3.784997177124023438e+01
3.773439025878906250e+01
3.792854309082031250e+01
3.761899948120117188e+01
3.728993225097656250e+01
3.706341552734375000e+01
3.724776840209960938e+01
3.737557601928710938e+01
3.716849899291992188e+01
3.694725799560546875e+01
3.685426330566406250e+01
3.667094039916992188e+01
3.670809936523437500e+01
3.684223175048828125e+01
3.674915695190429688e+01
3.635301208496093750e+01
3.643911743164062500e+01
3.691130828857421875e+01
3.731673812866210938e+01
3.743747711181640625e+01
3.746155548095703125e+01
3.734814071655273438e+01
3.727372741699218750e+01
3.705845642089843750e+01
3.692215347290039062e+01
3.664264678955078125e+01
3.637900543212890625e+01
3.629716873168945312e+01
3.696706390380859375e+01
3.710491943359375000e+01
3.687360382080078125e+01
3.611063766479492188e+01
3.640768432617187500e+01
3.653730392456054688e+01
3.627729415893554688e+01
3.620992660522460938e+01
3.621638870239257812e+01
3.594300842285156250e+01
3.561061859130859375e+01
3.593616104125976562e+01
3.630556869506835938e+01
3.636079406738281250e+01
3.673009490966796875e+01
3.671336364746093750e+01
3.652172470092773438e+01
3.624163436889648438e+01
3.643578720092773438e+01
3.636884689331054688e+01
3.630319595336914062e+01
3.655957412719726562e+01
3.646782302856445312e+01
3.665554809570312500e+01
3.698612594604492188e+01
