3.420346069335937500e+01
3.479861450195312500e+01
3.596347808837890625e+01
3.615984344482421875e+01
3.575555038452148438e+01
3.634526824951171875e+01
3.639757537841796875e+01
3.636625289916992188e+01
3.635256958007812500e+01
3.629448318481445312e+01
3.616606903076171875e+01
3.602304077148437500e+01
3.643665313720703125e+01
3.608013916015625000e+01
3.495987701416015625e+01
3.465414810180664062e+01
3.466973114013671875e+01
3.463189315795898438e+01
3.471986007690429688e+01
3.514286804199218750e+01
3.543217849731445312e+01
3.538847351074218750e+01
3.527783584594726562e+01
3.501642608642578125e+01
3.557833862304687500e+01
3.609955596923828125e+01
3.639154052734375000e+01
3.536741638183593750e+01
3.469214630126953125e+01
3.454240798950195312e+01
3.436763381958007812e+01
3.407140731811523438e+01
3.386468505859375000e+01
3.389918899536132812e+01
3.391156387329101562e+01
3.395098495483398438e+01
3.392222976684570312e+01
3.414815139770507812e+01
3.445960998535156250e+01
3.469161605834960938e+01
3.469972610473632812e+01
3.482459259033203125e+01
3.492101287841796875e+01
3.536088180541992188e+01
3.475308609008789062e+01
3.409707260131835938e+01
3.395866012573242188e+01
3.441132354736328125e+01
3.446340179443359375e+01
3.421497726440429688e+01
3.386760330200195312e+01
3.412863922119140625e+01
3.384237289428710938e+01
3.359477233886718750e+01
3.398310852050781250e+01
3.381359100341796875e+01
3.371682357788085938e+01
3.361576461791992188e+01
3.320994567871093750e+01
3.383228683471679688e+01
3.425758361816406250e+01
3.433906936645507812e+01
3.439713287353515625e+01
3.450922775268554688e+01
3.477011108398437500e+01
3.474864578247070312e+01
3.455258178710937500e+01
3.457688903808593750e+01
3.450206375122070312e+01
3.441599273681640625e+01
3.427038574218750000e+01
3.412435150146484375e+01
3.402626037597656250e+01
3.396574401855468750e+01
3.410974884033203125e+01
3.426798248291015625e+01
3.440081024169921875e+01
3.454496765136718750e+01
3.449317932128906250e+01
3.464667892456054688e+01
3.573427581787109375e+01
3.671744537353515625e+01
3.670210647583007812e+01
3.694410324096679688e+01
3.686516189575195312e+01
3.630153274536132812e+01
3.572113037109375000e+01
3.606656265258789062e+01
3.646216583251953125e+01
3.643935775756835938e+01
3.618455886840820312e+01
3.533772659301757812e+01
3.503123855590820312e+01
3.495967864990234375e+01
3.482292938232421875e+01
3.495607376098632812e+01
3.540504074096679688e+01
3.624755859375000000e+01
3.686627960205078125e+01
3.726919174194335938e+01
3.739973449707031250e+01
3.754860687255859375e+01
3.769454193115234375e+01
3.825089645385742188e+01
3.792192840576171875e+01
3.768614578247070312e+01
