2.617334747314453125e+01
2.612357902526855469e+01
2.571769714355468750e+01
2.547780227661132812e+01
2.541351127624511719e+01
2.541869926452636719e+01
2.540244483947753906e+01
2.546509361267089844e+01
2.567842864990234375e+01
2.575121116638183594e+01
2.613546943664550781e+01
2.658154106140136719e+01
2.651414489746093750e+01
2.651154899597167969e+01
2.655881500244140625e+01
2.632884788513183594e+01
2.599008369445800781e+01
2.608805274963378906e+01
2.620999526977539062e+01
2.593665313720703125e+01
2.587085723876953125e+01
2.598535346984863281e+01
2.606459045410156250e+01
2.633020019531250000e+01
2.646215629577636719e+01
2.646150970458984375e+01
2.648351669311523438e+01
2.618361091613769531e+01
2.579578018188476562e+01
2.543258094787597656e+01
2.531084823608398438e+01
2.507242012023925781e+01
2.492299270629882812e+01
2.484630012512207031e+01
2.475518798828125000e+01
2.467981719970703125e+01
2.462093353271484375e+01
2.446617889404296875e+01
2.440407562255859375e+01
2.454887580871582031e+01
2.463142013549804688e+01
2.471193695068359375e+01
2.477599525451660156e+01
2.465851593017578125e+01
2.457335472106933594e+01
2.454502105712890625e+01
2.455445861816406250e+01
2.456321334838867188e+01
2.498736763000488281e+01
2.550524139404296875e+01
2.567847633361816406e+01
2.554094886779785156e+01
2.523888015747070312e+01
2.521318626403808594e+01
2.517578315734863281e+01
2.500290489196777344e+01
2.475207328796386719e+01
2.467757797241210938e+01
2.471678352355957031e+01
2.485802268981933594e+01
2.511434173583984375e+01
2.535114479064941406e+01
2.512728881835937500e+01
2.480503845214843750e+01
2.439806747436523438e+01
2.406287002563476562e+01
2.390951347351074219e+01
2.395878028869628906e+01
2.410752296447753906e+01
2.445404624938964844e+01
2.486708259582519531e+01
2.517895507812500000e+01
2.522780990600585938e+01
2.520255088806152344e+01
2.528052330017089844e+01
2.539730262756347656e+01
2.536741065979003906e+01
2.533667564392089844e+01
2.521076393127441406e+01
2.517749977111816406e+01
2.513355255126953125e+01
2.468426513671875000e+01
2.439813613891601562e+01
2.417185020446777344e+01
2.395790100097656250e+01
2.403444480895996094e+01
2.435923576354980469e+01
2.477325630187988281e+01
2.531630706787109375e+01
2.586103820800781250e+01
2.603210067749023438e+01
2.609433555603027344e+01
2.603629112243652344e+01
2.579799461364746094e+01
2.599701118469238281e+01
2.624012947082519531e+01
2.643824195861816406e+01
2.670558166503906250e+01
