3.364654922485351562e+01
3.392523956298828125e+01
3.454678726196289062e+01
3.647772979736328125e+01
3.693268203735351562e+01
3.659036636352539062e+01
3.635984039306640625e+01
3.716136932373046875e+01
3.727631759643554688e+01
3.702290344238281250e+01
3.693385696411132812e+01
3.643065261840820312e+01
3.577345657348632812e+01
3.607881927490234375e+01
3.626807022094726562e+01
3.596502304077148438e+01
3.647826004028320312e+01
3.682641601562500000e+01
3.710211563110351562e+01
3.678063964843750000e+01
3.625125503540039062e+01
3.609926605224609375e+01
3.587624359130859375e+01
3.653718185424804688e+01
3.660527038574218750e+01
3.648987197875976562e+01
3.603199386596679688e+01
3.577639770507812500e+01
3.598418426513671875e+01
3.621604537963867188e+01
3.632926940917968750e+01
3.658845901489257812e+01
3.666459274291992188e+01
3.696027755737304688e+01
3.717998886108398438e+01
3.723961257934570312e+01
3.673891830444335938e+01
3.628487777709960938e+01
3.630903625488281250e+01
3.645344924926757812e+01
3.682096862792968750e+01
3.721169662475585938e+01
3.683079910278320312e+01
3.665502166748046875e+01
3.675538253784179688e+01
3.677490234375000000e+01
3.685852432250976562e+01
3.677144241333007812e+01
3.657046127319335938e+01
3.648952865600585938e+01
3.663584518432617188e+01
3.677642822265625000e+01
3.666105651855468750e+01
3.662242889404296875e+01
3.652380371093750000e+01
3.623346328735351562e+01
3.590576171875000000e+01
3.615742111206054688e+01
3.622447586059570312e+01
3.638011550903320312e+01
3.643724822998046875e+01
3.630970764160156250e+01
3.676508331298828125e+01
3.708441162109375000e+01
3.725554275512695312e+01
3.697172164916992188e+01
3.666120529174804688e+01
3.631153869628906250e+01
3.615264129638671875e+01
3.569799423217773438e+01
3.570156097412109375e+01
3.609625244140625000e+01
3.644531250000000000e+01
3.673711776733398438e+01
3.693537521362304688e+01
3.686354446411132812e+01
3.677485656738281250e+01
3.666149902343750000e+01
3.663874435424804688e+01
3.651637268066406250e+01
3.692747116088867188e+01
3.699491882324218750e+01
3.710300827026367188e+01
3.694772338867187500e+01
3.693909454345703125e+01
3.697367477416992188e+01
3.706430053710937500e+01
3.705381393432617188e+01
3.705399322509765625e+01
3.704335021972656250e+01
3.668216323852539062e+01
3.600679397583007812e+01
3.529747390747070312e+01
3.505622100830078125e+01
3.531453323364257812e+01
3.597211837768554688e+01
3.604432296752929688e+01
3.590964889526367188e+01
3.592002105712890625e+01
3.611374664306640625e+01
3.635361862182617188e+01
3.645385742187500000e+01
3.651831054687500000e+01
3.596284866333007812e+01
3.574092102050781250e+01
