2.686421966552734375e+01
2.715445327758789062e+01
2.777130126953125000e+01
2.791374588012695312e+01
2.789923858642578125e+01
2.778013992309570312e+01
2.733205795288085938e+01
2.711048126220703125e+01
2.711198806762695312e+01
2.694545936584472656e+01
2.660968971252441406e+01
2.640575599670410156e+01
2.643470764160156250e+01
2.665910530090332031e+01
2.676453971862792969e+01
2.673076248168945312e+01
2.656035614013671875e+01
2.638518524169921875e+01
2.629831314086914062e+01
2.629973602294921875e+01
2.647095870971679688e+01
2.661882972717285156e+01
2.671117019653320312e+01
2.674182510375976562e+01
2.695261383056640625e+01
2.716148567199707031e+01
2.721838378906250000e+01
2.730490684509277344e+01
2.726091766357421875e+01
2.715968322753906250e+01
2.700330162048339844e+01
2.703641510009765625e+01
2.719104385375976562e+01
2.725862884521484375e+01
2.709194374084472656e+01
2.709423828125000000e+01
2.713847160339355469e+01
2.732307815551757812e+01
2.742062568664550781e+01
2.726879501342773438e+01
2.713694381713867188e+01
2.700673675537109375e+01
2.698038673400878906e+01
2.700576019287109375e+01
2.706429481506347656e+01
2.711064529418945312e+01
2.713569259643554688e+01
2.713356399536132812e+01
2.719754219055175781e+01
2.719413375854492188e+01
2.710709381103515625e+01
2.702467918395996094e+01
2.691147804260253906e+01
2.687747573852539062e+01
2.702354621887207031e+01
2.709477996826171875e+01
2.715340042114257812e+01
2.706300354003906250e+01
2.701276397705078125e+01
2.708680915832519531e+01
2.728986930847167969e+01
2.742757034301757812e+01
2.743007850646972656e+01
2.743328094482421875e+01
2.746547317504882812e+01
2.742938041687011719e+01
2.722808647155761719e+01
2.706741523742675781e+01
2.707756423950195312e+01
2.711941909790039062e+01
2.723396301269531250e+01
2.735973739624023438e+01
2.744385147094726562e+01
2.754374122619628906e+01
2.760163116455078125e+01
2.748393630981445312e+01
2.737317466735839844e+01
2.734167480468750000e+01
2.714384460449218750e+01
2.709278297424316406e+01
2.705073547363281250e+01
2.705129432678222656e+01
2.694923210144042969e+01
2.691996002197265625e+01
2.682823753356933594e+01
2.678739547729492188e+01
2.672765350341796875e+01
2.664968681335449219e+01
2.662954330444335938e+01
2.671887016296386719e+01
2.671297264099121094e+01
2.686360168457031250e+01
2.728716278076171875e+01
2.741198158264160156e+01
2.765721511840820312e+01
2.755925178527832031e+01
2.680920982360839844e+01
