2.236314201354980469e+01
2.215671157836914062e+01
2.214578247070312500e+01
2.209449386596679688e+01
2.206369781494140625e+01
2.220906639099121094e+01
2.221295166015625000e+01
2.219640922546386719e+01
2.234534263610839844e+01
2.244738388061523438e+01
2.239474105834960938e+01
2.237877273559570312e+01
2.243533325195312500e+01
2.252459716796875000e+01
2.266994476318359375e+01
2.259486579895019531e+01
2.271953582763671875e+01
2.293160057067871094e+01
2.318811225891113281e+01
2.319263267517089844e+01
2.328641319274902344e+01
2.314296722412109375e+01
2.280101013183593750e+01
2.234900474548339844e+01
2.231321334838867188e+01
2.246473503112792969e+01
2.244376373291015625e+01
2.253329277038574219e+01
2.274132919311523438e+01
2.310212516784667969e+01
2.353361892700195312e+01
2.379772949218750000e+01
2.372765922546386719e+01
2.376023101806640625e+01
2.389144706726074219e+01
2.403615951538085938e+01
2.396463394165039062e+01
2.355425643920898438e+01
2.310469818115234375e+01
2.277949714660644531e+01
2.258850479125976562e+01
2.248808860778808594e+01
2.246741676330566406e+01
2.259305000305175781e+01
2.278367996215820312e+01
2.303948783874511719e+01
2.324999046325683594e+01
2.336119461059570312e+01
2.366439628601074219e+01
2.401827049255371094e+01
2.423794364929199219e+01
2.433602714538574219e+01
2.452276992797851562e+01
2.461612510681152344e+01
2.464177131652832031e+01
2.455815696716308594e+01
2.444981002807617188e+01
2.439557456970214844e+01
2.424992370605468750e+01
2.398593902587890625e+01
2.378083038330078125e+01
2.376093864440917969e+01
2.397012138366699219e+01
2.398144912719726562e+01
2.386530494689941406e+01
2.393981552124023438e+01
2.410972976684570312e+01
2.416862678527832031e+01
2.452910041809082031e+01
2.444608688354492188e+01
2.425164031982421875e+01
2.408747863769531250e+01
2.370259284973144531e+01
2.348794746398925781e+01
2.358239746093750000e+01
2.358034706115722656e+01
2.370255470275878906e+01
2.380988883972167969e+01
2.397312927246093750e+01
2.397364616394042969e+01
2.382279396057128906e+01
2.361478614807128906e+01
2.342783927917480469e+01
2.324911880493164062e+01
2.318788719177246094e+01
2.312920951843261719e+01
2.297937583923339844e+01
2.285502815246582031e+01
2.283610534667968750e+01
2.285379600524902344e+01
2.302183723449707031e+01
2.333231163024902344e+01
2.359922218322753906e+01
2.376338386535644531e+01
2.333068084716796875e+01
2.291804695129394531e+01
2.230937576293945312e+01
2.191666412353515625e+01
2.199997711181640625e+01
2.232795333862304688e+01
2.277093505859375000e+01
2.279563522338867188e+01
2.243590736389160156e+01
2.307842826843261719e+01
2.434191703796386719e+01
