2.961379241943359375e+01
3.004307174682617188e+01
3.035902976989746094e+01
3.051851844787597656e+01
3.055188751220703125e+01
3.039914321899414062e+01
3.014257812500000000e+01
2.998577308654785156e+01
2.972829818725585938e+01
2.906399726867675781e+01
2.851535034179687500e+01
2.847095298767089844e+01
2.879524803161621094e+01
2.884801292419433594e+01
2.859842300415039062e+01
2.826687240600585938e+01
2.892989349365234375e+01
2.974392509460449219e+01
3.021503067016601562e+01
3.066616821289062500e+01
3.130825805664062500e+01
3.129339218139648438e+01
3.118870925903320312e+01
3.099694824218750000e+01
3.083265304565429688e+01
3.073454475402832031e+01
3.060459327697753906e+01
3.040156555175781250e+01
3.044079399108886719e+01
3.051320075988769531e+01
3.063659667968750000e+01
3.056999778747558594e+01
3.044303703308105469e+01
3.037680244445800781e+01
3.020600700378417969e+01
3.024747276306152344e+01
3.038980865478515625e+01
3.052686691284179688e+01
3.052089309692382812e+01
3.023977088928222656e+01
3.024301910400390625e+01
3.054001998901367188e+01
3.040644454956054688e+01
3.019644355773925781e+01
3.018109130859375000e+01
3.020324707031250000e+01
3.017434501647949219e+01
3.023205566406250000e+01
3.033707427978515625e+01
3.026758956909179688e+01
3.017567062377929688e+01
3.027454948425292969e+01
3.064324951171875000e+01
3.098991584777832031e+01
3.121853256225585938e+01
3.138071250915527344e+01
3.131540107727050781e+01
3.148795509338378906e+01
3.158272171020507812e+01
3.171488189697265625e+01
3.172854614257812500e+01
3.168413925170898438e+01
3.162985229492187500e+01
3.126765060424804688e+01
3.109064483642578125e+01
3.120906639099121094e+01
3.134670257568359375e+01
3.156963157653808594e+01
3.134806632995605469e+01
3.117479515075683594e+01
3.095758438110351562e+01
3.099417686462402344e+01
3.131278228759765625e+01
3.165672492980957031e+01
3.158353042602539062e+01
3.099530410766601562e+01
3.049616050720214844e+01
3.032039833068847656e+01
3.024938201904296875e+01
3.063814544677734375e+01
3.096651458740234375e+01
3.092594528198242188e+01
3.116618537902832031e+01
3.181123733520507812e+01
3.212487792968750000e+01
3.205057144165039062e+01
3.198620796203613281e+01
3.161533355712890625e+01
3.152605247497558594e+01
3.204377365112304688e+01
3.235342788696289062e+01
3.206649780273437500e+01
3.171628570556640625e+01
3.161519813537597656e+01
3.162454032897949219e+01
3.158521652221679688e+01
3.172517776489257812e+01
3.160948181152343750e+01
3.143086624145507812e+01
3.007971572875976562e+01
2.821370697021484375e+01
