3.350492477416992188e+01
3.347629928588867188e+01
3.369250488281250000e+01
3.379201507568359375e+01
3.349119186401367188e+01
3.321749114990234375e+01
3.332833862304687500e+01
3.373888015747070312e+01
3.399932098388671875e+01
3.418231582641601562e+01
3.414493179321289062e+01
3.439437484741210938e+01
3.429883193969726562e+01
3.404506683349609375e+01
3.367486953735351562e+01
3.345700073242187500e+01
3.346494674682617188e+01
3.356527328491210938e+01
3.367835617065429688e+01
3.383508682250976562e+01
3.417724609375000000e+01
3.432243347167968750e+01
3.440126419067382812e+01
3.436181259155273438e+01
3.440531158447265625e+01
3.429938507080078125e+01
3.438917922973632812e+01
3.449691772460937500e+01
3.458602905273437500e+01
3.468229675292968750e+01
3.470398712158203125e+01
3.443038177490234375e+01
3.396927261352539062e+01
3.399755859375000000e+01
3.407079315185546875e+01
3.433458709716796875e+01
3.419601058959960938e+01
3.407329177856445312e+01
3.408567428588867188e+01
3.424446487426757812e+01
3.445514678955078125e+01
3.432322692871093750e+01
3.401302719116210938e+01
3.365147399902343750e+01
3.362530517578125000e+01
3.378754425048828125e+01
3.384410095214843750e+01
3.371942520141601562e+01
3.360128402709960938e+01
3.356956863403320312e+01
3.380197525024414062e+01
3.399088668823242188e+01
3.428663253784179688e+01
3.443355941772460938e+01
3.429819488525390625e+01
3.437998580932617188e+01
3.452764511108398438e+01
3.479425811767578125e+01
3.492377090454101562e+01
3.470128250122070312e+01
3.454673767089843750e+01
3.428671264648437500e+01
3.427754211425781250e+01
3.448674392700195312e+01
3.498000335693359375e+01
3.494640731811523438e+01
3.419190597534179688e+01
3.410546112060546875e+01
3.410176086425781250e+01
3.398658752441406250e+01
3.377237319946289062e+01
3.360719680786132812e+01
3.328101348876953125e+01
3.289875030517578125e+01
3.284804153442382812e+01
3.314144515991210938e+01
3.331222152709960938e+01
3.323915481567382812e+01
3.337529754638671875e+01
3.330777359008789062e+01
3.327360916137695312e+01
3.349645614624023438e+01
3.371086502075195312e+01
3.370658874511718750e+01
3.353363800048828125e+01
3.361971282958984375e+01
3.402103042602539062e+01
3.415404891967773438e+01
3.427098464965820312e+01
3.432057952880859375e+01
3.437099456787109375e+01
3.427325820922851562e+01
3.403847122192382812e+01
3.389560699462890625e+01
3.394438171386718750e+01
3.397256469726562500e+01
3.394407272338867188e+01
3.388348388671875000e+01
3.361851119995117188e+01
