3.779595565795898438e+01
3.804081344604492188e+01
3.801780319213867188e+01
3.804451751708984375e+01
3.821603012084960938e+01
3.825996017456054688e+01
3.805635452270507812e+01
3.800682830810546875e+01
3.791968917846679688e+01
3.783346176147460938e+01
3.776238250732421875e+01
3.768402099609375000e+01
3.767142486572265625e+01
3.783278656005859375e+01
3.822903823852539062e+01
3.842996597290039062e+01
3.835478973388671875e+01
3.815007019042968750e+01
3.787310409545898438e+01
3.772640991210937500e+01
3.765830230712890625e+01
3.787771224975585938e+01
3.792074203491210938e+01
3.809585189819335938e+01
3.823534011840820312e+01
3.830350494384765625e+01
3.837257003784179688e+01
3.849993133544921875e+01
3.850960922241210938e+01
3.851745605468750000e+01
3.849299621582031250e+01
3.848066329956054688e+01
3.844028472900390625e+01
3.842051315307617188e+01
3.826938629150390625e+01
3.829667282104492188e+01
3.818376922607421875e+01
3.808484649658203125e+01
3.802919769287109375e+01
3.799161529541015625e+01
3.786705780029296875e+01
3.761257553100585938e+01
3.750850296020507812e+01
3.763019561767578125e+01
3.791252517700195312e+01
3.806350708007812500e+01
3.816835021972656250e+01
3.820246505737304688e+01
3.813595581054687500e+01
3.805891418457031250e+01
3.802953338623046875e+01
3.799293136596679688e+01
3.827353668212890625e+01
3.816432189941406250e+01
3.784849548339843750e+01
3.784054946899414062e+01
3.797828292846679688e+01
3.812771987915039062e+01
3.818420791625976562e+01
3.797253036499023438e+01
3.785366058349609375e+01
3.794199752807617188e+01
3.809767532348632812e+01
3.827954101562500000e+01
3.841051101684570312e+01
3.855921936035156250e+01
3.849316406250000000e+01
3.842361068725585938e+01
3.841370773315429688e+01
3.837674331665039062e+01
3.848414611816406250e+01
3.864939498901367188e+01
3.866444396972656250e+01
3.858043670654296875e+01
3.840106582641601562e+01
3.824631881713867188e+01
3.837474060058593750e+01
3.857683563232421875e+01
3.836919021606445312e+01
3.817333602905273438e+01
3.811517333984375000e+01
3.818263626098632812e+01
3.819750976562500000e+01
3.847628021240234375e+01
3.852653503417968750e+01
3.839626312255859375e+01
3.832101440429687500e+01
3.827938842773437500e+01
3.816453170776367188e+01
3.770536422729492188e+01
3.725975799560546875e+01
3.759469604492187500e+01
3.757428741455078125e+01
3.753811645507812500e+01
3.729758834838867188e+01
3.510271835327148438e+01
3.539244079589843750e+01
