2.108764457702636719e+01
2.121204376220703125e+01
2.193761825561523438e+01
2.308314323425292969e+01
2.376438903808593750e+01
2.448126029968261719e+01
2.536348724365234375e+01
2.610347557067871094e+01
2.667091941833496094e+01
2.719910430908203125e+01
2.750144958496093750e+01
2.706255531311035156e+01
2.690378952026367188e+01
2.685894775390625000e+01
2.641109275817871094e+01
2.585998725891113281e+01
2.543908500671386719e+01
2.530515861511230469e+01
2.524114227294921875e+01
2.546123886108398438e+01
2.557360267639160156e+01
2.579558753967285156e+01
2.608811378479003906e+01
2.623324203491210938e+01
2.650229263305664062e+01
2.676909446716308594e+01
2.667863655090332031e+01
2.666994285583496094e+01
2.663161087036132812e+01
2.650939941406250000e+01
2.650454139709472656e+01
2.645631408691406250e+01
2.619027900695800781e+01
2.591801452636718750e+01
2.578659248352050781e+01
2.580248451232910156e+01
2.582417297363281250e+01
2.598615264892578125e+01
2.617642593383789062e+01
2.630846405029296875e+01
2.626820373535156250e+01
2.589173889160156250e+01
2.545722007751464844e+01
2.514544486999511719e+01
2.495836448669433594e+01
2.460535049438476562e+01
2.422009849548339844e+01
2.388039970397949219e+01
2.374211311340332031e+01
2.382327079772949219e+01
2.386504936218261719e+01
2.365663146972656250e+01
2.360443496704101562e+01
2.358904647827148438e+01
2.346705436706542969e+01
2.369502258300781250e+01
2.422990798950195312e+01
2.470986366271972656e+01
2.503211212158203125e+01
2.522514724731445312e+01
2.530180168151855469e+01
2.550531578063964844e+01
2.610386276245117188e+01
2.685914611816406250e+01
2.708097839355468750e+01
2.703390884399414062e+01
2.684522819519042969e+01
2.671548461914062500e+01
2.678107070922851562e+01
2.695279884338378906e+01
2.692908477783203125e+01
2.680701637268066406e+01
2.672593116760253906e+01
2.672678184509277344e+01
2.662880706787109375e+01
2.657476615905761719e+01
2.637494087219238281e+01
2.638787078857421875e+01
2.653946876525878906e+01
2.679784202575683594e+01
2.700822830200195312e+01
2.714590835571289062e+01
2.709606361389160156e+01
2.719872856140136719e+01
2.740675735473632812e+01
2.738240623474121094e+01
2.721379280090332031e+01
2.708131027221679688e+01
2.715690040588378906e+01
2.704949569702148438e+01
2.690122795104980469e+01
2.677110481262207031e+01
2.561180686950683594e+01
2.452550315856933594e+01
2.394187927246093750e+01
2.327708816528320312e+01
2.371426200866699219e+01
2.493823051452636719e+01
2.456217384338378906e+01
2.454223442077636719e+01
2.423864555358886719e+01
2.376742362976074219e+01
2.301478767395019531e+01
2.245272254943847656e+01
2.177753639221191406e+01
2.237421226501464844e+01
2.241703033447265625e+01
2.201704597473144531e+01
2.233760643005371094e+01
