2.310572433471679688e+01
2.286705017089843750e+01
2.290220642089843750e+01
2.262834167480468750e+01
2.263928604125976562e+01
2.235240554809570312e+01
2.244152832031250000e+01
2.243805885314941406e+01
2.256967353820800781e+01
2.276393127441406250e+01
2.275597572326660156e+01
2.267764854431152344e+01
2.242683410644531250e+01
2.227372741699218750e+01
2.208175468444824219e+01
2.178600883483886719e+01
2.154733276367187500e+01
2.155570602416992188e+01
2.160172843933105469e+01
2.154671669006347656e+01
2.152401542663574219e+01
2.146977233886718750e+01
2.138362503051757812e+01
2.105981826782226562e+01
2.086429786682128906e+01
2.086478042602539062e+01
2.094708442687988281e+01
2.113008689880371094e+01
2.113901710510253906e+01
2.115911483764648438e+01
2.107606315612792969e+01
2.092273139953613281e+01
2.081275177001953125e+01
2.079777717590332031e+01
2.080265998840332031e+01
2.079957389831542969e+01
2.096363639831542969e+01
2.101160430908203125e+01
2.110433959960937500e+01
2.114556503295898438e+01
2.120411109924316406e+01
2.118283271789550781e+01
2.107493019104003906e+01
2.098381805419921875e+01
2.091361808776855469e+01
2.096525573730468750e+01
2.099354171752929688e+01
2.106831550598144531e+01
2.108724403381347656e+01
2.111359596252441406e+01
2.114043235778808594e+01
2.115631294250488281e+01
2.121459007263183594e+01
2.121090698242187500e+01
2.130858230590820312e+01
2.144446754455566406e+01
2.149274444580078125e+01
2.148906707763671875e+01
2.143447303771972656e+01
2.136964607238769531e+01
2.123943519592285156e+01
2.118668174743652344e+01
2.108288002014160156e+01
2.099946022033691406e+01
2.089968109130859375e+01
2.082771873474121094e+01
2.083599662780761719e+01
2.082771301269531250e+01
2.085311698913574219e+01
2.081658554077148438e+01
2.087266731262207031e+01
2.091640853881835938e+01
2.097506904602050781e+01
2.093829345703125000e+01
2.090889930725097656e+01
2.102661895751953125e+01
2.104160690307617188e+01
2.111954307556152344e+01
2.114993286132812500e+01
2.120445823669433594e+01
2.127140235900878906e+01
2.124360847473144531e+01
2.116456794738769531e+01
2.108300971984863281e+01
2.116869544982910156e+01
2.108768081665039062e+01
2.107491302490234375e+01
2.101382446289062500e+01
2.098545455932617188e+01
2.100441741943359375e+01
2.092233467102050781e+01
2.080189132690429688e+01
2.078569030761718750e+01
2.108899307250976562e+01
2.125756263732910156e+01
2.144990348815917969e+01
2.169087028503417969e+01
2.181317138671875000e+01
2.186558914184570312e+01
2.195152854919433594e+01
2.195676422119140625e+01
