2.669932174682617188e+01
2.684511375427246094e+01
2.699162864685058594e+01
2.746957969665527344e+01
2.733441543579101562e+01
2.715707778930664062e+01
2.675274276733398438e+01
2.629747009277343750e+01
2.638806915283203125e+01
2.631704902648925781e+01
2.628890037536621094e+01
2.656538200378417969e+01
2.635816955566406250e+01
2.640679550170898438e+01
2.654640960693359375e+01
2.622346878051757812e+01
2.620018959045410156e+01
2.641141700744628906e+01
2.667986106872558594e+01
2.702287864685058594e+01
2.697208213806152344e+01
2.689540672302246094e+01
2.675054740905761719e+01
2.656396484375000000e+01
2.660983085632324219e+01
2.671346855163574219e+01
2.665125846862792969e+01
2.663936805725097656e+01
2.659506416320800781e+01
2.657633781433105469e+01
2.654690170288085938e+01
2.645111274719238281e+01
2.629380989074707031e+01
2.621993064880371094e+01
2.623035240173339844e+01
2.636193084716796875e+01
2.645861053466796875e+01
2.646293258666992188e+01
2.638289833068847656e+01
2.629483032226562500e+01
2.614978599548339844e+01
2.603813362121582031e+01
2.600687026977539062e+01
2.596138763427734375e+01
2.592868423461914062e+01
2.593872642517089844e+01
2.592224502563476562e+01
2.589591789245605469e+01
2.586848068237304688e+01
2.580625534057617188e+01
2.573472976684570312e+01
2.573559951782226562e+01
2.573746109008789062e+01
2.574825096130371094e+01
2.579272460937500000e+01
2.575363922119140625e+01
2.566916656494140625e+01
2.575098609924316406e+01
2.588579750061035156e+01
2.606016159057617188e+01
2.617095184326171875e+01
2.627767372131347656e+01
2.631950187683105469e+01
2.636168861389160156e+01
2.632863616943359375e+01
2.610735511779785156e+01
2.616469573974609375e+01
2.624547958374023438e+01
2.624186706542968750e+01
2.621815872192382812e+01
2.632875633239746094e+01
2.648688507080078125e+01
2.649234008789062500e+01
2.625938796997070312e+01
2.603027725219726562e+01
2.592365264892578125e+01
2.576376152038574219e+01
2.570525932312011719e+01
2.575160598754882812e+01
2.595443534851074219e+01
2.611494064331054688e+01
2.615790557861328125e+01
2.601540565490722656e+01
2.599239540100097656e+01
2.609121894836425781e+01
2.623020172119140625e+01
2.659808731079101562e+01
2.637337303161621094e+01
2.604103088378906250e+01
2.586076164245605469e+01
2.578615188598632812e+01
2.597508621215820312e+01
2.630974197387695312e+01
