3.746545791625976562e+01
3.767886734008789062e+01
3.783189773559570312e+01
3.783679580688476562e+01
3.786863708496093750e+01
3.783813095092773438e+01
3.760092544555664062e+01
3.762540817260742188e+01
3.765485763549804688e+01
3.780651855468750000e+01
3.785681152343750000e+01
3.785448074340820312e+01
3.792676162719726562e+01
3.784734344482421875e+01
3.785781860351562500e+01
3.794976806640625000e+01
3.816463088989257812e+01
3.829472732543945312e+01
3.827573394775390625e+01
3.831369781494140625e+01
3.834666061401367188e+01
3.834189605712890625e+01
3.829127120971679688e+01
3.822736740112304688e+01
3.827909088134765625e+01
3.820402526855468750e+01
3.815253067016601562e+01
3.806058120727539062e+01
3.807498550415039062e+01
3.811338424682617188e+01
3.809115982055664062e+01
3.813048934936523438e+01
3.827394485473632812e+01
3.838399505615234375e+01
3.845896148681640625e+01
3.841595077514648438e+01
3.830909347534179688e+01
3.822111892700195312e+01
3.818167114257812500e+01
3.829364013671875000e+01
3.838141250610351562e+01
3.844041061401367188e+01
3.842644500732421875e+01
3.846600341796875000e+01
3.849556350708007812e+01
3.853610229492187500e+01
3.870305633544921875e+01
3.893257522583007812e+01
3.907726287841796875e+01
3.890726852416992188e+01
3.876261138916015625e+01
3.865178298950195312e+01
3.854467391967773438e+01
3.842707443237304688e+01
3.844884872436523438e+01
3.848279190063476562e+01
3.855286788940429688e+01
3.855043411254882812e+01
3.832904815673828125e+01
3.808780670166015625e+01
3.789381027221679688e+01
3.780295181274414062e+01
3.783509826660156250e+01
3.787841033935546875e+01
3.799213027954101562e+01
3.802663421630859375e+01
3.805086135864257812e+01
3.805404663085937500e+01
3.803390121459960938e+01
3.797537994384765625e+01
3.807823181152343750e+01
3.823917388916015625e+01
3.828715515136718750e+01
3.813456726074218750e+01
3.808893585205078125e+01
3.811927413940429688e+01
3.815807342529296875e+01
3.816672897338867188e+01
3.808898925781250000e+01
3.834447479248046875e+01
3.846209716796875000e+01
3.827532577514648438e+01
3.807255172729492188e+01
3.789319229125976562e+01
3.773547363281250000e+01
3.793315887451171875e+01
3.825578689575195312e+01
3.842074584960937500e+01
3.841290664672851562e+01
3.821753692626953125e+01
3.810125732421875000e+01
3.769284439086914062e+01
3.769409179687500000e+01
3.789796066284179688e+01
3.812781143188476562e+01
3.830679321289062500e+01
3.853610229492187500e+01
3.849266815185546875e+01
3.830940628051757812e+01
3.819210433959960938e+01
