3.335420608520507812e+01
3.342893981933593750e+01
3.303663635253906250e+01
3.282749557495117188e+01
3.292387008666992188e+01
3.295154571533203125e+01
3.312961196899414062e+01
3.311053848266601562e+01
3.302281188964843750e+01
3.272694778442382812e+01
3.278522109985351562e+01
3.288235855102539062e+01
3.324387741088867188e+01
3.301861572265625000e+01
3.281167602539062500e+01
3.248994064331054688e+01
3.228072738647460938e+01
3.229274749755859375e+01
3.208072662353515625e+01
3.194436073303222656e+01
3.204446029663085938e+01
3.214785003662109375e+01
3.211447906494140625e+01
3.226198577880859375e+01
3.215335083007812500e+01
3.208019256591796875e+01
3.224635696411132812e+01
3.233386993408203125e+01
3.239444732666015625e+01
3.241485214233398438e+01
3.254282760620117188e+01
3.259024047851562500e+01
3.230120468139648438e+01
3.192227935791015625e+01
3.198228263854980469e+01
3.191675376892089844e+01
3.201329421997070312e+01
3.197179412841796875e+01
3.193484497070312500e+01
3.257769012451171875e+01
3.314736938476562500e+01
3.331726455688476562e+01
3.308758544921875000e+01
3.243611907958984375e+01
3.219984054565429688e+01
3.231716537475585938e+01
3.248580169677734375e+01
3.251499176025390625e+01
3.225896835327148438e+01
3.192436408996582031e+01
3.185085105895996094e+01
3.221691894531250000e+01
3.269877624511718750e+01
3.277167129516601562e+01
3.237653350830078125e+01
3.241135787963867188e+01
3.254104995727539062e+01
3.301093673706054688e+01
3.281479263305664062e+01
3.282856369018554688e+01
3.301716995239257812e+01
3.363051223754882812e+01
3.389594650268554688e+01
3.390567779541015625e+01
3.348508071899414062e+01
3.326291656494140625e+01
3.323915481567382812e+01
3.333369827270507812e+01
3.326810073852539062e+01
3.326954269409179688e+01
3.314477539062500000e+01
3.305469131469726562e+01
3.299437332153320312e+01
3.305243301391601562e+01
3.314719009399414062e+01
3.333405303955078125e+01
3.334946060180664062e+01
3.317268371582031250e+01
3.327201843261718750e+01
3.374440002441406250e+01
3.445087051391601562e+01
3.476558303833007812e+01
3.530438232421875000e+01
3.486729049682617188e+01
3.478842544555664062e+01
3.467173385620117188e+01
3.411523056030273438e+01
3.407512664794921875e+01
3.386500549316406250e+01
3.379834365844726562e+01
3.340953445434570312e+01
3.362088775634765625e+01
3.360505676269531250e+01
3.299979782104492188e+01
3.310906219482421875e+01
3.342659759521484375e+01
3.343944931030273438e+01
3.277750015258789062e+01
3.242239761352539062e+01
3.226509475708007812e+01
3.244855117797851562e+01
3.280493927001953125e+01
3.300337982177734375e+01
3.292821502685546875e+01
3.265866470336914062e+01
3.231074142456054688e+01
3.215892028808593750e+01
