1.977293395996093750e+01
1.998592948913574219e+01
2.009511184692382812e+01
2.017066764831542969e+01
2.015948295593261719e+01
2.009456825256347656e+01
1.998687171936035156e+01
1.995241737365722656e+01
2.002217674255371094e+01
2.037703323364257812e+01
2.078300666809082031e+01
2.105811691284179688e+01
2.134711456298828125e+01
2.139616775512695312e+01
2.158931922912597656e+01
2.183238601684570312e+01
2.127765655517578125e+01
2.077826309204101562e+01
2.042579078674316406e+01
2.036184501647949219e+01
2.023831176757812500e+01
2.021058273315429688e+01
2.015499114990234375e+01
2.007221221923828125e+01
2.003656768798828125e+01
2.001496505737304688e+01
2.008363723754882812e+01
2.007486343383789062e+01
2.011631774902343750e+01
2.014558410644531250e+01
2.019913291931152344e+01
2.032178115844726562e+01
2.041351318359375000e+01
2.047103118896484375e+01
2.053595161437988281e+01
2.051621437072753906e+01
2.050382041931152344e+01
2.045103263854980469e+01
2.042211723327636719e+01
2.030704307556152344e+01
2.020251846313476562e+01
2.017035675048828125e+01
2.021143722534179688e+01
2.023472976684570312e+01
2.043042945861816406e+01
2.080779647827148438e+01
2.093483352661132812e+01
2.075563621520996094e+01
2.077582550048828125e+01
2.069821739196777344e+01
2.059983253479003906e+01
2.045907020568847656e+01
2.026355171203613281e+01
2.025426101684570312e+01
2.013891029357910156e+01
2.002453804016113281e+01
2.004236030578613281e+01
2.013480758666992188e+01
2.031455802917480469e+01
2.037881851196289062e+01
2.057568740844726562e+01
2.066414451599121094e+01
2.059066200256347656e+01
2.055255699157714844e+01
2.039700889587402344e+01
2.027453041076660156e+01
2.020035743713378906e+01
2.014466857910156250e+01
2.007104301452636719e+01
1.998861885070800781e+01
1.988178825378417969e+01
1.976995658874511719e+01
1.977146148681640625e+01
1.966248703002929688e+01
1.964287567138671875e+01
1.971570968627929688e+01
1.995303344726562500e+01
2.016205978393554688e+01
2.035848999023437500e+01
2.049785041809082031e+01
2.027760696411132812e+01
2.019116210937500000e+01
2.011075592041015625e+01
2.004609298706054688e+01
2.007485008239746094e+01
1.998411750793457031e+01
1.983882904052734375e+01
1.972175788879394531e+01
1.967653465270996094e+01
1.976458740234375000e+01
1.982121467590332031e+01
1.980739974975585938e+01
1.977659225463867188e+01
1.978211212158203125e+01
1.973670578002929688e+01
1.980114555358886719e+01
1.992413902282714844e+01
2.005089569091796875e+01
1.997178077697753906e+01
