3.454588699340820312e+01
3.481966400146484375e+01
3.472943496704101562e+01
3.450176239013671875e+01
3.402678298950195312e+01
3.378965759277343750e+01
3.388044357299804688e+01
3.465904617309570312e+01
3.487516784667968750e+01
3.484595870971679688e+01
3.498583984375000000e+01
3.489097976684570312e+01
3.448061752319335938e+01
3.417876052856445312e+01
3.407659912109375000e+01
3.384508895874023438e+01
3.354423522949218750e+01
3.318532562255859375e+01
3.321176528930664062e+01
3.334057235717773438e+01
3.341860198974609375e+01
3.371143722534179688e+01
3.418423843383789062e+01
3.467539978027343750e+01
3.473807144165039062e+01
3.510557556152343750e+01
3.566363906860351562e+01
3.485367584228515625e+01
3.426359558105468750e+01
3.413124465942382812e+01
3.393157196044921875e+01
3.355898666381835938e+01
3.312645721435546875e+01
3.281370162963867188e+01
3.299877548217773438e+01
3.326880645751953125e+01
3.331834793090820312e+01
3.327947616577148438e+01
3.314836883544921875e+01
3.295009231567382812e+01
3.293020629882812500e+01
3.324031829833984375e+01
3.356195831298828125e+01
3.397691726684570312e+01
3.400187301635742188e+01
3.370224380493164062e+01
3.340377044677734375e+01
3.367600250244140625e+01
3.393440628051757812e+01
3.452449798583984375e+01
3.443426895141601562e+01
3.398724746704101562e+01
3.340671920776367188e+01
3.343748855590820312e+01
3.329098129272460938e+01
3.299637222290039062e+01
3.300777435302734375e+01
3.321005630493164062e+01
3.328512954711914062e+01
3.326961898803710938e+01
3.319946670532226562e+01
3.315870285034179688e+01
3.328476715087890625e+01
3.331508255004882812e+01
3.335337066650390625e+01
3.358880996704101562e+01
3.356541061401367188e+01
3.342106628417968750e+01
3.333411026000976562e+01
3.305199050903320312e+01
3.276924896240234375e+01
3.254110336303710938e+01
3.240417098999023438e+01
3.232324981689453125e+01
3.252761459350585938e+01
3.273982238769531250e+01
3.285832595825195312e+01
3.308553695678710938e+01
3.308560943603515625e+01
3.291669082641601562e+01
3.237923812866210938e+01
3.181498908996582031e+01
3.172770500183105469e+01
3.212182998657226562e+01
3.306118392944335938e+01
3.324832153320312500e+01
3.320965957641601562e+01
3.352123641967773438e+01
3.416414260864257812e+01
3.445344543457031250e+01
3.420011138916015625e+01
3.350292587280273438e+01
3.359900283813476562e+01
3.357588958740234375e+01
3.343883514404296875e+01
3.326985549926757812e+01
3.378718948364257812e+01
3.391667938232421875e+01
3.400092315673828125e+01
3.372354125976562500e+01
3.339887237548828125e+01
3.325936889648437500e+01
