3.738219070434570312e+01
3.754383468627929688e+01
3.771471786499023438e+01
3.780527877807617188e+01
3.779549407958984375e+01
3.767667388916015625e+01
3.753017425537109375e+01
3.757751083374023438e+01
3.760517883300781250e+01
3.746433639526367188e+01
3.660093307495117188e+01
3.682922744750976562e+01
3.699240112304687500e+01
3.679609680175781250e+01
3.681042098999023438e+01
3.694908523559570312e+01
3.716655349731445312e+01
3.729226684570312500e+01
3.734738922119140625e+01
3.719536590576171875e+01
3.705813217163085938e+01
3.709141921997070312e+01
3.696436309814453125e+01
3.675024414062500000e+01
3.676679611206054688e+01
3.662434768676757812e+01
3.674500656127929688e+01
3.704791641235351562e+01
3.726726150512695312e+01
3.720101165771484375e+01
3.702121353149414062e+01
3.738063812255859375e+01
3.758150482177734375e+01
3.734719467163085938e+01
3.693103408813476562e+01
3.653278350830078125e+01
3.655456161499023438e+01
3.669984054565429688e+01
3.695831680297851562e+01
3.693791198730468750e+01
3.663455581665039062e+01
3.670103073120117188e+01
3.691284561157226562e+01
3.691310119628906250e+01
3.696206665039062500e+01
3.714088058471679688e+01
3.714216232299804688e+01
3.706207656860351562e+01
3.687344360351562500e+01
3.621001434326171875e+01
3.589150238037109375e+01
3.588321685791015625e+01
3.600444412231445312e+01
3.604803848266601562e+01
3.607439041137695312e+01
3.617309570312500000e+01
3.664393234252929688e+01
3.701852798461914062e+01
3.698011016845703125e+01
3.667141342163085938e+01
3.638811111450195312e+01
3.601025009155273438e+01
3.566801452636718750e+01
3.549091339111328125e+01
3.554890060424804688e+01
3.553419876098632812e+01
3.544910430908203125e+01
3.564706802368164062e+01
3.579459762573242188e+01
3.580350112915039062e+01
3.583156585693359375e+01
3.603076934814453125e+01
3.614217758178710938e+01
3.600612640380859375e+01
3.580300140380859375e+01
3.551928710937500000e+01
3.533629608154296875e+01
3.523115539550781250e+01
3.531024551391601562e+01
3.550022506713867188e+01
3.579531097412109375e+01
3.608562088012695312e+01
3.602952194213867188e+01
3.602234268188476562e+01
3.616339111328125000e+01
3.641017150878906250e+01
3.706584167480468750e+01
3.759626770019531250e+01
3.686690521240234375e+01
