3.558853149414062500e+01
3.492282485961914062e+01
3.573619842529296875e+01
3.599972152709960938e+01
3.627750778198242188e+01
3.682359695434570312e+01
3.721985626220703125e+01
3.738290786743164062e+01
3.719760131835937500e+01
3.708940124511718750e+01
3.703144073486328125e+01
3.644746398925781250e+01
3.620410537719726562e+01
3.666133499145507812e+01
3.707209396362304688e+01
3.725310516357421875e+01
3.723564147949218750e+01
3.708715438842773438e+01
3.701836776733398438e+01
3.722102737426757812e+01
3.738534545898437500e+01
3.752603530883789062e+01
3.761293411254882812e+01
3.771673583984375000e+01
3.774458312988281250e+01
3.755547714233398438e+01
3.741667175292968750e+01
3.749450302124023438e+01
3.763564682006835938e+01
3.761334609985351562e+01
3.741399383544921875e+01
3.713756179809570312e+01
3.674703216552734375e+01
3.640289688110351562e+01
3.607181930541992188e+01
3.673360061645507812e+01
3.699235153198242188e+01
3.690462493896484375e+01
3.680920028686523438e+01
3.688810348510742188e+01
3.676750183105468750e+01
3.612320327758789062e+01
3.628337860107421875e+01
3.695518875122070312e+01
3.736058044433593750e+01
3.723237609863281250e+01
3.624976730346679688e+01
3.655121231079101562e+01
3.686314773559570312e+01
3.686465835571289062e+01
3.661632537841796875e+01
3.599800491333007812e+01
3.643320083618164062e+01
3.699948501586914062e+01
3.725074005126953125e+01
3.712017440795898438e+01
3.651552963256835938e+01
3.695370483398437500e+01
3.733432769775390625e+01
3.727575302124023438e+01
3.707048034667968750e+01
3.684928512573242188e+01
3.684746932983398438e+01
3.682712936401367188e+01
3.663131713867187500e+01
3.644537353515625000e+01
3.674036026000976562e+01
3.695283126831054688e+01
3.688592147827148438e+01
3.658707427978515625e+01
3.657129287719726562e+01
3.652286911010742188e+01
3.692200088500976562e+01
3.710708999633789062e+01
3.699981307983398438e+01
3.688082122802734375e+01
3.711478424072265625e+01
3.725836181640625000e+01
3.710221481323242188e+01
3.677343368530273438e+01
3.682587432861328125e+01
3.685015106201171875e+01
3.693753051757812500e+01
3.694293975830078125e+01
3.674769973754882812e+01
3.664004135131835938e+01
3.662868499755859375e+01
3.719178390502929688e+01
3.712034988403320312e+01
3.648654174804687500e+01
3.558446884155273438e+01
3.575098419189453125e+01
3.658261489868164062e+01
3.652438735961914062e+01
3.633619689941406250e+01
3.645812988281250000e+01
3.651795578002929688e+01
3.677915954589843750e+01
3.670441055297851562e+01
3.646115875244140625e+01
3.639005661010742188e+01
3.618114471435546875e+01
3.578561019897460938e+01
3.524578857421875000e+01
3.514961624145507812e+01
3.550042343139648438e+01
3.545907211303710938e+01
