3.693895339965820312e+01
3.710896301269531250e+01
3.736736679077148438e+01
3.750564575195312500e+01
3.755658340454101562e+01
3.773609161376953125e+01
3.772727966308593750e+01
3.762734222412109375e+01
3.781297683715820312e+01
3.778850936889648438e+01
3.742339706420898438e+01
3.734319686889648438e+01
3.731893157958984375e+01
3.749749755859375000e+01
3.758296203613281250e+01
3.744635772705078125e+01
3.736349868774414062e+01
3.762357711791992188e+01
3.773166275024414062e+01
3.777123260498046875e+01
3.782383728027343750e+01
3.796963882446289062e+01
3.802737045288085938e+01
3.801721572875976562e+01
3.812285232543945312e+01
3.835327148437500000e+01
3.834606933593750000e+01
3.827331161499023438e+01
3.837875366210937500e+01
3.850454330444335938e+01
3.835142898559570312e+01
3.774252319335937500e+01
3.764714050292968750e+01
3.767823791503906250e+01
3.775768661499023438e+01
3.787203979492187500e+01
3.786507034301757812e+01
3.800856018066406250e+01
3.829916381835937500e+01
3.815297698974609375e+01
3.787208175659179688e+01
3.782716751098632812e+01
3.801662063598632812e+01
3.786478042602539062e+01
3.766753387451171875e+01
3.751466369628906250e+01
3.720828628540039062e+01
3.714300918579101562e+01
3.743930053710937500e+01
3.760334396362304688e+01
3.753102874755859375e+01
3.747362899780273438e+01
3.754497909545898438e+01
3.765291213989257812e+01
3.770539855957031250e+01
3.766575622558593750e+01
3.758198165893554688e+01
3.766791534423828125e+01
3.766039657592773438e+01
3.771209335327148438e+01
3.755255508422851562e+01
3.734106063842773438e+01
3.733918380737304688e+01
3.737520599365234375e+01
3.744443893432617188e+01
3.762002182006835938e+01
3.771005249023437500e+01
3.766785430908203125e+01
3.784543991088867188e+01
3.778139877319335938e+01
3.757812881469726562e+01
3.743438720703125000e+01
3.731555175781250000e+01
3.743281555175781250e+01
3.739424514770507812e+01
3.710889816284179688e+01
3.684235382080078125e+01
3.644171524047851562e+01
3.663298797607421875e+01
3.722621154785156250e+01
3.741120147705078125e+01
3.732483673095703125e+01
3.710142135620117188e+01
3.706164932250976562e+01
3.726184082031250000e+01
3.742644500732421875e+01
3.727951812744140625e+01
3.747100448608398438e+01
3.742244720458984375e+01
3.751599502563476562e+01
3.740917587280273438e+01
3.719218063354492188e+01
3.724477005004882812e+01
3.741659545898437500e+01
3.747531127929687500e+01
3.741944885253906250e+01
3.709069824218750000e+01
3.698731994628906250e+01
3.694575500488281250e+01
3.708680725097656250e+01
3.737969589233398438e+01
3.759992599487304688e+01
3.728866195678710938e+01
