2.891860961914062500e+01
2.812475395202636719e+01
2.790196418762207031e+01
2.832495307922363281e+01
2.888073539733886719e+01
2.900885963439941406e+01
2.897513198852539062e+01
2.890464210510253906e+01
2.873103141784667969e+01
2.841501045227050781e+01
2.831421089172363281e+01
2.849513435363769531e+01
2.879660606384277344e+01
2.884028244018554688e+01
2.858633995056152344e+01
2.830546951293945312e+01
2.800424003601074219e+01
2.802511596679687500e+01
2.822494316101074219e+01
2.822042274475097656e+01
2.815041160583496094e+01
2.828941345214843750e+01
2.860963058471679688e+01
2.890979766845703125e+01
2.863746833801269531e+01
2.824575042724609375e+01
2.811057853698730469e+01
2.813489341735839844e+01
2.813025856018066406e+01
2.808098030090332031e+01
2.815886878967285156e+01
2.824855041503906250e+01
2.837003326416015625e+01
2.878762054443359375e+01
2.960888481140136719e+01
2.927371025085449219e+01
2.863265037536621094e+01
2.865209770202636719e+01
2.860326385498046875e+01
2.834101295471191406e+01
2.800723648071289062e+01
2.779846000671386719e+01
2.758271217346191406e+01
2.736587715148925781e+01
2.727492332458496094e+01
2.751397705078125000e+01
2.771246147155761719e+01
2.773748207092285156e+01
2.758885002136230469e+01
2.757876205444335938e+01
2.758160591125488281e+01
2.759144210815429688e+01
2.770718383789062500e+01
2.786573791503906250e+01
2.785726165771484375e+01
2.801921844482421875e+01
2.819468498229980469e+01
2.820779609680175781e+01
2.820287704467773438e+01
2.814989662170410156e+01
2.829552841186523438e+01
2.841187477111816406e+01
2.855684089660644531e+01
2.866313362121582031e+01
2.858645248413085938e+01
2.851321601867675781e+01
2.839970588684082031e+01
2.839271545410156250e+01
2.854170799255371094e+01
2.866552925109863281e+01
2.884542846679687500e+01
2.886923789978027344e+01
2.883777236938476562e+01
2.892175865173339844e+01
2.898327255249023438e+01
2.901459312438964844e+01
2.900521850585937500e+01
2.891032981872558594e+01
2.873703193664550781e+01
2.840350151062011719e+01
2.817315292358398438e+01
2.820171546936035156e+01
2.847542190551757812e+01
2.857295417785644531e+01
2.852425956726074219e+01
2.853881835937500000e+01
2.864711761474609375e+01
2.894701576232910156e+01
2.918860435485839844e+01
2.897058296203613281e+01
2.901524543762207031e+01
2.915349388122558594e+01
2.901146507263183594e+01
2.861879920959472656e+01
2.848721313476562500e+01
2.841397285461425781e+01
2.824873161315917969e+01
2.823889160156250000e+01
2.832299041748046875e+01
2.822041511535644531e+01
2.817366218566894531e+01
2.811394500732421875e+01
2.858355712890625000e+01
2.894548606872558594e+01
