3.420028686523437500e+01
3.445474624633789062e+01
3.437566757202148438e+01
3.367366790771484375e+01
3.344006729125976562e+01
3.481198501586914062e+01
3.621844100952148438e+01
3.598832702636718750e+01
3.494988250732421875e+01
3.434064102172851562e+01
3.370525360107421875e+01
3.333319473266601562e+01
3.353554916381835938e+01
3.379411697387695312e+01
3.367598724365234375e+01
3.343899154663085938e+01
3.342629241943359375e+01
3.361263275146484375e+01
3.360882568359375000e+01
3.332295227050781250e+01
3.316704559326171875e+01
3.325659561157226562e+01
3.391857910156250000e+01
3.407567214965820312e+01
3.390853881835937500e+01
3.375686264038085938e+01
3.370954513549804688e+01
3.381037521362304688e+01
3.376937866210937500e+01
3.371785354614257812e+01
3.369321060180664062e+01
3.355799102783203125e+01
3.340484237670898438e+01
3.341247940063476562e+01
3.335591506958007812e+01
3.324532699584960938e+01
3.329061508178710938e+01
3.361997604370117188e+01
3.361167526245117188e+01
3.363638687133789062e+01
3.349001693725585938e+01
3.343325042724609375e+01
3.344188690185546875e+01
3.334940719604492188e+01
3.310829544067382812e+01
3.331166458129882812e+01
3.390903472900390625e+01
3.393288421630859375e+01
3.360536575317382812e+01
3.351172637939453125e+01
3.370422744750976562e+01
3.385315322875976562e+01
3.381660842895507812e+01
3.379460906982421875e+01
3.409207153320312500e+01
3.453871154785156250e+01
3.459366226196289062e+01
3.450583267211914062e+01
3.446977615356445312e+01
3.436680984497070312e+01
3.441333389282226562e+01
3.446802520751953125e+01
3.457132720947265625e+01
3.444411849975585938e+01
3.408786010742187500e+01
3.387268447875976562e+01
3.380811309814453125e+01
3.359145736694335938e+01
3.333820724487304688e+01
3.331008911132812500e+01
3.351164627075195312e+01
3.367493820190429688e+01
3.411431121826171875e+01
3.423677062988281250e+01
3.402004623413085938e+01
3.404885101318359375e+01
3.448611450195312500e+01
3.539795684814453125e+01
3.576205825805664062e+01
3.559249114990234375e+01
3.580407714843750000e+01
3.602948760986328125e+01
3.562675476074218750e+01
3.499275588989257812e+01
3.529749679565429688e+01
3.558270263671875000e+01
3.501998138427734375e+01
3.455806732177734375e+01
3.447744369506835938e+01
3.454167938232421875e+01
3.426926040649414062e+01
3.394255828857421875e+01
3.400054550170898438e+01
3.466234588623046875e+01
3.529593658447265625e+01
3.490257263183593750e+01
3.464908981323242188e+01
3.473669815063476562e+01
3.409152221679687500e+01
3.375588989257812500e+01
