3.571959304809570312e+01
3.552897644042968750e+01
3.491085815429687500e+01
3.476663970947265625e+01
3.410274887084960938e+01
3.328865432739257812e+01
3.300243377685546875e+01
3.296338272094726562e+01
3.291041946411132812e+01
3.284724044799804688e+01
3.290969085693359375e+01
3.270791244506835938e+01
3.263808441162109375e+01
3.288774108886718750e+01
3.315341949462890625e+01
3.283705139160156250e+01
3.209860992431640625e+01
3.250827407836914062e+01
3.253487777709960938e+01
3.255051422119140625e+01
3.243053436279296875e+01
3.225809478759765625e+01
3.206723403930664062e+01
3.242835235595703125e+01
3.284318161010742188e+01
3.310205078125000000e+01
3.326070785522460938e+01
3.342696762084960938e+01
3.346012878417968750e+01
3.344468307495117188e+01
3.323450088500976562e+01
3.295170974731445312e+01
3.273117828369140625e+01
3.270990371704101562e+01
3.270388793945312500e+01
3.266593551635742188e+01
3.247452926635742188e+01
3.223970413208007812e+01
3.248320770263671875e+01
3.237993240356445312e+01
3.234696960449218750e+01
3.250660705566406250e+01
3.285634994506835938e+01
3.296804809570312500e+01
3.314968490600585938e+01
3.302073669433593750e+01
3.261649703979492188e+01
3.237696075439453125e+01
3.235795974731445312e+01
3.279831314086914062e+01
3.256872558593750000e+01
3.230194473266601562e+01
3.261602020263671875e+01
3.231208419799804688e+01
3.212622451782226562e+01
3.096625518798828125e+01
3.100264549255371094e+01
3.108350753784179688e+01
3.052930450439453125e+01
3.043635940551757812e+01
3.030618286132812500e+01
3.039829254150390625e+01
3.234317779541015625e+01
3.297753524780273438e+01
3.295240020751953125e+01
3.306861495971679688e+01
3.305537033081054688e+01
3.297102737426757812e+01
3.314203643798828125e+01
3.363889694213867188e+01
3.407609176635742188e+01
3.372615814208984375e+01
3.333655166625976562e+01
3.295407104492187500e+01
3.296733093261718750e+01
3.293764877319335938e+01
3.252058029174804688e+01
3.258628463745117188e+01
3.285986709594726562e+01
3.273569107055664062e+01
3.266846466064453125e+01
3.277736282348632812e+01
3.309596252441406250e+01
3.306569671630859375e+01
3.287743759155273438e+01
3.276153564453125000e+01
3.255371856689453125e+01
3.243408203125000000e+01
3.237325286865234375e+01
3.253273391723632812e+01
3.237379074096679688e+01
3.217110443115234375e+01
3.223484420776367188e+01
3.222468185424804688e+01
3.247391128540039062e+01
3.270479202270507812e+01
3.309542465209960938e+01
3.341934204101562500e+01
3.391971588134765625e+01
3.380344390869140625e+01
3.362133026123046875e+01
3.352458572387695312e+01
3.352774810791015625e+01
3.360526657104492188e+01
