2.165863800048828125e+01
2.199193572998046875e+01
2.223528099060058594e+01
2.248179435729980469e+01
2.268092918395996094e+01
2.245757675170898438e+01
2.209040069580078125e+01
2.184979438781738281e+01
2.144185829162597656e+01
2.122846221923828125e+01
2.085951423645019531e+01
2.081549263000488281e+01
2.071614456176757812e+01
2.052813720703125000e+01
2.040986633300781250e+01
2.008226776123046875e+01
2.020549583435058594e+01
2.031933212280273438e+01
2.047841453552246094e+01
2.107565879821777344e+01
2.106921005249023438e+01
2.189841079711914062e+01
2.177510643005371094e+01
2.083937454223632812e+01
2.057413673400878906e+01
2.053743934631347656e+01
2.066888999938964844e+01
2.079221534729003906e+01
2.093595695495605469e+01
2.114435005187988281e+01
2.130273437500000000e+01
2.145107650756835938e+01
2.170368766784667969e+01
2.175461006164550781e+01
2.217685127258300781e+01
2.233993339538574219e+01
2.216623306274414062e+01
2.176707649230957031e+01
2.141611289978027344e+01
2.114317512512207031e+01
2.099040603637695312e+01
2.089386177062988281e+01
2.074904823303222656e+01
2.061629486083984375e+01
2.057066535949707031e+01
2.059486770629882812e+01
2.069332504272460938e+01
2.078958892822265625e+01
2.081641006469726562e+01
2.094238853454589844e+01
2.109127044677734375e+01
2.138705062866210938e+01
2.139293670654296875e+01
2.131900978088378906e+01
2.111281776428222656e+01
2.092591667175292969e+01
2.082635116577148438e+01
2.080060958862304688e+01
2.081473731994628906e+01
2.076067352294921875e+01
2.073082923889160156e+01
2.072691726684570312e+01
2.072704124450683594e+01
2.074905967712402344e+01
2.076930809020996094e+01
2.083540916442871094e+01
2.090614509582519531e+01
2.084087181091308594e+01
2.072181892395019531e+01
2.063241004943847656e+01
2.055447387695312500e+01
2.049573326110839844e+01
2.047189521789550781e+01
2.043212318420410156e+01
2.033833312988281250e+01
2.022416687011718750e+01
2.014675521850585938e+01
2.002729034423828125e+01
1.994056510925292969e+01
2.002102851867675781e+01
2.011040687561035156e+01
2.012763786315917969e+01
2.023355865478515625e+01
2.040437126159667969e+01
2.049681472778320312e+01
2.056742477416992188e+01
2.035339355468750000e+01
2.013007926940917969e+01
2.004313659667968750e+01
1.992417144775390625e+01
1.988001823425292969e+01
1.981540679931640625e+01
1.978498458862304688e+01
1.986098098754882812e+01
1.998672866821289062e+01
2.038925743103027344e+01
2.175386619567871094e+01
2.265531349182128906e+01
2.319052314758300781e+01
2.344984817504882812e+01
2.365695571899414062e+01
2.357809066772460938e+01
2.301419830322265625e+01
