2.951500892639160156e+01
3.010703849792480469e+01
2.990795898437500000e+01
3.047468948364257812e+01
3.100263023376464844e+01
3.060371589660644531e+01
3.051228523254394531e+01
3.049436569213867188e+01
3.055620765686035156e+01
3.023632240295410156e+01
2.987949371337890625e+01
2.941620826721191406e+01
2.919784736633300781e+01
2.909912681579589844e+01
2.903450775146484375e+01
2.889280128479003906e+01
2.851951789855957031e+01
2.828131484985351562e+01
2.809772491455078125e+01
2.801839828491210938e+01
2.793368911743164062e+01
2.795344161987304688e+01
2.806025314331054688e+01
2.808236503601074219e+01
2.792460441589355469e+01
2.791564178466796875e+01
2.800726318359375000e+01
2.808054542541503906e+01
2.816727256774902344e+01
2.831031608581542969e+01
2.844491386413574219e+01
2.846286201477050781e+01
2.848514175415039062e+01
2.856893539428710938e+01
2.868248748779296875e+01
2.872053909301757812e+01
2.882315635681152344e+01
2.886172485351562500e+01
2.892510032653808594e+01
2.878379058837890625e+01
2.879977989196777344e+01
2.873016166687011719e+01
2.871564483642578125e+01
2.885869979858398438e+01
2.919734573364257812e+01
2.961767005920410156e+01
3.015635490417480469e+01
3.012290573120117188e+01
2.957044792175292969e+01
3.014348030090332031e+01
3.016346168518066406e+01
2.921807861328125000e+01
2.850004768371582031e+01
2.874324226379394531e+01
2.916135215759277344e+01
2.967675971984863281e+01
2.962012481689453125e+01
2.945445442199707031e+01
2.940159416198730469e+01
2.939133644104003906e+01
2.930416107177734375e+01
2.927760124206542969e+01
2.924403572082519531e+01
2.927751541137695312e+01
2.935603713989257812e+01
2.961156082153320312e+01
2.987166976928710938e+01
3.001733779907226562e+01
3.016548538208007812e+01
3.005425262451171875e+01
3.001057815551757812e+01
3.010984420776367188e+01
3.021611404418945312e+01
3.006967735290527344e+01
3.002540588378906250e+01
2.999561500549316406e+01
3.010447311401367188e+01
3.006941604614257812e+01
3.002884483337402344e+01
3.001467895507812500e+01
2.997020339965820312e+01
2.993094825744628906e+01
2.987603187561035156e+01
2.995482063293457031e+01
2.963582801818847656e+01
2.912989044189453125e+01
2.888885498046875000e+01
2.930940055847167969e+01
2.982030868530273438e+01
3.026088142395019531e+01
3.024637031555175781e+01
2.984277534484863281e+01
2.977786445617675781e+01
2.991850090026855469e+01
2.976130104064941406e+01
2.937802124023437500e+01
2.887918663024902344e+01
2.869083976745605469e+01
2.878005027770996094e+01
2.901015853881835938e+01
2.888670349121093750e+01
2.830002784729003906e+01
2.749916076660156250e+01
2.646487426757812500e+01
2.622852706909179688e+01
2.555133247375488281e+01
