2.574548721313476562e+01
2.593280029296875000e+01
2.602975463867187500e+01
2.603227043151855469e+01
2.607035636901855469e+01
2.625477790832519531e+01
2.660699272155761719e+01
2.679661560058593750e+01
2.702847862243652344e+01
2.714068794250488281e+01
2.704612731933593750e+01
2.669208526611328125e+01
2.669956398010253906e+01
2.677072525024414062e+01
2.668593025207519531e+01
2.679396820068359375e+01
2.671858024597167969e+01
2.679771423339843750e+01
2.711446380615234375e+01
2.760186576843261719e+01
2.758500099182128906e+01
2.754116439819335938e+01
2.760262489318847656e+01
2.757961463928222656e+01
2.767800712585449219e+01
2.806014060974121094e+01
2.861429023742675781e+01
2.894379425048828125e+01
2.904656028747558594e+01
2.913061714172363281e+01
2.914342689514160156e+01
2.907833290100097656e+01
2.898082351684570312e+01
2.886011886596679688e+01
2.889541053771972656e+01
2.899988174438476562e+01
2.924257659912109375e+01
2.954953765869140625e+01
2.968082809448242188e+01
2.969608688354492188e+01
2.964605522155761719e+01
2.966108703613281250e+01
2.981933212280273438e+01
2.991680335998535156e+01
2.995742034912109375e+01
2.980815696716308594e+01
2.963351249694824219e+01
2.956600570678710938e+01
2.963360977172851562e+01
2.978501319885253906e+01
2.989014244079589844e+01
2.984499359130859375e+01
2.968283271789550781e+01
2.947073936462402344e+01
2.937054824829101562e+01
2.947968482971191406e+01
2.961202812194824219e+01
2.976726341247558594e+01
2.992259979248046875e+01
2.987319946289062500e+01
2.971256828308105469e+01
2.964143943786621094e+01
2.974694633483886719e+01
2.984024620056152344e+01
2.998627090454101562e+01
3.006391143798828125e+01
3.006607437133789062e+01
2.991257667541503906e+01
2.978919601440429688e+01
2.971797370910644531e+01
2.965447807312011719e+01
2.977005958557128906e+01
2.998991584777832031e+01
3.015001678466796875e+01
3.022063446044921875e+01
3.023280715942382812e+01
3.032053565979003906e+01
3.017614173889160156e+01
3.003402519226074219e+01
2.934066772460937500e+01
2.818692398071289062e+01
2.674481964111328125e+01
2.613915061950683594e+01
2.579116249084472656e+01
2.606936073303222656e+01
2.701240348815917969e+01
2.733825111389160156e+01
2.719221305847167969e+01
2.699104499816894531e+01
2.713238716125488281e+01
2.711418724060058594e+01
2.663221740722656250e+01
2.593066406250000000e+01
2.632175827026367188e+01
2.670621490478515625e+01
2.694498252868652344e+01
2.684086608886718750e+01
2.664722251892089844e+01
2.669439888000488281e+01
2.695487594604492188e+01
2.709506607055664062e+01
2.717935943603515625e+01
2.712238883972167969e+01
2.690425491333007812e+01
2.702085304260253906e+01
2.693728065490722656e+01
2.651615905761718750e+01
2.582067108154296875e+01
