2.729111289978027344e+01
2.742032623291015625e+01
2.708680343627929688e+01
2.645668983459472656e+01
2.681041145324707031e+01
2.733961296081542969e+01
2.742739295959472656e+01
2.719672775268554688e+01
2.726153373718261719e+01
2.757220077514648438e+01
2.784334182739257812e+01
2.798779296875000000e+01
2.816713333129882812e+01
2.839913749694824219e+01
2.838019943237304688e+01
2.820399475097656250e+01
2.791422271728515625e+01
2.771627807617187500e+01
2.756133079528808594e+01
2.736162948608398438e+01
2.726665496826171875e+01
2.748326492309570312e+01
2.798278808593750000e+01
2.816147994995117188e+01
2.826736068725585938e+01
2.834133148193359375e+01
2.837807655334472656e+01
2.846345520019531250e+01
2.853805732727050781e+01
2.860395622253417969e+01
2.874532699584960938e+01
2.897259140014648438e+01
2.936890411376953125e+01
2.954592323303222656e+01
2.948170852661132812e+01
2.946426391601562500e+01
2.951398849487304688e+01
2.949785804748535156e+01
2.957159805297851562e+01
2.944453811645507812e+01
2.915439224243164062e+01
2.909896469116210938e+01
2.913060951232910156e+01
2.905754852294921875e+01
2.897872734069824219e+01
2.902717399597167969e+01
2.908887481689453125e+01
2.921464729309082031e+01
2.924533462524414062e+01
2.904224586486816406e+01
2.881312942504882812e+01
2.880938148498535156e+01
2.900740051269531250e+01
2.929599380493164062e+01
2.951798820495605469e+01
2.948084831237792969e+01
2.939645004272460938e+01
2.946802711486816406e+01
2.970920181274414062e+01
3.008814811706542969e+01
3.019022369384765625e+01
2.997457313537597656e+01
2.959700393676757812e+01
2.957415962219238281e+01
2.953946685791015625e+01
2.953615379333496094e+01
2.962386322021484375e+01
2.980759048461914062e+01
2.997545433044433594e+01
2.997294616699218750e+01
2.976852798461914062e+01
2.949318122863769531e+01
2.905353927612304688e+01
2.869794845581054688e+01
2.851596450805664062e+01
2.857925987243652344e+01
2.894365882873535156e+01
2.900247192382812500e+01
2.873349189758300781e+01
2.842045783996582031e+01
2.834789085388183594e+01
2.827231597900390625e+01
2.783975410461425781e+01
2.769224929809570312e+01
2.779800033569335938e+01
2.785615348815917969e+01
2.805470848083496094e+01
2.835829925537109375e+01
2.868416976928710938e+01
2.895365524291992188e+01
2.926853370666503906e+01
2.959197044372558594e+01
2.930348968505859375e+01
2.886069488525390625e+01
2.794765853881835938e+01
2.743122291564941406e+01
2.742860031127929688e+01
2.675215148925781250e+01
2.616295623779296875e+01
2.572681045532226562e+01
