3.490851974487304688e+01
3.514003753662109375e+01
3.543804931640625000e+01
3.534305572509765625e+01
3.533303833007812500e+01
3.541569900512695312e+01
3.556442260742187500e+01
3.615631866455078125e+01
3.570810699462890625e+01
3.583438873291015625e+01
3.584037017822265625e+01
3.526833343505859375e+01
3.546555709838867188e+01
3.636396026611328125e+01
3.666365814208984375e+01
3.674260711669921875e+01
3.701812362670898438e+01
3.773226928710937500e+01
3.794872283935546875e+01
3.785033035278320312e+01
3.761497116088867188e+01
3.718236160278320312e+01
3.764044189453125000e+01
3.775486373901367188e+01
3.773799133300781250e+01
3.764112854003906250e+01
3.721130752563476562e+01
3.519805145263671875e+01
3.491286468505859375e+01
3.483344650268554688e+01
3.522365188598632812e+01
3.556706237792968750e+01
3.590056991577148438e+01
3.649113464355468750e+01
3.661250305175781250e+01
3.675791931152343750e+01
3.708750152587890625e+01
3.712485504150390625e+01
3.713572692871093750e+01
3.713526153564453125e+01
3.716891479492187500e+01
3.719453430175781250e+01
3.721009826660156250e+01
3.710451126098632812e+01
3.701109695434570312e+01
3.694251632690429688e+01
3.697293853759765625e+01
3.697482299804687500e+01
3.697392654418945312e+01
3.697272109985351562e+01
3.689427947998046875e+01
3.679688262939453125e+01
3.660874557495117188e+01
3.642761230468750000e+01
3.614315032958984375e+01
3.553860855102539062e+01
3.536662292480468750e+01
3.583696746826171875e+01
3.651467514038085938e+01
3.645674514770507812e+01
3.620351028442382812e+01
3.598396682739257812e+01
3.654977798461914062e+01
3.681097793579101562e+01
3.692987060546875000e+01
3.701176834106445312e+01
3.717673110961914062e+01
3.742983245849609375e+01
3.752392196655273438e+01
3.748417663574218750e+01
3.722280120849609375e+01
3.684282302856445312e+01
3.613630294799804688e+01
3.559944915771484375e+01
3.549837112426757812e+01
3.529887390136718750e+01
3.513040161132812500e+01
3.499700927734375000e+01
3.494540405273437500e+01
3.513575744628906250e+01
3.533047103881835938e+01
3.565048980712890625e+01
3.564340209960937500e+01
3.577624511718750000e+01
3.610278320312500000e+01
3.612971115112304688e+01
3.584643936157226562e+01
3.634587097167968750e+01
3.665946197509765625e+01
3.679993057250976562e+01
3.636050796508789062e+01
3.686875152587890625e+01
3.697678375244140625e+01
3.698762893676757812e+01
3.686886596679687500e+01
3.655353164672851562e+01
3.644962692260742188e+01
3.483363342285156250e+01
3.459780502319335938e+01
3.443278884887695312e+01
3.463852310180664062e+01
3.489542770385742188e+01
3.584407043457031250e+01
