3.495765304565429688e+01
3.592737960815429688e+01
3.655197525024414062e+01
3.666590118408203125e+01
3.677646255493164062e+01
3.663844299316406250e+01
3.595982742309570312e+01
3.569604873657226562e+01
3.559889221191406250e+01
3.612008285522460938e+01
3.638182830810546875e+01
3.637524414062500000e+01
3.647235488891601562e+01
3.675673675537109375e+01
3.700426864624023438e+01
3.717558670043945312e+01
3.716666412353515625e+01
3.532117080688476562e+01
3.484904098510742188e+01
3.513003540039062500e+01
3.498789215087890625e+01
3.530422592163085938e+01
3.499690628051757812e+01
3.471884155273437500e+01
3.522022628784179688e+01
3.545313644409179688e+01
3.569411468505859375e+01
3.571582031250000000e+01
3.554765319824218750e+01
3.485294342041015625e+01
3.507203292846679688e+01
3.492341613769531250e+01
3.506008911132812500e+01
3.520045852661132812e+01
3.555282211303710938e+01
3.545267105102539062e+01
3.548135757446289062e+01
3.536365127563476562e+01
3.542456436157226562e+01
3.587782287597656250e+01
3.618692398071289062e+01
3.637720870971679688e+01
3.639393997192382812e+01
3.667777252197265625e+01
3.669575119018554688e+01
3.641732406616210938e+01
3.649333953857421875e+01
3.678186416625976562e+01
3.703290176391601562e+01
3.723207855224609375e+01
3.719878768920898438e+01
3.708123397827148438e+01
3.703924179077148438e+01
3.700736236572265625e+01
3.627993392944335938e+01
3.593714904785156250e+01
3.593139648437500000e+01
3.591700363159179688e+01
3.562233352661132812e+01
3.561090087890625000e+01
3.575385665893554688e+01
3.577419662475585938e+01
3.539734649658203125e+01
3.550107192993164062e+01
3.572918319702148438e+01
3.612062072753906250e+01
3.632712173461914062e+01
3.620423126220703125e+01
3.589881515502929688e+01
3.621344375610351562e+01
3.617542648315429688e+01
3.611888504028320312e+01
3.637663269042968750e+01
3.652592849731445312e+01
3.659590911865234375e+01
3.647814178466796875e+01
3.641089248657226562e+01
3.591869735717773438e+01
3.576160049438476562e+01
3.636503601074218750e+01
3.634108734130859375e+01
3.589169692993164062e+01
3.569710540771484375e+01
3.528861236572265625e+01
3.524827194213867188e+01
3.594981765747070312e+01
3.596721267700195312e+01
3.555904388427734375e+01
3.470291137695312500e+01
3.492598724365234375e+01
3.654253768920898438e+01
3.699863433837890625e+01
3.731789779663085938e+01
3.760258865356445312e+01
3.732821655273437500e+01
3.753394317626953125e+01
