2.847880363464355469e+01
2.852704811096191406e+01
2.915191078186035156e+01
2.892230606079101562e+01
2.824189376831054688e+01
2.782084083557128906e+01
2.776797294616699219e+01
2.781458663940429688e+01
2.812317085266113281e+01
2.812643051147460938e+01
2.808763122558593750e+01
2.815007781982421875e+01
2.823221206665039062e+01
2.821651840209960938e+01
2.817864227294921875e+01
2.798917007446289062e+01
2.785299873352050781e+01
2.761409187316894531e+01
2.739027786254882812e+01
2.730579185485839844e+01
2.746579360961914062e+01
2.762406349182128906e+01
2.777697563171386719e+01
2.784833526611328125e+01
2.757355499267578125e+01
2.741869163513183594e+01
2.757068252563476562e+01
2.782450675964355469e+01
2.787210464477539062e+01
2.791245841979980469e+01
2.786361122131347656e+01
2.779408836364746094e+01
2.776230239868164062e+01
2.780751228332519531e+01
2.791632652282714844e+01
2.802331352233886719e+01
2.803121376037597656e+01
2.807708549499511719e+01
2.828091239929199219e+01
2.845620346069335938e+01
2.850092887878417969e+01
2.849046707153320312e+01
2.857035255432128906e+01
2.871420669555664062e+01
2.881982994079589844e+01
2.901040267944335938e+01
2.913253593444824219e+01
2.920045089721679688e+01
2.925867652893066406e+01
2.929614830017089844e+01
2.931595802307128906e+01
2.931221580505371094e+01
2.920715522766113281e+01
2.898660278320312500e+01
2.874430656433105469e+01
2.858028602600097656e+01
2.858589744567871094e+01
2.866375923156738281e+01
2.883939361572265625e+01
2.897189140319824219e+01
2.891014480590820312e+01
2.883468246459960938e+01
2.867735862731933594e+01
2.846366119384765625e+01
2.837650108337402344e+01
2.833781242370605469e+01
2.828620529174804688e+01
2.837877273559570312e+01
2.841145706176757812e+01
2.844119453430175781e+01
2.836483955383300781e+01
2.842384338378906250e+01
2.860509300231933594e+01
2.877190208435058594e+01
2.872901725769042969e+01
2.862751960754394531e+01
2.858819389343261719e+01
2.848196029663085938e+01
2.844034194946289062e+01
2.850426673889160156e+01
2.867304039001464844e+01
2.879131698608398438e+01
2.875137519836425781e+01
2.849542236328125000e+01
2.822284126281738281e+01
2.805851936340332031e+01
2.799980545043945312e+01
2.803498458862304688e+01
2.807724380493164062e+01
2.828964614868164062e+01
2.837866401672363281e+01
2.793059539794921875e+01
2.667572784423828125e+01
2.652654647827148438e+01
2.726249694824218750e+01
2.723893737792968750e+01
2.729971694946289062e+01
2.733674621582031250e+01
2.658927917480468750e+01
