3.705436325073242188e+01
3.664749526977539062e+01
3.684544754028320312e+01
3.722879791259765625e+01
3.749787902832031250e+01
3.770348739624023438e+01
3.751961517333984375e+01
3.766125106811523438e+01
3.762281417846679688e+01
3.732427215576171875e+01
3.545531463623046875e+01
3.520836639404296875e+01
3.469261169433593750e+01
3.429072189331054688e+01
3.427067184448242188e+01
3.465436553955078125e+01
3.503539276123046875e+01
3.513645935058593750e+01
3.498615646362304688e+01
3.486874771118164062e+01
3.479324722290039062e+01
3.482199096679687500e+01
3.474503707885742188e+01
3.470213317871093750e+01
3.466930770874023438e+01
3.448123168945312500e+01
3.429049301147460938e+01
3.445919036865234375e+01
3.463544845581054688e+01
3.486684799194335938e+01
3.495243072509765625e+01
3.493850708007812500e+01
3.531075286865234375e+01
3.615653610229492188e+01
3.612120437622070312e+01
3.564994049072265625e+01
3.507175827026367188e+01
3.473622131347656250e+01
3.498396301269531250e+01
3.539273452758789062e+01
3.552662658691406250e+01
3.516717529296875000e+01
3.508316802978515625e+01
3.496331405639648438e+01
3.457483673095703125e+01
3.452157592773437500e+01
3.434783172607421875e+01
3.452013778686523438e+01
3.464152145385742188e+01
3.470991134643554688e+01
3.464788818359375000e+01
3.467042541503906250e+01
3.487183380126953125e+01
3.476116561889648438e+01
3.449676132202148438e+01
3.447646713256835938e+01
3.460284042358398438e+01
3.514250183105468750e+01
3.571183776855468750e+01
3.571412658691406250e+01
3.559972763061523438e+01
3.571236801147460938e+01
3.603527450561523438e+01
3.619141387939453125e+01
3.626126861572265625e+01
3.629954910278320312e+01
3.640058517456054688e+01
3.614663696289062500e+01
3.618263626098632812e+01
3.669304275512695312e+01
3.651177597045898438e+01
3.576055526733398438e+01
3.553691101074218750e+01
3.557035064697265625e+01
3.547151184082031250e+01
3.495857238769531250e+01
3.455217361450195312e+01
3.472101211547851562e+01
3.485600662231445312e+01
3.542032623291015625e+01
3.511103439331054688e+01
3.546928787231445312e+01
3.561523056030273438e+01
3.558731842041015625e+01
3.535113525390625000e+01
3.511067962646484375e+01
3.495411300659179688e+01
3.459469604492187500e+01
3.466921615600585938e+01
3.491488647460937500e+01
3.519825744628906250e+01
3.518982696533203125e+01
3.497310256958007812e+01
3.511068725585937500e+01
3.532472991943359375e+01
3.543371582031250000e+01
3.476666641235351562e+01
3.459555435180664062e+01
3.518616867065429688e+01
3.493092727661132812e+01
