2.600923347473144531e+01
2.545949745178222656e+01
2.525864982604980469e+01
2.517485427856445312e+01
2.551446723937988281e+01
2.605919265747070312e+01
2.625466728210449219e+01
2.636899566650390625e+01
2.639567565917968750e+01
2.605105018615722656e+01
2.592380332946777344e+01
2.616223526000976562e+01
2.651998329162597656e+01
2.685852432250976562e+01
2.664398193359375000e+01
2.639631652832031250e+01
2.630676460266113281e+01
2.624979209899902344e+01
2.650968933105468750e+01
2.688332748413085938e+01
2.697378158569335938e+01
2.702978706359863281e+01
2.678102874755859375e+01
2.649048042297363281e+01
2.641003990173339844e+01
2.618020439147949219e+01
2.585082626342773438e+01
2.566220855712890625e+01
2.547247695922851562e+01
2.545652961730957031e+01
2.547562217712402344e+01
2.548393440246582031e+01
2.546219062805175781e+01
2.553283119201660156e+01
2.552510452270507812e+01
2.556185722351074219e+01
2.585889434814453125e+01
2.593729209899902344e+01
2.610639381408691406e+01
2.619075393676757812e+01
2.619221878051757812e+01
2.620641326904296875e+01
2.622006416320800781e+01
2.623194122314453125e+01
2.607320404052734375e+01
2.606065940856933594e+01
2.620031166076660156e+01
2.611470794677734375e+01
2.586657142639160156e+01
2.556637763977050781e+01
2.542171478271484375e+01
2.528588294982910156e+01
2.516655349731445312e+01
2.517387962341308594e+01
2.536849212646484375e+01
2.525876617431640625e+01
2.540172958374023438e+01
2.572724914550781250e+01
2.590766525268554688e+01
2.595349311828613281e+01
2.589377975463867188e+01
2.591858673095703125e+01
2.599324226379394531e+01
2.594291114807128906e+01
2.600116729736328125e+01
2.603197669982910156e+01
2.599875450134277344e+01
2.598348426818847656e+01
2.610590934753417969e+01
2.635007095336914062e+01
2.647859954833984375e+01
2.645965766906738281e+01
2.648591423034667969e+01
2.651973533630371094e+01
2.656593894958496094e+01
2.650187110900878906e+01
2.653011703491210938e+01
2.657316589355468750e+01
2.649768257141113281e+01
2.648907470703125000e+01
2.656873512268066406e+01
2.659582519531250000e+01
2.650877761840820312e+01
2.656781959533691406e+01
2.655024909973144531e+01
2.651861763000488281e+01
2.646600532531738281e+01
2.648176956176757812e+01
2.643660545349121094e+01
2.651557350158691406e+01
2.661030769348144531e+01
2.665442085266113281e+01
2.670174217224121094e+01
2.674705314636230469e+01
2.673034095764160156e+01
2.665559196472167969e+01
2.624628829956054688e+01
2.610447883605957031e+01
2.617267036437988281e+01
2.621408081054687500e+01
2.632311820983886719e+01
2.653473281860351562e+01
2.654825782775878906e+01
2.659993743896484375e+01
