3.503773880004882812e+01
3.539739990234375000e+01
3.625611114501953125e+01
3.681354522705078125e+01
3.711317825317382812e+01
3.701820373535156250e+01
3.658422470092773438e+01
3.612735366821289062e+01
3.545674896240234375e+01
3.594956207275390625e+01
3.634112548828125000e+01
3.627367019653320312e+01
3.605253601074218750e+01
3.599158859252929688e+01
3.565589523315429688e+01
3.556697463989257812e+01
3.536497116088867188e+01
3.560789108276367188e+01
3.601950836181640625e+01
3.640769577026367188e+01
3.656756210327148438e+01
3.640319061279296875e+01
3.604258346557617188e+01
3.569031524658203125e+01
3.500288009643554688e+01
3.519702148437500000e+01
3.554423522949218750e+01
3.489666366577148438e+01
3.453957748413085938e+01
3.481276702880859375e+01
3.513413619995117188e+01
3.568259429931640625e+01
3.632409667968750000e+01
3.667380142211914062e+01
3.683127212524414062e+01
3.668367385864257812e+01
3.644083404541015625e+01
3.658567428588867188e+01
3.680349731445312500e+01
3.676065063476562500e+01
3.645510101318359375e+01
3.554936981201171875e+01
3.563766098022460938e+01
3.607744979858398438e+01
3.637035369873046875e+01
3.607143402099609375e+01
3.597789764404296875e+01
3.589958190917968750e+01
3.602540588378906250e+01
3.629612731933593750e+01
3.685668182373046875e+01
3.708935546875000000e+01
3.711962509155273438e+01
3.699539184570312500e+01
3.705154418945312500e+01
3.716263961791992188e+01
3.732660675048828125e+01
3.735345077514648438e+01
3.712884521484375000e+01
3.685552215576171875e+01
3.693120956420898438e+01
3.701274871826171875e+01
3.671680450439453125e+01
3.654565048217773438e+01
3.646342468261718750e+01
3.607217025756835938e+01
3.607924652099609375e+01
3.643897247314453125e+01
3.661861038208007812e+01
3.661776351928710938e+01
3.656166076660156250e+01
3.645689773559570312e+01
3.636686325073242188e+01
3.599303054809570312e+01
3.587784957885742188e+01
3.613275909423828125e+01
3.646527099609375000e+01
3.654116439819335938e+01
3.672254943847656250e+01
3.708755493164062500e+01
3.718102264404296875e+01
3.686912918090820312e+01
3.668135833740234375e+01
3.689448165893554688e+01
3.683965682983398438e+01
3.635858154296875000e+01
3.524420547485351562e+01
3.469547653198242188e+01
3.501980209350585938e+01
3.596751403808593750e+01
3.632476043701171875e+01
3.619467926025390625e+01
3.635852813720703125e+01
3.635205459594726562e+01
3.629294967651367188e+01
3.626687240600585938e+01
3.660805130004882812e+01
3.699688339233398438e+01
3.683272933959960938e+01
3.667638015747070312e+01
3.686376571655273438e+01
3.685166549682617188e+01
3.688938522338867188e+01
3.691859817504882812e+01
3.708966445922851562e+01
3.741463470458984375e+01
3.762551879882812500e+01
3.755615234375000000e+01
3.745814132690429688e+01
3.728329849243164062e+01
