3.200478744506835938e+01
3.185511207580566406e+01
3.112090110778808594e+01
3.068244171142578125e+01
3.111570549011230469e+01
3.140895843505859375e+01
3.172422027587890625e+01
3.205140304565429688e+01
3.170454406738281250e+01
3.154822731018066406e+01
3.158002853393554688e+01
3.193160057067871094e+01
3.223329925537109375e+01
3.236130905151367188e+01
3.215036010742187500e+01
3.175112915039062500e+01
3.122682189941406250e+01
3.155106353759765625e+01
3.245885467529296875e+01
3.285592269897460938e+01
3.269671249389648438e+01
3.266568756103515625e+01
3.227754211425781250e+01
3.214745712280273438e+01
3.208999633789062500e+01
3.204054260253906250e+01
3.196420097351074219e+01
3.197343444824218750e+01
3.185913085937500000e+01
3.159271621704101562e+01
3.139719200134277344e+01
3.139746284484863281e+01
3.138553047180175781e+01
3.079014396667480469e+01
3.041564750671386719e+01
3.078126525878906250e+01
3.058398628234863281e+01
3.066127395629882812e+01
3.095795631408691406e+01
3.155242919921875000e+01
3.206916046142578125e+01
3.232802963256835938e+01
3.231776046752929688e+01
3.238438796997070312e+01
3.237704467773437500e+01
3.249189376831054688e+01
3.266565704345703125e+01
3.247647857666015625e+01
3.235023880004882812e+01
3.205265808105468750e+01
3.155340194702148438e+01
3.127819061279296875e+01
3.131958198547363281e+01
3.135399246215820312e+01
3.139874649047851562e+01
3.170609855651855469e+01
3.176902008056640625e+01
3.177667427062988281e+01
3.167744827270507812e+01
3.127909088134765625e+01
3.090462303161621094e+01
3.086020088195800781e+01
3.103073883056640625e+01
3.092586898803710938e+01
3.094764709472656250e+01
3.076977539062500000e+01
3.086198425292968750e+01
3.116414642333984375e+01
3.137020683288574219e+01
3.139163589477539062e+01
3.126826858520507812e+01
3.113929557800292969e+01
3.096299743652343750e+01
3.109987258911132812e+01
3.139713478088378906e+01
3.162792968750000000e+01
3.199216842651367188e+01
3.232407379150390625e+01
3.256155395507812500e+01
3.263014221191406250e+01
3.241773605346679688e+01
3.211789703369140625e+01
3.203073120117187500e+01
3.177867317199707031e+01
3.147533035278320312e+01
3.114126777648925781e+01
3.031621742248535156e+01
2.962927436828613281e+01
2.971049308776855469e+01
2.994396972656250000e+01
3.009115028381347656e+01
3.031617736816406250e+01
3.086148643493652344e+01
3.087163543701171875e+01
3.057618522644042969e+01
3.081753921508789062e+01
3.112721633911132812e+01
