3.777184677124023438e+01
3.749923324584960938e+01
3.745706176757812500e+01
3.726254653930664062e+01
3.806578445434570312e+01
3.838943099975585938e+01
3.796666336059570312e+01
3.758690643310546875e+01
3.729451751708984375e+01
3.719842147827148438e+01
3.701834106445312500e+01
3.712569427490234375e+01
3.722788619995117188e+01
3.734854125976562500e+01
3.713884735107421875e+01
3.681151199340820312e+01
3.586915206909179688e+01
3.556106185913085938e+01
3.603971862792968750e+01
3.667185211181640625e+01
3.625499725341796875e+01
3.622870254516601562e+01
3.734440612792968750e+01
3.702745819091796875e+01
3.694892883300781250e+01
3.733105468750000000e+01
3.697777557373046875e+01
3.601159667968750000e+01
3.671348953247070312e+01
3.736137390136718750e+01
3.775047302246093750e+01
3.791731262207031250e+01
3.781668472290039062e+01
3.754785537719726562e+01
3.734323120117187500e+01
3.727823257446289062e+01
3.731475067138671875e+01
3.722313690185546875e+01
3.706390762329101562e+01
3.653435516357421875e+01
3.544609832763671875e+01
3.450800323486328125e+01
3.594477844238281250e+01
3.695690155029296875e+01
3.732615661621093750e+01
3.729429626464843750e+01
3.721926498413085938e+01
3.725213623046875000e+01
3.731632614135742188e+01
3.744250106811523438e+01
3.741405868530273438e+01
3.754637145996093750e+01
3.760197830200195312e+01
3.773012161254882812e+01
3.787588500976562500e+01
3.791064071655273438e+01
3.791000366210937500e+01
3.781805801391601562e+01
3.771091842651367188e+01
3.785369491577148438e+01
3.801692962646484375e+01
3.796215438842773438e+01
3.803865051269531250e+01
3.809404373168945312e+01
3.801895904541015625e+01
3.800845336914062500e+01
3.819941711425781250e+01
3.832806396484375000e+01
3.852040100097656250e+01
3.858057403564453125e+01
3.854396057128906250e+01
3.848704147338867188e+01
3.854085159301757812e+01
3.863014984130859375e+01
3.855322265625000000e+01
3.823450088500976562e+01
3.819121170043945312e+01
3.840340042114257812e+01
3.844643783569335938e+01
3.819352340698242188e+01
3.815299606323242188e+01
3.805263900756835938e+01
3.760731506347656250e+01
3.775271224975585938e+01
3.764228057861328125e+01
3.742431640625000000e+01
3.753789138793945312e+01
3.738589477539062500e+01
3.730539321899414062e+01
3.761571502685546875e+01
3.752954101562500000e+01
3.762282562255859375e+01
3.807698059082031250e+01
3.835517120361328125e+01
3.832739639282226562e+01
3.826900482177734375e+01
3.792594146728515625e+01
3.788257980346679688e+01
3.807938385009765625e+01
3.794173431396484375e+01
3.804636764526367188e+01
