2.696260833740234375e+01
2.684712028503417969e+01
2.664730072021484375e+01
2.643537902832031250e+01
2.632007598876953125e+01
2.602288818359375000e+01
2.602277946472167969e+01
2.608315277099609375e+01
2.584149551391601562e+01
2.594549179077148438e+01
2.618393898010253906e+01
2.644879722595214844e+01
2.650630950927734375e+01
2.653896522521972656e+01
2.647150611877441406e+01
2.638499832153320312e+01
2.631955528259277344e+01
2.633252143859863281e+01
2.643645286560058594e+01
2.641976928710937500e+01
2.628929138183593750e+01
2.607563018798828125e+01
2.588190078735351562e+01
2.589285659790039062e+01
2.608563423156738281e+01
2.647517013549804688e+01
2.661722564697265625e+01
2.642670822143554688e+01
2.624671363830566406e+01
2.611430740356445312e+01
2.590679550170898438e+01
2.583686256408691406e+01
2.590604400634765625e+01
2.604895210266113281e+01
2.621260833740234375e+01
2.629463195800781250e+01
2.633440399169921875e+01
2.626260566711425781e+01
2.612213897705078125e+01
2.614554786682128906e+01
2.621796226501464844e+01
2.616175460815429688e+01
2.616719055175781250e+01
2.617917633056640625e+01
2.609816551208496094e+01
2.584900283813476562e+01
2.569914245605468750e+01
2.569789123535156250e+01
2.576437759399414062e+01
2.586129951477050781e+01
2.599537277221679688e+01
2.610964775085449219e+01
2.619885253906250000e+01
2.619676780700683594e+01
2.617065811157226562e+01
2.610060310363769531e+01
2.599498367309570312e+01
2.600525093078613281e+01
2.598845291137695312e+01
2.583382987976074219e+01
2.571959495544433594e+01
2.579961395263671875e+01
2.598148727416992188e+01
2.604299354553222656e+01
2.614242744445800781e+01
2.626840591430664062e+01
2.640852165222167969e+01
2.647998619079589844e+01
2.655222129821777344e+01
2.658154678344726562e+01
2.655171394348144531e+01
2.650306701660156250e+01
2.638402366638183594e+01
2.630732727050781250e+01
2.636323738098144531e+01
2.641268920898437500e+01
2.648406028747558594e+01
2.662258338928222656e+01
2.658509063720703125e+01
2.667591094970703125e+01
2.690113449096679688e+01
2.705888366699218750e+01
2.701704406738281250e+01
2.698927879333496094e+01
2.694750976562500000e+01
2.670127868652343750e+01
2.652740669250488281e+01
2.651566123962402344e+01
2.659627151489257812e+01
2.641925811767578125e+01
2.636059379577636719e+01
2.643989372253417969e+01
2.640373229980468750e+01
2.657133102416992188e+01
2.671068572998046875e+01
2.682197380065917969e+01
2.657582473754882812e+01
2.634951210021972656e+01
2.616876029968261719e+01
2.585569000244140625e+01
2.566253280639648438e+01
2.566606903076171875e+01
2.574956130981445312e+01
2.572282981872558594e+01
2.559893798828125000e+01
2.547127532958984375e+01
