2.931322669982910156e+01
2.889215660095214844e+01
2.864559936523437500e+01
2.813310813903808594e+01
2.776710700988769531e+01
2.775885772705078125e+01
2.776060295104980469e+01
2.763760948181152344e+01
2.768623352050781250e+01
2.799926376342773438e+01
2.820887756347656250e+01
2.841594505310058594e+01
2.883580589294433594e+01
2.855726242065429688e+01
2.808741950988769531e+01
2.755727386474609375e+01
2.713138008117675781e+01
2.724519538879394531e+01
2.855784034729003906e+01
2.936903190612792969e+01
2.937129592895507812e+01
2.962202644348144531e+01
2.959505462646484375e+01
2.880218505859375000e+01
2.859759330749511719e+01
2.863224220275878906e+01
2.853778266906738281e+01
2.835503578186035156e+01
2.808561134338378906e+01
2.782894134521484375e+01
2.787243270874023438e+01
2.797429275512695312e+01
2.826271629333496094e+01
2.885139083862304688e+01
2.896006774902343750e+01
2.851524734497070312e+01
2.820816802978515625e+01
2.830052375793457031e+01
2.855071640014648438e+01
2.862374687194824219e+01
2.884559440612792969e+01
2.879478454589843750e+01
2.872630500793457031e+01
2.842799186706542969e+01
2.819033050537109375e+01
2.801895332336425781e+01
2.841012763977050781e+01
2.865163612365722656e+01
2.845609664916992188e+01
2.803704071044921875e+01
2.779320526123046875e+01
2.770332336425781250e+01
2.764742469787597656e+01
2.754183769226074219e+01
2.754438400268554688e+01
2.781041526794433594e+01
2.786921882629394531e+01
2.803069877624511719e+01
2.825456237792968750e+01
2.807431983947753906e+01
2.802785301208496094e+01
2.817647552490234375e+01
2.835743141174316406e+01
2.843014526367187500e+01
2.849898910522460938e+01
2.860711669921875000e+01
2.866124534606933594e+01
2.860491561889648438e+01
2.844083213806152344e+01
2.844690895080566406e+01
2.861012268066406250e+01
2.837443351745605469e+01
2.835882377624511719e+01
2.843007278442382812e+01
2.862289428710937500e+01
2.876452255249023438e+01
2.834871292114257812e+01
2.827964401245117188e+01
2.827256965637207031e+01
2.830603599548339844e+01
2.836727905273437500e+01
2.849368095397949219e+01
2.913830566406250000e+01
3.023312759399414062e+01
3.070845413208007812e+01
3.090728187561035156e+01
3.098472023010253906e+01
3.043629074096679688e+01
2.867927360534667969e+01
2.738474845886230469e+01
2.693093299865722656e+01
2.711582565307617188e+01
2.748055458068847656e+01
2.789942359924316406e+01
2.782454872131347656e+01
2.749347686767578125e+01
2.741848182678222656e+01
2.756080627441406250e+01
2.750178909301757812e+01
2.756536865234375000e+01
2.767457771301269531e+01
2.777857780456542969e+01
2.790023422241210938e+01
2.842063522338867188e+01
2.942852783203125000e+01
