2.578251838684082031e+01
2.601898384094238281e+01
2.597977066040039062e+01
2.571738243103027344e+01
2.549010086059570312e+01
2.534732627868652344e+01
2.538778877258300781e+01
2.536589813232421875e+01
2.530138587951660156e+01
2.532242584228515625e+01
2.522195625305175781e+01
2.501644134521484375e+01
2.492341613769531250e+01
2.500292396545410156e+01
2.500891304016113281e+01
2.493254661560058594e+01
2.497970008850097656e+01
2.513610649108886719e+01
2.526096725463867188e+01
2.529740524291992188e+01
2.528057861328125000e+01
2.521569824218750000e+01
2.520543289184570312e+01
2.523283004760742188e+01
2.523906135559082031e+01
2.521901702880859375e+01
2.516866683959960938e+01
2.490858840942382812e+01
2.476085090637207031e+01
2.485351562500000000e+01
2.523710632324218750e+01
2.551034545898437500e+01
2.566098594665527344e+01
2.579484558105468750e+01
2.583460998535156250e+01
2.569458580017089844e+01
2.563937187194824219e+01
2.560366821289062500e+01
2.552764320373535156e+01
2.555218887329101562e+01
2.561429977416992188e+01
2.563022041320800781e+01
2.567364120483398438e+01
2.567565917968750000e+01
2.566469955444335938e+01
2.566698265075683594e+01
2.556688117980957031e+01
2.553040504455566406e+01
2.565365219116210938e+01
2.561542129516601562e+01
2.552062606811523438e+01
2.544940567016601562e+01
2.545510101318359375e+01
2.545519828796386719e+01
2.539172363281250000e+01
2.534404754638671875e+01
2.532490348815917969e+01
2.535614013671875000e+01
2.538273429870605469e+01
2.535951995849609375e+01
2.534030914306640625e+01
2.534148406982421875e+01
2.533694458007812500e+01
2.523088455200195312e+01
2.514038276672363281e+01
2.514152526855468750e+01
2.515709495544433594e+01
2.515154838562011719e+01
2.518810844421386719e+01
2.519835853576660156e+01
2.529675483703613281e+01
2.542408943176269531e+01
2.554735946655273438e+01
2.570014190673828125e+01
2.582285690307617188e+01
2.593845939636230469e+01
2.600657844543457031e+01
2.608008956909179688e+01
2.613940238952636719e+01
2.615022468566894531e+01
2.606997299194335938e+01
2.614748954772949219e+01
2.636046600341796875e+01
2.629483985900878906e+01
2.617508316040039062e+01
2.615529251098632812e+01
2.616001319885253906e+01
2.636354827880859375e+01
2.643658256530761719e+01
2.640277862548828125e+01
2.630306243896484375e+01
2.611682701110839844e+01
2.602273750305175781e+01
2.601186561584472656e+01
2.605676269531250000e+01
2.608541107177734375e+01
2.616536331176757812e+01
2.610175514221191406e+01
2.611815643310546875e+01
2.621446800231933594e+01
2.617088508605957031e+01
2.598490905761718750e+01
2.609630775451660156e+01
2.648336791992187500e+01
2.629491043090820312e+01
2.613069915771484375e+01
