3.820937347412109375e+01
3.832895278930664062e+01
3.817341232299804688e+01
3.803016281127929688e+01
3.799984741210937500e+01
3.782610321044921875e+01
3.736914825439453125e+01
3.702626037597656250e+01
3.651781082153320312e+01
3.622415161132812500e+01
3.636891174316406250e+01
3.685612869262695312e+01
3.739006805419921875e+01
3.723917388916015625e+01
3.656051254272460938e+01
3.675886917114257812e+01
3.752236557006835938e+01
3.813313293457031250e+01
3.815079498291015625e+01
3.793540954589843750e+01
3.772275161743164062e+01
3.744562149047851562e+01
3.729970550537109375e+01
3.725367736816406250e+01
3.715613555908203125e+01
3.706425476074218750e+01
3.717392730712890625e+01
3.733573913574218750e+01
3.728522491455078125e+01
3.717589187622070312e+01
3.716378784179687500e+01
3.728152465820312500e+01
3.745175552368164062e+01
3.755665206909179688e+01
3.739826583862304688e+01
3.722253036499023438e+01
3.748358535766601562e+01
3.773601150512695312e+01
3.784498596191406250e+01
3.781496429443359375e+01
3.781946563720703125e+01
3.778907012939453125e+01
3.773148345947265625e+01
3.798138427734375000e+01
3.802465438842773438e+01
3.794252014160156250e+01
3.789328002929687500e+01
3.800496673583984375e+01
3.801113510131835938e+01
3.796572875976562500e+01
3.813447189331054688e+01
3.828356552124023438e+01
3.802942276000976562e+01
3.702577590942382812e+01
3.662887191772460938e+01
3.786926651000976562e+01
3.807855987548828125e+01
3.827377700805664062e+01
3.842911148071289062e+01
3.843600082397460938e+01
3.816132736206054688e+01
3.812026596069335938e+01
3.805159759521484375e+01
3.812559127807617188e+01
3.821142578125000000e+01
3.807606506347656250e+01
3.812868499755859375e+01
3.835877227783203125e+01
3.848136138916015625e+01
3.837891006469726562e+01
3.788777923583984375e+01
3.694741439819335938e+01
3.777941513061523438e+01
3.822732925415039062e+01
3.752835083007812500e+01
3.716710281372070312e+01
3.644679260253906250e+01
3.557476425170898438e+01
3.599296188354492188e+01
3.667559432983398438e+01
3.726457977294921875e+01
3.749593353271484375e+01
3.751730346679687500e+01
3.739012908935546875e+01
3.573387908935546875e+01
3.555278396606445312e+01
3.540173339843750000e+01
3.489508056640625000e+01
3.484186935424804688e+01
3.444001388549804688e+01
3.439707183837890625e+01
3.463147354125976562e+01
3.494041824340820312e+01
3.593929672241210938e+01
3.685161209106445312e+01
3.702617645263671875e+01
3.733378601074218750e+01
3.798732757568359375e+01
3.810107803344726562e+01
3.818656158447265625e+01
