2.732159042358398438e+01
2.755060005187988281e+01
2.767222213745117188e+01
2.767379570007324219e+01
2.771391868591308594e+01
2.727610969543457031e+01
2.703590011596679688e+01
2.692982673645019531e+01
2.694734382629394531e+01
2.675596046447753906e+01
2.645941162109375000e+01
2.630438041687011719e+01
2.639773178100585938e+01
2.661406707763671875e+01
2.664792060852050781e+01
2.684675216674804688e+01
2.691982460021972656e+01
2.678705787658691406e+01
2.663398742675781250e+01
2.664749908447265625e+01
2.676269340515136719e+01
2.686626434326171875e+01
2.683458328247070312e+01
2.682640457153320312e+01
2.677562904357910156e+01
2.659225273132324219e+01
2.644905853271484375e+01
2.634928321838378906e+01
2.626709556579589844e+01
2.633663177490234375e+01
2.638940620422363281e+01
2.644070434570312500e+01
2.667135047912597656e+01
2.671070861816406250e+01
2.673172569274902344e+01
2.674219703674316406e+01
2.685263061523437500e+01
2.671603965759277344e+01
2.663352966308593750e+01
2.653104019165039062e+01
2.661684608459472656e+01
2.672927093505859375e+01
2.679294776916503906e+01
2.670567512512207031e+01
2.647887992858886719e+01
2.608866882324218750e+01
2.590917778015136719e+01
2.592466354370117188e+01
2.593466377258300781e+01
2.598248672485351562e+01
2.603574562072753906e+01
2.623069572448730469e+01
2.648494148254394531e+01
2.667906188964843750e+01
2.701267051696777344e+01
2.718478965759277344e+01
2.713733673095703125e+01
2.699500846862792969e+01
2.689745521545410156e+01
2.682258605957031250e+01
2.679270935058593750e+01
2.669458007812500000e+01
2.649511337280273438e+01
2.628938865661621094e+01
2.607815742492675781e+01
2.591584587097167969e+01
2.576812362670898438e+01
2.566856575012207031e+01
2.564189910888671875e+01
2.563925361633300781e+01
2.567570686340332031e+01
2.562452507019042969e+01
2.563789939880371094e+01
2.570110893249511719e+01
2.580547714233398438e+01
2.597174644470214844e+01
2.610157203674316406e+01
2.604290199279785156e+01
2.593653106689453125e+01
2.581620216369628906e+01
2.563148307800292969e+01
2.554100227355957031e+01
2.551406288146972656e+01
2.543260192871093750e+01
2.519736289978027344e+01
2.464911842346191406e+01
2.425676918029785156e+01
2.404555702209472656e+01
2.395633506774902344e+01
2.389126777648925781e+01
2.379864120483398438e+01
2.375719261169433594e+01
2.373784065246582031e+01
2.373418235778808594e+01
2.382697296142578125e+01
2.401603889465332031e+01
2.438677597045898438e+01
2.443540382385253906e+01
2.471804237365722656e+01
2.494570732116699219e+01
2.507303810119628906e+01
2.506968307495117188e+01
2.528674697875976562e+01
2.564407539367675781e+01
2.609336280822753906e+01
