3.858188629150390625e+01
3.859036636352539062e+01
3.860165786743164062e+01
3.858404159545898438e+01
3.858833312988281250e+01
3.843169403076171875e+01
3.836780166625976562e+01
3.828346633911132812e+01
3.828432464599609375e+01
3.830360031127929688e+01
3.820427703857421875e+01
3.821804809570312500e+01
3.818509292602539062e+01
3.816989135742187500e+01
3.809826278686523438e+01
3.800269317626953125e+01
3.791667175292968750e+01
3.791757583618164062e+01
3.808568572998046875e+01
3.812040328979492188e+01
3.814323425292968750e+01
3.832629776000976562e+01
3.847784805297851562e+01
3.854090118408203125e+01
3.852332305908203125e+01
3.847307205200195312e+01
3.842377853393554688e+01
3.846946334838867188e+01
3.848370361328125000e+01
3.838053131103515625e+01
3.826240158081054688e+01
3.817661666870117188e+01
3.809968185424804688e+01
3.793510055541992188e+01
3.789239120483398438e+01
3.789717864990234375e+01
3.803273010253906250e+01
3.810752105712890625e+01
3.805992507934570312e+01
3.814310836791992188e+01
3.828510665893554688e+01
3.836292266845703125e+01
3.841875839233398438e+01
3.840729522705078125e+01
3.842715835571289062e+01
3.846786880493164062e+01
3.851092529296875000e+01
3.858702468872070312e+01
3.858394622802734375e+01
3.849544906616210938e+01
3.837137985229492188e+01
3.834816360473632812e+01
3.831396102905273438e+01
3.837080383300781250e+01
3.847582244873046875e+01
3.842623138427734375e+01
3.835546875000000000e+01
3.816303634643554688e+01
3.804492568969726562e+01
3.803929519653320312e+01
3.811394119262695312e+01
3.831467056274414062e+01
3.845540618896484375e+01
3.858752441406250000e+01
3.859307098388671875e+01
3.843593597412109375e+01
3.819804382324218750e+01
3.809733581542968750e+01
3.809529876708984375e+01
3.814499664306640625e+01
3.814379119873046875e+01
3.805265045166015625e+01
3.787437820434570312e+01
3.767234802246093750e+01
3.765253448486328125e+01
3.765771865844726562e+01
3.779996871948242188e+01
3.801120758056640625e+01
3.820011138916015625e+01
3.820248794555664062e+01
3.814216232299804688e+01
3.813259124755859375e+01
3.810260391235351562e+01
3.811528015136718750e+01
3.813356781005859375e+01
3.818721008300781250e+01
3.814144897460937500e+01
3.817658233642578125e+01
3.810607147216796875e+01
3.790333557128906250e+01
3.794203186035156250e+01
3.808377075195312500e+01
3.818934249877929688e+01
3.835492324829101562e+01
3.828715896606445312e+01
3.803728103637695312e+01
3.788684844970703125e+01
3.771913909912109375e+01
3.781055450439453125e+01
3.751437377929687500e+01
