2.715404891967773438e+01
2.721807479858398438e+01
2.735553550720214844e+01
2.720565223693847656e+01
2.724674797058105469e+01
2.740350723266601562e+01
2.725058746337890625e+01
2.713479232788085938e+01
2.695829391479492188e+01
2.672377777099609375e+01
2.646530151367187500e+01
2.617710685729980469e+01
2.577004623413085938e+01
2.592689514160156250e+01
2.654551315307617188e+01
2.668675804138183594e+01
2.684337997436523438e+01
2.697858619689941406e+01
2.711786651611328125e+01
2.721354484558105469e+01
2.747822952270507812e+01
2.765359687805175781e+01
2.755919265747070312e+01
2.764340591430664062e+01
2.756738853454589844e+01
2.745949363708496094e+01
2.767630767822265625e+01
2.787141609191894531e+01
2.812956047058105469e+01
2.823776817321777344e+01
2.829858779907226562e+01
2.820884895324707031e+01
2.810597801208496094e+01
2.805338287353515625e+01
2.792082977294921875e+01
2.770454216003417969e+01
2.749658203125000000e+01
2.739395713806152344e+01
2.735109519958496094e+01
2.719685173034667969e+01
2.706908226013183594e+01
2.704874610900878906e+01
2.709745788574218750e+01
2.719185066223144531e+01
2.726119804382324219e+01
2.734509658813476562e+01
2.732369041442871094e+01
2.731688499450683594e+01
2.734685897827148438e+01
2.746303558349609375e+01
2.745351600646972656e+01
2.747326469421386719e+01
2.755263519287109375e+01
2.761490249633789062e+01
2.779905700683593750e+01
2.788627243041992188e+01
2.773093032836914062e+01
2.748770713806152344e+01
2.725341415405273438e+01
2.753670883178710938e+01
2.828846549987792969e+01
2.842611694335937500e+01
2.834977340698242188e+01
2.856414031982421875e+01
2.906401634216308594e+01
2.910136795043945312e+01
2.909965324401855469e+01
2.915127944946289062e+01
2.914856338500976562e+01
2.901408195495605469e+01
2.878210830688476562e+01
2.854988670349121094e+01
2.843457603454589844e+01
2.855568695068359375e+01
2.859593582153320312e+01
2.797140312194824219e+01
2.772282600402832031e+01
2.767540359497070312e+01
2.772773361206054688e+01
2.794765663146972656e+01
2.801593589782714844e+01
2.794776725769042969e+01
2.809033775329589844e+01
2.833027648925781250e+01
2.832814788818359375e+01
2.837554550170898438e+01
2.846973228454589844e+01
2.834961700439453125e+01
2.813951873779296875e+01
2.794285774230957031e+01
2.785864639282226562e+01
2.785852241516113281e+01
2.777173614501953125e+01
2.795010757446289062e+01
2.830317687988281250e+01
2.855530929565429688e+01
2.832542991638183594e+01
