2.658775711059570312e+01
2.661834335327148438e+01
2.595007133483886719e+01
2.603632164001464844e+01
2.637978553771972656e+01
2.703162765502929688e+01
2.706507492065429688e+01
2.675912857055664062e+01
2.636182975769042969e+01
2.613212966918945312e+01
2.623764419555664062e+01
2.615329170227050781e+01
2.604933166503906250e+01
2.595862579345703125e+01
2.589946174621582031e+01
2.615963172912597656e+01
2.641733741760253906e+01
2.638068389892578125e+01
2.628083419799804688e+01
2.643762397766113281e+01
2.675318527221679688e+01
2.691967773437500000e+01
2.672219848632812500e+01
2.668217468261718750e+01
2.686186599731445312e+01
2.705411911010742188e+01
2.683601379394531250e+01
2.655200767517089844e+01
2.647420120239257812e+01
2.645174980163574219e+01
2.648170661926269531e+01
2.656672859191894531e+01
2.673075103759765625e+01
2.698667335510253906e+01
2.719782066345214844e+01
2.735099029541015625e+01
2.759050559997558594e+01
2.741985702514648438e+01
2.750403785705566406e+01
2.749951934814453125e+01
2.724238395690917969e+01
2.680693626403808594e+01
2.637992095947265625e+01
2.601192283630371094e+01
2.573654556274414062e+01
2.578410339355468750e+01
2.634020423889160156e+01
2.664503860473632812e+01
2.673593711853027344e+01
2.681588745117187500e+01
2.698391723632812500e+01
2.677734756469726562e+01
2.637138557434082031e+01
2.637991714477539062e+01
2.653656959533691406e+01
2.669423866271972656e+01
2.678720664978027344e+01
2.689437294006347656e+01
2.693114089965820312e+01
2.674883079528808594e+01
2.727854537963867188e+01
2.727688026428222656e+01
2.655673599243164062e+01
2.608939552307128906e+01
2.604875755310058594e+01
2.592473220825195312e+01
2.588197708129882812e+01
2.621738243103027344e+01
2.633244705200195312e+01
2.623033714294433594e+01
2.618384170532226562e+01
2.608107185363769531e+01
2.614348030090332031e+01
2.614456939697265625e+01
2.599931907653808594e+01
2.583795356750488281e+01
2.576489067077636719e+01
2.577882575988769531e+01
2.577573013305664062e+01
2.580011940002441406e+01
2.588317680358886719e+01
2.601955795288085938e+01
2.634747123718261719e+01
2.664410209655761719e+01
2.665213584899902344e+01
2.672315597534179688e+01
2.684391212463378906e+01
2.664118957519531250e+01
2.643377876281738281e+01
2.623131942749023438e+01
2.603501701354980469e+01
2.604819107055664062e+01
2.610493469238281250e+01
2.651225090026855469e+01
2.656101799011230469e+01
2.633243560791015625e+01
2.599336051940917969e+01
2.602470588684082031e+01
2.626570320129394531e+01
2.645334625244140625e+01
2.667295646667480469e+01
2.674558639526367188e+01
2.671580123901367188e+01
2.661990737915039062e+01
2.652515411376953125e+01
2.632095336914062500e+01
