3.563443374633789062e+01
3.481325149536132812e+01
3.478517150878906250e+01
3.446318435668945312e+01
3.485932540893554688e+01
3.554707336425781250e+01
3.589045333862304688e+01
3.435516357421875000e+01
3.372670745849609375e+01
3.364695739746093750e+01
3.303365707397460938e+01
3.260821533203125000e+01
3.268788528442382812e+01
3.336979293823242188e+01
3.398158645629882812e+01
3.452641296386718750e+01
3.449629974365234375e+01
3.402723693847656250e+01
3.391680908203125000e+01
3.380498886108398438e+01
3.365430450439453125e+01
3.344260025024414062e+01
3.368060684204101562e+01
3.390112304687500000e+01
3.363637161254882812e+01
3.349835586547851562e+01
3.360729598999023438e+01
3.373778533935546875e+01
3.399383163452148438e+01
3.424574279785156250e+01
3.432158660888671875e+01
3.421882247924804688e+01
3.416524505615234375e+01
3.410295867919921875e+01
3.420845413208007812e+01
3.427900314331054688e+01
3.422084045410156250e+01
3.421583175659179688e+01
3.378532791137695312e+01
3.356342697143554688e+01
3.368491744995117188e+01
3.386728286743164062e+01
3.398851013183593750e+01
3.419589233398437500e+01
3.434450531005859375e+01
3.445603179931640625e+01
3.433285140991210938e+01
3.434874343872070312e+01
3.427252197265625000e+01
3.414649963378906250e+01
3.427604675292968750e+01
3.441049957275390625e+01
3.453813934326171875e+01
3.473404693603515625e+01
3.472476196289062500e+01
3.460108184814453125e+01
3.462842941284179688e+01
3.482958221435546875e+01
3.475310134887695312e+01
3.470192337036132812e+01
3.474187850952148438e+01
3.459509658813476562e+01
3.474771118164062500e+01
3.493065261840820312e+01
3.492994689941406250e+01
3.474588394165039062e+01
3.456329345703125000e+01
3.441439056396484375e+01
3.431475830078125000e+01
3.421725463867187500e+01
3.423153305053710938e+01
3.416489028930664062e+01
3.425956726074218750e+01
3.431552124023437500e+01
3.468471527099609375e+01
3.539450836181640625e+01
3.560718536376953125e+01
3.547758102416992188e+01
3.505280685424804688e+01
3.427329635620117188e+01
3.399492645263671875e+01
3.389120483398437500e+01
3.384801101684570312e+01
3.380344772338867188e+01
3.379692077636718750e+01
3.377759933471679688e+01
3.407706069946289062e+01
3.433354187011718750e+01
3.451004791259765625e+01
3.464409255981445312e+01
3.459381866455078125e+01
3.527058410644531250e+01
3.637605285644531250e+01
3.617190170288085938e+01
3.588799667358398438e+01
3.593768692016601562e+01
3.667420578002929688e+01
3.694651412963867188e+01
3.678806686401367188e+01
3.603039550781250000e+01
