3.307122802734375000e+01
3.148641586303710938e+01
3.219604873657226562e+01
3.281593322753906250e+01
3.339384460449218750e+01
3.348542404174804688e+01
3.352293014526367188e+01
3.331818771362304688e+01
3.334251403808593750e+01
3.381484985351562500e+01
3.466071319580078125e+01
3.525004577636718750e+01
3.602517318725585938e+01
3.650096130371093750e+01
3.643782043457031250e+01
3.513071060180664062e+01
3.461121368408203125e+01
3.468612289428710938e+01
3.485140991210937500e+01
3.447326278686523438e+01
3.359793472290039062e+01
3.330667495727539062e+01
3.295899963378906250e+01
3.263147354125976562e+01
3.289187240600585938e+01
3.313213348388671875e+01
3.350505065917968750e+01
3.386706161499023438e+01
3.410383224487304688e+01
3.390775680541992188e+01
3.346766281127929688e+01
3.339339447021484375e+01
3.341889572143554688e+01
3.331325531005859375e+01
3.334015274047851562e+01
3.342551422119140625e+01
3.370338821411132812e+01
3.424306106567382812e+01
3.466740798950195312e+01
3.430395126342773438e+01
3.377153396606445312e+01
3.339983749389648438e+01
3.279535293579101562e+01
3.214567565917968750e+01
3.140472984313964844e+01
3.204971694946289062e+01
3.316097640991210938e+01
3.364759445190429688e+01
3.394991683959960938e+01
3.349934005737304688e+01
3.441110229492187500e+01
3.419198608398437500e+01
2.903598213195800781e+01
2.827181053161621094e+01
2.840114212036132812e+01
3.072785377502441406e+01
3.457059097290039062e+01
3.486145401000976562e+01
3.485575485229492188e+01
3.450242614746093750e+01
3.400729751586914062e+01
3.340306091308593750e+01
3.325178146362304688e+01
3.319171142578125000e+01
3.287711715698242188e+01
3.250452804565429688e+01
3.194553375244140625e+01
3.182274818420410156e+01
3.295505523681640625e+01
3.276556777954101562e+01
3.186422729492187500e+01
3.189772987365722656e+01
3.193957138061523438e+01
3.178367424011230469e+01
3.193479156494140625e+01
3.293640518188476562e+01
3.444925689697265625e+01
3.479549407958984375e+01
3.450339126586914062e+01
3.404077911376953125e+01
3.414786911010742188e+01
3.408329391479492188e+01
3.379821014404296875e+01
3.374068832397460938e+01
3.384607315063476562e+01
3.395505142211914062e+01
3.408086776733398438e+01
3.434721755981445312e+01
3.404642868041992188e+01
3.389822769165039062e+01
3.435351562500000000e+01
3.429179382324218750e+01
3.459814834594726562e+01
3.568376159667968750e+01
3.627283859252929688e+01
3.613756179809570312e+01
3.576670837402343750e+01
3.527187728881835938e+01
3.575410461425781250e+01
3.623108291625976562e+01
3.643291091918945312e+01
3.589733123779296875e+01
3.505506134033203125e+01
3.425786590576171875e+01
3.392271041870117188e+01
3.308311080932617188e+01
3.339041900634765625e+01
3.314841079711914062e+01
