2.591304206848144531e+01
2.622177505493164062e+01
2.633387565612792969e+01
2.595591163635253906e+01
2.569510269165039062e+01
2.565389823913574219e+01
2.551694488525390625e+01
2.541410255432128906e+01
2.539054107666015625e+01
2.549373245239257812e+01
2.547192764282226562e+01
2.544408226013183594e+01
2.553271293640136719e+01
2.566771697998046875e+01
2.593103027343750000e+01
2.600618553161621094e+01
2.601494979858398438e+01
2.602836036682128906e+01
2.601629257202148438e+01
2.595214080810546875e+01
2.585179519653320312e+01
2.580354690551757812e+01
2.588065528869628906e+01
2.590959739685058594e+01
2.590040588378906250e+01
2.582656288146972656e+01
2.584829139709472656e+01
2.590212249755859375e+01
2.593759346008300781e+01
2.607592010498046875e+01
2.616086959838867188e+01
2.604986381530761719e+01
2.596426010131835938e+01
2.592166328430175781e+01
2.590409660339355469e+01
2.586571311950683594e+01
2.588793182373046875e+01
2.591434669494628906e+01
2.590063858032226562e+01
2.590068054199218750e+01
2.593939590454101562e+01
2.591797256469726562e+01
2.578713607788085938e+01
2.562458992004394531e+01
2.546784782409667969e+01
2.545848274230957031e+01
2.552754783630371094e+01
2.555180931091308594e+01
2.552736663818359375e+01
2.547945404052734375e+01
2.542433547973632812e+01
2.541597366333007812e+01
2.547414016723632812e+01
2.560366058349609375e+01
2.566405105590820312e+01
2.568544006347656250e+01
2.554211807250976562e+01
2.532703590393066406e+01
2.521105384826660156e+01
2.510857963562011719e+01
2.513592338562011719e+01
2.518604469299316406e+01
2.528891944885253906e+01
2.536494445800781250e+01
2.551087951660156250e+01
2.559965515136718750e+01
2.563032341003417969e+01
2.555610466003417969e+01
2.543957519531250000e+01
2.539386558532714844e+01
2.537790489196777344e+01
2.536227989196777344e+01
2.539314460754394531e+01
2.539273834228515625e+01
2.544060707092285156e+01
2.538584136962890625e+01
2.527344131469726562e+01
2.517042350769042969e+01
2.507722282409667969e+01
2.499204444885253906e+01
2.484816360473632812e+01
2.472039794921875000e+01
2.456910133361816406e+01
2.443281745910644531e+01
2.440213203430175781e+01
2.430583763122558594e+01
2.409399414062500000e+01
2.397534751892089844e+01
2.370250320434570312e+01
2.384154319763183594e+01
2.356998062133789062e+01
2.322477722167968750e+01
2.335814094543457031e+01
