3.133002090454101562e+01
3.132564926147460938e+01
3.152153587341308594e+01
3.153476905822753906e+01
3.142608261108398438e+01
3.134380149841308594e+01
3.161097526550292969e+01
3.199430274963378906e+01
3.206940078735351562e+01
3.185937309265136719e+01
3.196390724182128906e+01
3.197592353820800781e+01
3.204669570922851562e+01
3.204185485839843750e+01
3.226144409179687500e+01
3.255604171752929688e+01
3.230016326904296875e+01
3.199174308776855469e+01
3.221245193481445312e+01
3.225243759155273438e+01
3.208739852905273438e+01
3.193915367126464844e+01
3.205809783935546875e+01
3.222905349731445312e+01
3.229812240600585938e+01
3.240190124511718750e+01
3.236026763916015625e+01
3.213669204711914062e+01
3.197821044921875000e+01
3.190153121948242188e+01
3.197697448730468750e+01
3.197828865051269531e+01
3.195993232727050781e+01
3.172781753540039062e+01
3.169343566894531250e+01
3.197523498535156250e+01
3.190032196044921875e+01
3.165727996826171875e+01
3.133197212219238281e+01
3.122230529785156250e+01
3.136791038513183594e+01
3.150830268859863281e+01
3.140630531311035156e+01
3.134198188781738281e+01
3.162533950805664062e+01
3.207319259643554688e+01
3.214098739624023438e+01
3.208472061157226562e+01
3.197764778137207031e+01
3.186663436889648438e+01
3.188119888305664062e+01
3.201699829101562500e+01
3.211147308349609375e+01
3.206688690185546875e+01
3.214769363403320312e+01
3.218233489990234375e+01
3.236422729492187500e+01
3.233387756347656250e+01
3.196802711486816406e+01
3.173497390747070312e+01
3.181026649475097656e+01
3.194206619262695312e+01
3.190954589843750000e+01
3.189249229431152344e+01
3.201866149902343750e+01
3.199217796325683594e+01
3.177128219604492188e+01
3.152178382873535156e+01
3.129723167419433594e+01
3.121256637573242188e+01
3.117619514465332031e+01
3.116117286682128906e+01
3.150647544860839844e+01
3.164631652832031250e+01
3.154278373718261719e+01
3.170077514648437500e+01
3.189760208129882812e+01
3.190049552917480469e+01
3.192985153198242188e+01
3.201390457153320312e+01
3.204451370239257812e+01
3.194467544555664062e+01
3.182494544982910156e+01
3.177758216857910156e+01
3.173609542846679688e+01
3.165929603576660156e+01
3.169562339782714844e+01
3.175354385375976562e+01
3.171565818786621094e+01
3.158230781555175781e+01
3.164537429809570312e+01
3.184626960754394531e+01
3.193174743652343750e+01
3.206333160400390625e+01
3.226034927368164062e+01
3.237754058837890625e+01
3.234472656250000000e+01
3.192288208007812500e+01
3.174814414978027344e+01
3.189367294311523438e+01
3.193603897094726562e+01
3.174443435668945312e+01
3.115307235717773438e+01
3.096026039123535156e+01
3.046816253662109375e+01
