3.565263366699218750e+01
3.497462844848632812e+01
3.515629959106445312e+01
3.524469375610351562e+01
3.585982894897460938e+01
3.605007171630859375e+01
3.513767242431640625e+01
3.613724899291992188e+01
3.665116119384765625e+01
3.599359893798828125e+01
3.467728424072265625e+01
3.443373870849609375e+01
3.464142608642578125e+01
3.462969970703125000e+01
3.449433898925781250e+01
3.462711715698242188e+01
3.474112319946289062e+01
3.463399887084960938e+01
3.476434326171875000e+01
3.499345779418945312e+01
3.524994277954101562e+01
3.549761962890625000e+01
3.535405731201171875e+01
3.581964492797851562e+01
3.608681488037109375e+01
3.596045684814453125e+01
3.573973846435546875e+01
3.592690277099609375e+01
3.569217681884765625e+01
3.538749694824218750e+01
3.524744796752929688e+01
3.520431137084960938e+01
3.550608062744140625e+01
3.505729675292968750e+01
3.502798461914062500e+01
3.515830612182617188e+01
3.526018905639648438e+01
3.519457244873046875e+01
3.493560409545898438e+01
3.493865585327148438e+01
3.501037979125976562e+01
3.525697326660156250e+01
3.501665878295898438e+01
3.491475296020507812e+01
3.514427185058593750e+01
3.507847595214843750e+01
3.543033218383789062e+01
3.635534667968750000e+01
3.689968109130859375e+01
3.688894271850585938e+01
3.657474136352539062e+01
3.661008834838867188e+01
3.663751983642578125e+01
3.625529861450195312e+01
3.542037582397460938e+01
3.496669387817382812e+01
3.499917984008789062e+01
3.546373748779296875e+01
3.591421127319335938e+01
3.712728118896484375e+01
3.610957336425781250e+01
3.511803817749023438e+01
3.449751663208007812e+01
3.411618041992187500e+01
3.427885055541992188e+01
3.475466537475585938e+01
3.501596832275390625e+01
3.512145996093750000e+01
3.505569076538085938e+01
3.513888549804687500e+01
3.528232574462890625e+01
3.543101882934570312e+01
3.543026733398437500e+01
3.532554626464843750e+01
3.529937744140625000e+01
3.547008514404296875e+01
3.538869857788085938e+01
3.513012313842773438e+01
3.500151824951171875e+01
3.502005386352539062e+01
3.583358764648437500e+01
3.609428024291992188e+01
3.552412033081054688e+01
3.513989639282226562e+01
3.484589385986328125e+01
3.496843719482421875e+01
3.555269622802734375e+01
3.615933609008789062e+01
3.559664154052734375e+01
3.484964752197265625e+01
3.420832061767578125e+01
3.379949951171875000e+01
3.373252487182617188e+01
3.390245056152343750e+01
3.431338119506835938e+01
3.454803848266601562e+01
3.426494216918945312e+01
3.438801956176757812e+01
3.448307800292968750e+01
3.456404876708984375e+01
3.455501556396484375e+01
3.455286407470703125e+01
3.453863143920898438e+01
3.452543640136718750e+01
3.446269226074218750e+01
3.445075607299804688e+01
3.437062835693359375e+01
3.429621505737304688e+01
3.443788146972656250e+01
