3.744324493408203125e+01
3.739594650268554688e+01
3.738730239868164062e+01
3.739468383789062500e+01
3.750001907348632812e+01
3.760342788696289062e+01
3.765427780151367188e+01
3.745012664794921875e+01
3.712508773803710938e+01
3.708396911621093750e+01
3.710456848144531250e+01
3.707537078857421875e+01
3.710341262817382812e+01
3.711088562011718750e+01
3.695425796508789062e+01
3.703595352172851562e+01
3.733180999755859375e+01
3.758712005615234375e+01
3.762111282348632812e+01
3.748271179199218750e+01
3.741301345825195312e+01
3.741022109985351562e+01
3.735341644287109375e+01
3.743358612060546875e+01
3.757354354858398438e+01
3.767265319824218750e+01
3.772854995727539062e+01
3.769257736206054688e+01
3.754512405395507812e+01
3.741794204711914062e+01
3.732158660888671875e+01
3.725235366821289062e+01
3.724089050292968750e+01
3.736504364013671875e+01
3.746200561523437500e+01
3.753507995605468750e+01
3.764764022827148438e+01
3.763160324096679688e+01
3.748624801635742188e+01
3.745785903930664062e+01
3.745047378540039062e+01
3.751315689086914062e+01
3.752746200561523438e+01
3.742776489257812500e+01
3.718118286132812500e+01
3.701961135864257812e+01
3.730438995361328125e+01
3.753248977661132812e+01
3.752013397216796875e+01
3.745520782470703125e+01
3.740388488769531250e+01
3.738906860351562500e+01
3.741767883300781250e+01
3.741772079467773438e+01
3.728453445434570312e+01
3.701676177978515625e+01
3.687613677978515625e+01
3.697017288208007812e+01
3.725882720947265625e+01
3.747904205322265625e+01
3.751892089843750000e+01
3.742832946777343750e+01
3.731121826171875000e+01
3.723959350585937500e+01
3.708785247802734375e+01
3.713452148437500000e+01
3.734440231323242188e+01
3.735347747802734375e+01
3.731329345703125000e+01
3.733266067504882812e+01
3.729374694824218750e+01
3.734406280517578125e+01
3.743455123901367188e+01
3.750569152832031250e+01
3.759297943115234375e+01
3.756370925903320312e+01
3.752727508544921875e+01
3.753436660766601562e+01
3.744884490966796875e+01
3.733203506469726562e+01
3.728988265991210938e+01
3.731703567504882812e+01
3.719918823242187500e+01
3.696418762207031250e+01
3.673106002807617188e+01
3.651544570922851562e+01
3.620882415771484375e+01
3.689780426025390625e+01
3.684852218627929688e+01
3.651859283447265625e+01
3.652618789672851562e+01
3.682597351074218750e+01
3.700368118286132812e+01
3.702725601196289062e+01
3.709412384033203125e+01
3.731985473632812500e+01
3.761891555786132812e+01
3.778231048583984375e+01
3.768146896362304688e+01
3.753078079223632812e+01
3.722281265258789062e+01
3.652760314941406250e+01
3.531296157836914062e+01
3.508572006225585938e+01
3.538740539550781250e+01
3.573124694824218750e+01
