3.269964218139648438e+01
3.387231445312500000e+01
3.595774459838867188e+01
3.652431106567382812e+01
3.599036026000976562e+01
3.406917953491210938e+01
3.328595733642578125e+01
3.435278320312500000e+01
3.495160675048828125e+01
3.491585159301757812e+01
3.494731903076171875e+01
3.526092529296875000e+01
3.562282943725585938e+01
3.604041671752929688e+01
3.640786361694335938e+01
3.650293731689453125e+01
3.633254241943359375e+01
3.623839187622070312e+01
3.629676818847656250e+01
3.648907089233398438e+01
3.629539108276367188e+01
3.606692504882812500e+01
3.524494171142578125e+01
3.448344421386718750e+01
3.539547348022460938e+01
3.624753952026367188e+01
3.656638717651367188e+01
3.650960159301757812e+01
3.627718734741210938e+01
3.603613281250000000e+01
3.622698974609375000e+01
3.661930847167968750e+01
3.695689773559570312e+01
3.721487808227539062e+01
3.739627075195312500e+01
3.746830749511718750e+01
3.756027984619140625e+01
3.763466262817382812e+01
3.785055923461914062e+01
3.802613830566406250e+01
3.807069396972656250e+01
3.781128311157226562e+01
3.746775054931640625e+01
3.717007827758789062e+01
3.701701354980468750e+01
3.712545394897460938e+01
3.705318069458007812e+01
3.674110412597656250e+01
3.646763610839843750e+01
3.626930999755859375e+01
3.611141586303710938e+01
3.599081039428710938e+01
3.617661666870117188e+01
3.653287506103515625e+01
3.670491027832031250e+01
3.684400558471679688e+01
3.676072311401367188e+01
3.662332916259765625e+01
3.651469039916992188e+01
3.646828079223632812e+01
3.643598556518554688e+01
3.615839385986328125e+01
3.587268829345703125e+01
3.579584503173828125e+01
3.597143936157226562e+01
3.635910034179687500e+01
3.650677871704101562e+01
3.621731948852539062e+01
3.590661621093750000e+01
3.552883911132812500e+01
3.492488479614257812e+01
3.473549270629882812e+01
3.504462814331054688e+01
3.523819351196289062e+01
3.527630996704101562e+01
3.514345550537109375e+01
3.476498794555664062e+01
3.450907516479492188e+01
3.490852355957031250e+01
3.515576934814453125e+01
3.529787445068359375e+01
3.553240585327148438e+01
3.615008163452148438e+01
3.660392379760742188e+01
3.687240600585937500e+01
3.693014907836914062e+01
3.713888931274414062e+01
3.734759140014648438e+01
3.725723266601562500e+01
3.670907211303710938e+01
3.658168411254882812e+01
3.670743179321289062e+01
3.663520812988281250e+01
3.648024749755859375e+01
3.636425018310546875e+01
3.635483169555664062e+01
3.622005844116210938e+01
3.616168594360351562e+01
3.604686355590820312e+01
3.586241531372070312e+01
3.581557846069335938e+01
3.610182571411132812e+01
3.603957748413085938e+01
3.630152511596679688e+01
3.640142440795898438e+01
3.612968063354492188e+01
3.585248184204101562e+01
3.622519302368164062e+01
