3.155931091308593750e+01
3.137390136718750000e+01
3.123622703552246094e+01
3.120368003845214844e+01
3.154381752014160156e+01
3.179506683349609375e+01
3.185777282714843750e+01
3.191711807250976562e+01
3.179053115844726562e+01
3.180006217956542969e+01
3.214834213256835938e+01
3.249163055419921875e+01
3.275083160400390625e+01
3.289754486083984375e+01
3.292913818359375000e+01
3.284611129760742188e+01
3.311697006225585938e+01
3.359880447387695312e+01
3.430724334716796875e+01
3.495031356811523438e+01
3.527625656127929688e+01
3.590936279296875000e+01
3.610531997680664062e+01
3.555560684204101562e+01
3.494567108154296875e+01
3.491288757324218750e+01
3.478959274291992188e+01
3.498566818237304688e+01
3.498753738403320312e+01
3.428664398193359375e+01
3.402379989624023438e+01
3.388777542114257812e+01
3.364474487304687500e+01
3.355478668212890625e+01
3.344379806518554688e+01
3.359239959716796875e+01
3.365670394897460938e+01
3.385605239868164062e+01
3.398995971679687500e+01
3.384296798706054688e+01
3.367132186889648438e+01
3.370408630371093750e+01
3.390555953979492188e+01
3.403839492797851562e+01
3.412813949584960938e+01
3.419401931762695312e+01
3.422463989257812500e+01
3.423941802978515625e+01
3.423031616210937500e+01
3.426053619384765625e+01
3.433425903320312500e+01
3.452752304077148438e+01
3.466414260864257812e+01
3.476514434814453125e+01
3.465713500976562500e+01
3.463873291015625000e+01
3.500100326538085938e+01
3.507448577880859375e+01
3.502765274047851562e+01
3.512602233886718750e+01
3.528938674926757812e+01
3.520437240600585938e+01
3.491753005981445312e+01
3.463574600219726562e+01
3.444787597656250000e+01
3.419183731079101562e+01
3.408098983764648438e+01
3.415393066406250000e+01
3.423397445678710938e+01
3.424511337280273438e+01
3.418488693237304688e+01
3.416294479370117188e+01
3.398274230957031250e+01
3.387506484985351562e+01
3.394017791748046875e+01
3.420930862426757812e+01
3.450954055786132812e+01
3.473418045043945312e+01
3.458465576171875000e+01
3.435556793212890625e+01
3.404056930541992188e+01
3.366031265258789062e+01
3.338672256469726562e+01
3.331045913696289062e+01
3.352947998046875000e+01
3.381248855590820312e+01
3.436915588378906250e+01
3.475287246704101562e+01
3.461539077758789062e+01
3.425559616088867188e+01
3.401480865478515625e+01
3.428915023803710938e+01
3.471607208251953125e+01
3.474005889892578125e+01
3.453440475463867188e+01
3.440157699584960938e+01
3.466520690917968750e+01
3.506180953979492188e+01
3.471809387207031250e+01
3.455168533325195312e+01
