3.851983261108398438e+01
3.864824676513671875e+01
3.861119461059570312e+01
3.869454193115234375e+01
3.862594223022460938e+01
3.838076400756835938e+01
3.812335205078125000e+01
3.795532226562500000e+01
3.793234252929687500e+01
3.772005081176757812e+01
3.770378875732421875e+01
3.748637771606445312e+01
3.761227798461914062e+01
3.780992126464843750e+01
3.769270324707031250e+01
3.782718658447265625e+01
3.799296569824218750e+01
3.802992630004882812e+01
3.802459335327148438e+01
3.792063903808593750e+01
3.776793289184570312e+01
3.771332931518554688e+01
3.769083023071289062e+01
3.763747787475585938e+01
3.764736557006835938e+01
3.777490997314453125e+01
3.788605499267578125e+01
3.787723922729492188e+01
3.794047927856445312e+01
3.789321136474609375e+01
3.777648544311523438e+01
3.783095932006835938e+01
3.802396011352539062e+01
3.815787506103515625e+01
3.825138092041015625e+01
3.830344390869140625e+01
3.829035949707031250e+01
3.820639419555664062e+01
3.823196792602539062e+01
3.823171997070312500e+01
3.804972076416015625e+01
3.783112335205078125e+01
3.785993194580078125e+01
3.785103607177734375e+01
3.797687530517578125e+01
3.791413879394531250e+01
3.807460784912109375e+01
3.832081985473632812e+01
3.852312469482421875e+01
3.850206756591796875e+01
3.847206115722656250e+01
3.844613265991210938e+01
3.843077850341796875e+01
3.829710006713867188e+01
3.836483383178710938e+01
3.831830596923828125e+01
3.832889556884765625e+01
3.838466262817382812e+01
3.824805068969726562e+01
3.816462326049804688e+01
3.820953369140625000e+01
3.819984436035156250e+01
3.820785903930664062e+01
3.817576980590820312e+01
3.822632980346679688e+01
3.820838165283203125e+01
3.841039276123046875e+01
3.856369018554687500e+01
3.879040908813476562e+01
3.890988540649414062e+01
3.895890808105468750e+01
3.884973144531250000e+01
3.872640991210937500e+01
3.872442245483398438e+01
3.866172027587890625e+01
3.863440704345703125e+01
3.860081100463867188e+01
3.850370788574218750e+01
3.851739883422851562e+01
3.840045928955078125e+01
3.824569702148437500e+01
3.815800094604492188e+01
3.817582321166992188e+01
3.813172912597656250e+01
3.806444168090820312e+01
3.805868911743164062e+01
3.800054550170898438e+01
3.783083724975585938e+01
3.792970657348632812e+01
3.799041366577148438e+01
3.808448028564453125e+01
3.822137832641601562e+01
3.821537780761718750e+01
3.831784057617187500e+01
3.829261779785156250e+01
3.829612350463867188e+01
3.829803085327148438e+01
3.810328292846679688e+01
3.798917388916015625e+01
3.827876663208007812e+01
3.823605728149414062e+01
3.842319107055664062e+01
3.842926788330078125e+01
3.825439453125000000e+01
3.825538635253906250e+01
3.809199142456054688e+01
3.802027130126953125e+01
