2.808158111572265625e+01
2.796386146545410156e+01
2.799799919128417969e+01
2.816187667846679688e+01
2.821695518493652344e+01
2.827116394042968750e+01
2.812839698791503906e+01
2.794785118103027344e+01
2.782450103759765625e+01
2.804642486572265625e+01
2.842250633239746094e+01
2.851476287841796875e+01
2.853036499023437500e+01
2.846518898010253906e+01
2.845347213745117188e+01
2.853206825256347656e+01
2.907461166381835938e+01
2.951942253112792969e+01
2.976171875000000000e+01
2.986643409729003906e+01
2.982002639770507812e+01
2.967979049682617188e+01
2.954606246948242188e+01
2.944668579101562500e+01
2.931108093261718750e+01
2.912969017028808594e+01
2.862833213806152344e+01
2.811700057983398438e+01
2.774348258972167969e+01
2.748921775817871094e+01
2.742151260375976562e+01
2.742526817321777344e+01
2.746579933166503906e+01
2.764184951782226562e+01
2.774472999572753906e+01
2.786927795410156250e+01
2.796852302551269531e+01
2.801901626586914062e+01
2.802873039245605469e+01
2.803880882263183594e+01
2.810103416442871094e+01
2.826759910583496094e+01
2.839740943908691406e+01
2.849270439147949219e+01
2.847293853759765625e+01
2.846165275573730469e+01
2.843725204467773438e+01
2.846286964416503906e+01
2.848346138000488281e+01
2.846432876586914062e+01
2.835874366760253906e+01
2.825527763366699219e+01
2.829409599304199219e+01
2.842909431457519531e+01
2.855673789978027344e+01
2.880168342590332031e+01
2.894357872009277344e+01
2.889361000061035156e+01
2.864504432678222656e+01
2.834681320190429688e+01
2.827327537536621094e+01
2.837650108337402344e+01
2.844410133361816406e+01
2.844211387634277344e+01
2.840274810791015625e+01
2.840945243835449219e+01
2.841175842285156250e+01
2.837985038757324219e+01
2.833098030090332031e+01
2.825806617736816406e+01
2.827492332458496094e+01
2.812195587158203125e+01
2.798065948486328125e+01
2.789564895629882812e+01
2.780025672912597656e+01
2.772473526000976562e+01
2.776759719848632812e+01
2.787816429138183594e+01
2.806146430969238281e+01
2.824531364440917969e+01
2.829372787475585938e+01
2.831180381774902344e+01
2.832410049438476562e+01
2.839538955688476562e+01
2.854636001586914062e+01
2.824773216247558594e+01
2.757214736938476562e+01
2.705141258239746094e+01
2.681704711914062500e+01
2.709250831604003906e+01
2.728750610351562500e+01
2.702826690673828125e+01
2.698946189880371094e+01
2.697673416137695312e+01
2.713205528259277344e+01
2.728431510925292969e+01
2.744161605834960938e+01
2.756184196472167969e+01
2.750306129455566406e+01
2.696014404296875000e+01
2.681925010681152344e+01
