2.703550338745117188e+01
2.678771781921386719e+01
2.678593254089355469e+01
2.653611183166503906e+01
2.663520050048828125e+01
2.670951652526855469e+01
2.650972557067871094e+01
2.620825958251953125e+01
2.627233314514160156e+01
2.625393676757812500e+01
2.619459533691406250e+01
2.653729438781738281e+01
2.668144035339355469e+01
2.678810310363769531e+01
2.666859817504882812e+01
2.657828903198242188e+01
2.644907760620117188e+01
2.607762527465820312e+01
2.567230415344238281e+01
2.542258834838867188e+01
2.518309402465820312e+01
2.489108085632324219e+01
2.489877700805664062e+01
2.498564910888671875e+01
2.493949127197265625e+01
2.491026496887207031e+01
2.489504241943359375e+01
2.503404808044433594e+01
2.522409629821777344e+01
2.526229095458984375e+01
2.531129264831542969e+01
2.521534729003906250e+01
2.510605239868164062e+01
2.509579658508300781e+01
2.500923347473144531e+01
2.489258003234863281e+01
2.492586326599121094e+01
2.495361709594726562e+01
2.509917259216308594e+01
2.523102951049804688e+01
2.537833786010742188e+01
2.536657714843750000e+01
2.525793457031250000e+01
2.514472579956054688e+01
2.508237075805664062e+01
2.500823402404785156e+01
2.494768905639648438e+01
2.489712715148925781e+01
2.491386795043945312e+01
2.498232078552246094e+01
2.512419700622558594e+01
2.524123764038085938e+01
2.534737968444824219e+01
2.547098731994628906e+01
2.549028205871582031e+01
2.543259811401367188e+01
2.541256713867187500e+01
2.550908660888671875e+01
2.552176094055175781e+01
2.554549598693847656e+01
2.554382896423339844e+01
2.555439949035644531e+01
2.554922294616699219e+01
2.551956748962402344e+01
2.551423454284667969e+01
2.550502967834472656e+01
2.551392555236816406e+01
2.556745147705078125e+01
2.560625076293945312e+01
2.563297080993652344e+01
2.564639472961425781e+01
2.563386154174804688e+01
2.574790191650390625e+01
2.573241424560546875e+01
2.564691734313964844e+01
2.564334678649902344e+01
2.564101982116699219e+01
2.560201644897460938e+01
2.561014556884765625e+01
2.564663314819335938e+01
2.563851737976074219e+01
2.562915611267089844e+01
2.565111732482910156e+01
2.560936355590820312e+01
2.558670616149902344e+01
2.555844688415527344e+01
2.543635368347167969e+01
2.542825126647949219e+01
2.540242385864257812e+01
2.546451377868652344e+01
2.555139160156250000e+01
2.563790130615234375e+01
2.572320365905761719e+01
2.568642234802246094e+01
2.551026725769042969e+01
2.541200828552246094e+01
2.552292060852050781e+01
2.562362480163574219e+01
2.584165573120117188e+01
2.611073493957519531e+01
2.622523689270019531e+01
2.617610168457031250e+01
2.604711341857910156e+01
2.592778015136718750e+01
2.599591255187988281e+01
2.605844688415527344e+01
2.580207443237304688e+01
