2.396069717407226562e+01
2.375919342041015625e+01
2.385050201416015625e+01
2.399053955078125000e+01
2.405276870727539062e+01
2.399439239501953125e+01
2.412200355529785156e+01
2.425630760192871094e+01
2.437117195129394531e+01
2.450979995727539062e+01
2.465573310852050781e+01
2.479841804504394531e+01
2.478170394897460938e+01
2.465797996520996094e+01
2.455448722839355469e+01
2.450022315979003906e+01
2.445764732360839844e+01
2.444976043701171875e+01
2.447862434387207031e+01
2.453534507751464844e+01
2.451193809509277344e+01
2.453214263916015625e+01
2.447925758361816406e+01
2.432806968688964844e+01
2.416630554199218750e+01
2.406843376159667969e+01
2.396158790588378906e+01
2.387202453613281250e+01
2.379058265686035156e+01
2.385304069519042969e+01
2.389105033874511719e+01
2.393923377990722656e+01
2.400673675537109375e+01
2.396877670288085938e+01
2.392999649047851562e+01
2.392853927612304688e+01
2.390342712402343750e+01
2.381215286254882812e+01
2.382940864562988281e+01
2.385833358764648438e+01
2.392547798156738281e+01
2.393193817138671875e+01
2.384903144836425781e+01
2.392338180541992188e+01
2.404518890380859375e+01
2.402026939392089844e+01
2.394090080261230469e+01
2.384876632690429688e+01
2.389077568054199219e+01
2.402783393859863281e+01
2.412931251525878906e+01
2.412078857421875000e+01
2.410867881774902344e+01
2.391480255126953125e+01
2.395119667053222656e+01
2.415537071228027344e+01
2.410663604736328125e+01
2.385666656494140625e+01
2.368603706359863281e+01
2.354916000366210938e+01
2.356066322326660156e+01
2.358285140991210938e+01
2.360437202453613281e+01
2.369067764282226562e+01
2.395353698730468750e+01
2.422535896301269531e+01
2.422893905639648438e+01
2.431644058227539062e+01
2.445559120178222656e+01
2.421426773071289062e+01
2.408176040649414062e+01
2.387397956848144531e+01
2.395266532897949219e+01
2.418062973022460938e+01
2.438540267944335938e+01
2.451150512695312500e+01
2.488768959045410156e+01
2.526788711547851562e+01
2.530547332763671875e+01
2.530047607421875000e+01
2.524848556518554688e+01
2.514588546752929688e+01
2.494581985473632812e+01
2.454578781127929688e+01
2.438484001159667969e+01
2.459661483764648438e+01
2.482805633544921875e+01
2.498495864868164062e+01
2.502714538574218750e+01
2.490648841857910156e+01
2.475321006774902344e+01
2.467691612243652344e+01
2.447454452514648438e+01
2.436190414428710938e+01
2.426248359680175781e+01
2.431608772277832031e+01
2.464704322814941406e+01
2.501918983459472656e+01
2.540590476989746094e+01
2.546025657653808594e+01
2.542735862731933594e+01
2.547843170166015625e+01
2.540906715393066406e+01
2.554954338073730469e+01
