2.624878501892089844e+01
2.636837768554687500e+01
2.665558052062988281e+01
2.682534027099609375e+01
2.697638511657714844e+01
2.699677085876464844e+01
2.729323196411132812e+01
2.750359535217285156e+01
2.740276336669921875e+01
2.747933387756347656e+01
2.748552322387695312e+01
2.755041503906250000e+01
2.771304130554199219e+01
2.772898101806640625e+01
2.778163719177246094e+01
2.770045471191406250e+01
2.750902557373046875e+01
2.737902641296386719e+01
2.729718589782714844e+01
2.737730216979980469e+01
2.745790863037109375e+01
2.738652610778808594e+01
2.733101844787597656e+01
2.730359268188476562e+01
2.717541313171386719e+01
2.712456893920898438e+01
2.709434890747070312e+01
2.703502082824707031e+01
2.694957733154296875e+01
2.677673530578613281e+01
2.663849830627441406e+01
2.646791648864746094e+01
2.635588264465332031e+01
2.636121368408203125e+01
2.645792770385742188e+01
2.653890800476074219e+01
2.655723190307617188e+01
2.666247749328613281e+01
2.677108001708984375e+01
2.692708396911621094e+01
2.702299118041992188e+01
2.711671447753906250e+01
2.712726783752441406e+01
2.709777832031250000e+01
2.706608772277832031e+01
2.691099739074707031e+01
2.689074707031250000e+01
2.692217254638671875e+01
2.708217048645019531e+01
2.726005554199218750e+01
2.739163780212402344e+01
2.744223022460937500e+01
2.740946197509765625e+01
2.719576644897460938e+01
2.719647026062011719e+01
2.739143371582031250e+01
2.756257629394531250e+01
2.759615325927734375e+01
2.749513244628906250e+01
2.756096458435058594e+01
2.778344726562500000e+01
2.788344192504882812e+01
2.795233917236328125e+01
2.799039840698242188e+01
2.804702377319335938e+01
2.797465896606445312e+01
2.793923568725585938e+01
2.794120025634765625e+01
2.777828598022460938e+01
2.755854988098144531e+01
2.742532539367675781e+01
2.737690353393554688e+01
2.734771728515625000e+01
2.725141525268554688e+01
2.716438293457031250e+01
2.704059410095214844e+01
2.689819908142089844e+01
2.685540199279785156e+01
2.671916580200195312e+01
2.669562530517578125e+01
2.666401863098144531e+01
2.656335067749023438e+01
2.647996330261230469e+01
2.652777862548828125e+01
2.666685676574707031e+01
2.665334510803222656e+01
2.647965431213378906e+01
2.652026748657226562e+01
2.658366584777832031e+01
2.683497619628906250e+01
2.682612228393554688e+01
2.658517074584960938e+01
2.624280166625976562e+01
2.575087928771972656e+01
2.564982795715332031e+01
2.567859458923339844e+01
2.545844650268554688e+01
