3.555627822875976562e+01
3.585055923461914062e+01
3.640766143798828125e+01
3.689134979248046875e+01
3.709795761108398438e+01
3.746000289916992188e+01
3.742150497436523438e+01
3.695572280883789062e+01
3.638345336914062500e+01
3.694618225097656250e+01
3.748463439941406250e+01
3.706626892089843750e+01
3.658606719970703125e+01
3.697112655639648438e+01
3.746261978149414062e+01
3.785358047485351562e+01
3.803349304199218750e+01
3.802589035034179688e+01
3.788771057128906250e+01
3.778680038452148438e+01
3.762975311279296875e+01
3.744173812866210938e+01
3.644152450561523438e+01
3.583886718750000000e+01
3.594947052001953125e+01
3.654946136474609375e+01
3.736415863037109375e+01
3.758845901489257812e+01
3.740918350219726562e+01
3.746984100341796875e+01
3.714446258544921875e+01
3.607542037963867188e+01
3.618315124511718750e+01
3.647874069213867188e+01
3.614094924926757812e+01
3.638691329956054688e+01
3.701031875610351562e+01
3.685060882568359375e+01
3.696104431152343750e+01
3.750797271728515625e+01
3.741896820068359375e+01
3.741903305053710938e+01
3.782680892944335938e+01
3.809357833862304688e+01
3.803940963745117188e+01
3.814545059204101562e+01
3.826278686523437500e+01
3.837476348876953125e+01
3.826118469238281250e+01
3.811618804931640625e+01
3.809239196777343750e+01
3.812393569946289062e+01
3.812115097045898438e+01
3.807442092895507812e+01
3.797735595703125000e+01
3.790336227416992188e+01
3.799531936645507812e+01
3.801215744018554688e+01
3.785146713256835938e+01
3.784380722045898438e+01
3.819063568115234375e+01
3.832698440551757812e+01
3.859763717651367188e+01
3.855501937866210938e+01
3.850605010986328125e+01
3.836472702026367188e+01
3.792703628540039062e+01
3.702460479736328125e+01
3.655131530761718750e+01
3.729566955566406250e+01
3.748280334472656250e+01
3.742316818237304688e+01
3.728892517089843750e+01
3.750227355957031250e+01
3.753018188476562500e+01
3.754744338989257812e+01
3.740237045288085938e+01
3.750548934936523438e+01
3.731365585327148438e+01
3.725169372558593750e+01
3.764185333251953125e+01
3.793791198730468750e+01
3.807736206054687500e+01
3.750656509399414062e+01
3.671989059448242188e+01
3.745859909057617188e+01
3.764579010009765625e+01
3.765952301025390625e+01
3.723128128051757812e+01
3.731016159057617188e+01
3.721302032470703125e+01
3.746208190917968750e+01
3.732825469970703125e+01
3.678112411499023438e+01
3.623408126831054688e+01
3.664405441284179688e+01
3.653731155395507812e+01
3.668347167968750000e+01
3.698427963256835938e+01
3.690272903442382812e+01
3.679690170288085938e+01
