3.606606674194335938e+01
3.613361740112304688e+01
3.597581481933593750e+01
3.578550720214843750e+01
3.522833633422851562e+01
3.500702285766601562e+01
3.499203872680664062e+01
3.478565597534179688e+01
3.469489288330078125e+01
3.351485061645507812e+01
3.376482772827148438e+01
3.455004501342773438e+01
3.420417022705078125e+01
3.412924957275390625e+01
3.392799377441406250e+01
3.360406875610351562e+01
3.270808029174804688e+01
3.236490631103515625e+01
3.217634201049804688e+01
3.238244247436523438e+01
3.209989929199218750e+01
3.308105468750000000e+01
3.418448638916015625e+01
3.427539825439453125e+01
3.465294265747070312e+01
3.494802856445312500e+01
3.558650207519531250e+01
3.614773178100585938e+01
3.609438323974609375e+01
3.573958587646484375e+01
3.544893264770507812e+01
3.547351074218750000e+01
3.509651565551757812e+01
3.498107147216796875e+01
3.503997039794921875e+01
3.474728775024414062e+01
3.431453704833984375e+01
3.398969268798828125e+01
3.376781845092773438e+01
3.351705551147460938e+01
3.355021286010742188e+01
3.365731811523437500e+01
3.397148513793945312e+01
3.423501205444335938e+01
3.459236526489257812e+01
3.468519210815429688e+01
3.476315689086914062e+01
3.504005813598632812e+01
3.450743865966796875e+01
3.431503677368164062e+01
3.433235168457031250e+01
3.459399414062500000e+01
3.492950439453125000e+01
3.497197341918945312e+01
3.483097076416015625e+01
3.518664932250976562e+01
3.558982086181640625e+01
3.606632614135742188e+01
3.616110992431640625e+01
3.614407348632812500e+01
3.594970321655273438e+01
3.545838546752929688e+01
3.496471405029296875e+01
3.481120300292968750e+01
3.491721343994140625e+01
3.527211380004882812e+01
3.529631042480468750e+01
3.507356643676757812e+01
3.516216278076171875e+01
3.589592742919921875e+01
3.617011260986328125e+01
3.600995254516601562e+01
3.619314193725585938e+01
3.672777175903320312e+01
3.669935607910156250e+01
3.615442276000976562e+01
3.581376647949218750e+01
3.613893890380859375e+01
3.641600799560546875e+01
3.608475112915039062e+01
3.553709793090820312e+01
3.532208251953125000e+01
3.575255203247070312e+01
3.604228210449218750e+01
3.480842971801757812e+01
3.511573410034179688e+01
3.626037979125976562e+01
3.724999237060546875e+01
3.728239822387695312e+01
3.729994201660156250e+01
3.717972564697265625e+01
3.721371459960937500e+01
3.720920562744140625e+01
3.715984344482421875e+01
3.706019210815429688e+01
3.687937545776367188e+01
3.651027679443359375e+01
3.639455413818359375e+01
