3.458133697509765625e+01
3.464294052124023438e+01
3.482534408569335938e+01
3.624834823608398438e+01
3.636334228515625000e+01
3.609709930419921875e+01
3.612497329711914062e+01
3.609127044677734375e+01
3.644123077392578125e+01
3.718612670898437500e+01
3.713996124267578125e+01
3.649937820434570312e+01
3.622708129882812500e+01
3.626105499267578125e+01
3.689718627929687500e+01
3.655429840087890625e+01
3.478669738769531250e+01
3.379278564453125000e+01
3.343881607055664062e+01
3.335801696777343750e+01
3.338712692260742188e+01
3.375247573852539062e+01
3.509255981445312500e+01
3.393223190307617188e+01
3.340441894531250000e+01
3.306899261474609375e+01
3.326760864257812500e+01
3.322313690185546875e+01
3.340967178344726562e+01
3.409713363647460938e+01
3.521817779541015625e+01
3.567476654052734375e+01
3.546210479736328125e+01
3.512701797485351562e+01
3.462751007080078125e+01
3.457952499389648438e+01
3.502098083496093750e+01
3.559513854980468750e+01
3.613537216186523438e+01
3.622623062133789062e+01
3.502812957763671875e+01
3.410482025146484375e+01
3.360437774658203125e+01
3.352058029174804688e+01
3.364047241210937500e+01
3.380457305908203125e+01
3.383765792846679688e+01
3.396286392211914062e+01
3.399187088012695312e+01
3.422021865844726562e+01
3.429107666015625000e+01
3.453884124755859375e+01
3.513299179077148438e+01
3.569744491577148438e+01
3.537770462036132812e+01
3.459570312500000000e+01
3.452718734741210938e+01
3.466923141479492188e+01
3.442797470092773438e+01
3.421182250976562500e+01
3.420166015625000000e+01
3.491691970825195312e+01
3.595757675170898438e+01
3.617055130004882812e+01
3.622791671752929688e+01
3.625791931152343750e+01
3.620077896118164062e+01
3.541138839721679688e+01
3.485480117797851562e+01
3.437612533569335938e+01
3.437731170654296875e+01
3.449935531616210938e+01
3.474872589111328125e+01
3.545370864868164062e+01
3.556718063354492188e+01
3.530196762084960938e+01
3.524159240722656250e+01
3.483141326904296875e+01
3.450226593017578125e+01
3.469614028930664062e+01
3.636788940429687500e+01
3.673001098632812500e+01
3.657248687744140625e+01
3.638729858398437500e+01
3.582836914062500000e+01
3.533935546875000000e+01
3.508517074584960938e+01
3.445025253295898438e+01
3.401380538940429688e+01
3.368628311157226562e+01
3.373245239257812500e+01
3.404434585571289062e+01
3.422399139404296875e+01
3.414197921752929688e+01
3.423851776123046875e+01
3.452017974853515625e+01
3.448170852661132812e+01
3.414058303833007812e+01
3.419626235961914062e+01
