3.785965347290039062e+01
3.808319091796875000e+01
3.785461425781250000e+01
3.782997894287109375e+01
3.774856948852539062e+01
3.769347000122070312e+01
3.765478897094726562e+01
3.781203079223632812e+01
3.790713882446289062e+01
3.788768005371093750e+01
3.805239868164062500e+01
3.774307632446289062e+01
3.767531204223632812e+01
3.741434860229492188e+01
3.757896423339843750e+01
3.762253570556640625e+01
3.760409164428710938e+01
3.764665603637695312e+01
3.783546066284179688e+01
3.785956192016601562e+01
3.763414001464843750e+01
3.724564361572265625e+01
3.718789672851562500e+01
3.710567855834960938e+01
3.679949569702148438e+01
3.673721694946289062e+01
3.658931350708007812e+01
3.640149688720703125e+01
3.661658477783203125e+01
3.657896041870117188e+01
3.665752029418945312e+01
3.664677429199218750e+01
3.697423934936523438e+01
3.717428207397460938e+01
3.702988052368164062e+01
3.693389511108398438e+01
3.706893539428710938e+01
3.719756317138671875e+01
3.716654205322265625e+01
3.744839859008789062e+01
3.733882522583007812e+01
3.693967437744140625e+01
3.687215423583984375e+01
3.649422073364257812e+01
3.610227966308593750e+01
3.552841186523437500e+01
3.522578430175781250e+01
3.531857681274414062e+01
3.546427917480468750e+01
3.589725494384765625e+01
3.638175964355468750e+01
3.690786743164062500e+01
3.703702926635742188e+01
3.704571151733398438e+01
3.684436416625976562e+01
3.707593154907226562e+01
3.730930709838867188e+01
3.676747512817382812e+01
3.619707489013671875e+01
3.634010696411132812e+01
3.667418670654296875e+01
3.675130462646484375e+01
3.666030120849609375e+01
3.670433807373046875e+01
3.678272247314453125e+01
3.696446228027343750e+01
3.708232879638671875e+01
3.721484756469726562e+01
3.701252746582031250e+01
3.678058624267578125e+01
3.719915771484375000e+01
3.744573211669921875e+01
3.766041183471679688e+01
3.791607284545898438e+01
3.771207046508789062e+01
3.724184417724609375e+01
3.743133926391601562e+01
3.774850845336914062e+01
3.759781646728515625e+01
3.750439453125000000e+01
3.732935333251953125e+01
3.754155731201171875e+01
3.781013107299804688e+01
3.788623428344726562e+01
3.778762054443359375e+01
3.758806228637695312e+01
3.762451553344726562e+01
3.753704071044921875e+01
3.743407821655273438e+01
3.738666534423828125e+01
3.761935043334960938e+01
3.778709030151367188e+01
3.798240280151367188e+01
3.792994308471679688e+01
3.788253784179687500e+01
3.785735702514648438e+01
3.782845306396484375e+01
3.791259765625000000e+01
3.789522933959960938e+01
3.789480972290039062e+01
3.778616714477539062e+01
3.767610931396484375e+01
3.779571914672851562e+01
3.788056182861328125e+01
3.816684722900390625e+01
3.835910415649414062e+01
