2.726392364501953125e+01
2.727491188049316406e+01
2.725018310546875000e+01
2.723229789733886719e+01
2.734132957458496094e+01
2.721143913269042969e+01
2.720890617370605469e+01
2.720077896118164062e+01
2.724826049804687500e+01
2.739109611511230469e+01
2.741522026062011719e+01
2.755990409851074219e+01
2.756884384155273438e+01
2.734991264343261719e+01
2.714607429504394531e+01
2.665291976928710938e+01
2.638397216796875000e+01
2.620795631408691406e+01
2.604309654235839844e+01
2.627290344238281250e+01
2.654998970031738281e+01
2.694696235656738281e+01
2.719178771972656250e+01
2.714681243896484375e+01
2.692215347290039062e+01
2.671517753601074219e+01
2.667803192138671875e+01
2.670704460144042969e+01
2.677635002136230469e+01
2.684174728393554688e+01
2.688009834289550781e+01
2.699198913574218750e+01
2.706657791137695312e+01
2.709598541259765625e+01
2.713891029357910156e+01
2.715436553955078125e+01
2.718140220642089844e+01
2.707774162292480469e+01
2.699085044860839844e+01
2.689893150329589844e+01
2.688332557678222656e+01
2.681523513793945312e+01
2.671973991394042969e+01
2.666251564025878906e+01
2.658816719055175781e+01
2.648724937438964844e+01
2.638989448547363281e+01
2.640221977233886719e+01
2.656093788146972656e+01
2.676539802551269531e+01
2.677359199523925781e+01
2.674119758605957031e+01
2.673302650451660156e+01
2.678821563720703125e+01
2.689673614501953125e+01
2.696729850769042969e+01
2.703502464294433594e+01
2.692751884460449219e+01
2.683375930786132812e+01
2.685749244689941406e+01
2.690751647949218750e+01
2.697529792785644531e+01
2.693499946594238281e+01
2.690497589111328125e+01
2.688681602478027344e+01
2.689838218688964844e+01
2.698414039611816406e+01
2.706388473510742188e+01
2.708978652954101562e+01
2.704150199890136719e+01
2.697400665283203125e+01
2.691020393371582031e+01
2.679304122924804688e+01
2.677786827087402344e+01
2.676111221313476562e+01
2.679300498962402344e+01
2.679868888854980469e+01
2.677449607849121094e+01
2.678967094421386719e+01
2.678565597534179688e+01
2.683543586730957031e+01
2.682523345947265625e+01
2.688576126098632812e+01
2.694611740112304688e+01
2.691273117065429688e+01
2.704755210876464844e+01
2.711213302612304688e+01
2.706513214111328125e+01
2.713172531127929688e+01
2.698249053955078125e+01
2.698104095458984375e+01
2.695895767211914062e+01
2.694638252258300781e+01
2.693111228942871094e+01
2.667794418334960938e+01
2.661815261840820312e+01
2.645250701904296875e+01
2.671164894104003906e+01
