3.640549850463867188e+01
3.667708587646484375e+01
3.729144668579101562e+01
3.740737152099609375e+01
3.737647628784179688e+01
3.715428924560546875e+01
3.716617202758789062e+01
3.711548614501953125e+01
3.748917770385742188e+01
3.779693984985351562e+01
3.714300155639648438e+01
3.655096435546875000e+01
3.731397628784179688e+01
3.731591796875000000e+01
3.729653167724609375e+01
3.762387466430664062e+01
3.690048217773437500e+01
3.590462875366210938e+01
3.637438583374023438e+01
3.762827682495117188e+01
3.814200973510742188e+01
3.818319320678710938e+01
3.808553695678710938e+01
3.754413604736328125e+01
3.673344802856445312e+01
3.679438400268554688e+01
3.659101486206054688e+01
3.631461334228515625e+01
3.620569992065429688e+01
3.637160491943359375e+01
3.665846633911132812e+01
3.693213272094726562e+01
3.704450607299804688e+01
3.684223937988281250e+01
3.641136932373046875e+01
3.610471343994140625e+01
3.604031372070312500e+01
3.591118240356445312e+01
3.513520050048828125e+01
3.468717956542968750e+01
3.476493072509765625e+01
3.478829574584960938e+01
3.500966262817382812e+01
3.516317367553710938e+01
3.484896850585937500e+01
3.459158706665039062e+01
3.464898681640625000e+01
3.476981353759765625e+01
3.479128265380859375e+01
3.501161193847656250e+01
3.499623870849609375e+01
3.474451446533203125e+01
3.467666244506835938e+01
3.477558517456054688e+01
3.492378234863281250e+01
3.482618331909179688e+01
3.433790969848632812e+01
3.417730712890625000e+01
3.427325820922851562e+01
3.446012115478515625e+01
3.463389968872070312e+01
3.470501708984375000e+01
3.478086090087890625e+01
3.486426162719726562e+01
3.473801803588867188e+01
3.474165344238281250e+01
3.454984664916992188e+01
3.465526580810546875e+01
3.487067794799804688e+01
3.497919082641601562e+01
3.465585708618164062e+01
3.465114212036132812e+01
3.490763854980468750e+01
3.558752822875976562e+01
3.644063186645507812e+01
3.646352386474609375e+01
3.634081649780273438e+01
3.664586257934570312e+01
3.706849288940429688e+01
3.724222946166992188e+01
3.736042022705078125e+01
3.678491592407226562e+01
3.618016433715820312e+01
3.599773788452148438e+01
3.560089874267578125e+01
3.564859008789062500e+01
3.560285186767578125e+01
3.488064575195312500e+01
3.419709014892578125e+01
3.405807113647460938e+01
3.417778015136718750e+01
3.455306625366210938e+01
3.607069778442382812e+01
3.729636001586914062e+01
3.779502105712890625e+01
3.799694442749023438e+01
3.808198928833007812e+01
3.834254455566406250e+01
3.833374023437500000e+01
3.821689224243164062e+01
3.788776397705078125e+01
3.795669174194335938e+01
