3.778570175170898438e+01
3.776368713378906250e+01
3.750727081298828125e+01
3.731679534912109375e+01
3.740647125244140625e+01
3.739531326293945312e+01
3.713983917236328125e+01
3.699540710449218750e+01
3.693148803710937500e+01
3.695914077758789062e+01
3.672158432006835938e+01
3.702915573120117188e+01
3.720125579833984375e+01
3.732164764404296875e+01
3.731696701049804688e+01
3.739543914794921875e+01
3.767556762695312500e+01
3.793308258056640625e+01
3.802583694458007812e+01
3.800643539428710938e+01
3.782707977294921875e+01
3.768079757690429688e+01
3.767586898803710938e+01
3.779533004760742188e+01
3.778757095336914062e+01
3.763288497924804688e+01
3.750676345825195312e+01
3.739508819580078125e+01
3.757111358642578125e+01
3.781094360351562500e+01
3.790299987792968750e+01
3.772267532348632812e+01
3.774693679809570312e+01
3.787754440307617188e+01
3.776337814331054688e+01
3.749287796020507812e+01
3.721131515502929688e+01
3.710969924926757812e+01
3.708611679077148438e+01
3.721011734008789062e+01
3.719091033935546875e+01
3.712233734130859375e+01
3.722967529296875000e+01
3.734146499633789062e+01
3.742218780517578125e+01
3.720429611206054688e+01
3.711763381958007812e+01
3.700569915771484375e+01
3.662248992919921875e+01
3.622999191284179688e+01
3.654039764404296875e+01
3.689583969116210938e+01
3.719922637939453125e+01
3.735949707031250000e+01
3.744800567626953125e+01
3.744701766967773438e+01
3.730785369873046875e+01
3.699956893920898438e+01
3.707950210571289062e+01
3.728612518310546875e+01
3.741322708129882812e+01
3.742305374145507812e+01
3.728057098388671875e+01
3.721790313720703125e+01
3.709766769409179688e+01
3.711579895019531250e+01
3.732283020019531250e+01
3.756029891967773438e+01
3.769122314453125000e+01
3.786801528930664062e+01
3.800155639648437500e+01
3.800092697143554688e+01
3.771514511108398438e+01
3.737536621093750000e+01
3.724450683593750000e+01
3.735490036010742188e+01
3.765776062011718750e+01
3.786725234985351562e+01
3.797446060180664062e+01
3.800143432617187500e+01
3.808477783203125000e+01
3.801235580444335938e+01
3.784313583374023438e+01
3.791163635253906250e+01
3.791992568969726562e+01
3.797681045532226562e+01
3.791376495361328125e+01
3.786185836791992188e+01
3.791804885864257812e+01
3.812228393554687500e+01
3.828834533691406250e+01
3.828044128417968750e+01
3.808747100830078125e+01
3.807434082031250000e+01
3.825456619262695312e+01
3.830758666992187500e+01
3.789953231811523438e+01
