3.330242538452148438e+01
3.360575866699218750e+01
3.374898910522460938e+01
3.374853134155273438e+01
3.397879409790039062e+01
3.432069015502929688e+01
3.432436752319335938e+01
3.475078964233398438e+01
3.463564300537109375e+01
3.466571807861328125e+01
3.477875518798828125e+01
3.429272460937500000e+01
3.433066177368164062e+01
3.442856979370117188e+01
3.428434371948242188e+01
3.410913085937500000e+01
3.410309982299804688e+01
3.432392501831054688e+01
3.449702072143554688e+01
3.461295700073242188e+01
3.481174087524414062e+01
3.515464782714843750e+01
3.530419921875000000e+01
3.537404251098632812e+01
3.511364746093750000e+01
3.497831726074218750e+01
3.486763763427734375e+01
3.474684524536132812e+01
3.462707901000976562e+01
3.449221420288085938e+01
3.444706726074218750e+01
3.436862945556640625e+01
3.447644042968750000e+01
3.454859542846679688e+01
3.459350967407226562e+01
3.487665176391601562e+01
3.501099014282226562e+01
3.505914688110351562e+01
3.518450927734375000e+01
3.541508865356445312e+01
3.548774337768554688e+01
3.555525207519531250e+01
3.548176574707031250e+01
3.525147628784179688e+01
3.506447982788085938e+01
3.484645080566406250e+01
3.468931961059570312e+01
3.465279388427734375e+01
3.451495742797851562e+01
3.444742202758789062e+01
3.432691955566406250e+01
3.421547698974609375e+01
3.405620574951171875e+01
3.398900985717773438e+01
3.420418930053710938e+01
3.452649307250976562e+01
3.471135330200195312e+01
3.484614181518554688e+01
3.489798355102539062e+01
3.496602630615234375e+01
3.507676315307617188e+01
3.503502273559570312e+01
3.484687423706054688e+01
3.461806488037109375e+01
3.447444915771484375e+01
3.438277053833007812e+01
3.422712326049804688e+01
3.420733642578125000e+01
3.421349716186523438e+01
3.433947372436523438e+01
3.410321044921875000e+01
3.390219116210937500e+01
3.397071075439453125e+01
3.434850692749023438e+01
3.440963745117187500e+01
3.426638412475585938e+01
3.409555053710937500e+01
3.397146987915039062e+01
3.381669235229492188e+01
3.379504013061523438e+01
3.383080673217773438e+01
3.357689285278320312e+01
3.352653884887695312e+01
3.366183853149414062e+01
3.371795272827148438e+01
3.367575836181640625e+01
3.335183715820312500e+01
3.312172698974609375e+01
3.305147552490234375e+01
3.330499267578125000e+01
3.396412277221679688e+01
3.429623031616210938e+01
3.432466506958007812e+01
3.421600723266601562e+01
