3.128702354431152344e+01
3.241035461425781250e+01
3.276173400878906250e+01
3.285248184204101562e+01
3.312280273437500000e+01
3.436339569091796875e+01
3.549486923217773438e+01
3.583938217163085938e+01
3.466815948486328125e+01
3.425370407104492188e+01
3.434861755371093750e+01
3.402444839477539062e+01
3.434859085083007812e+01
3.445735931396484375e+01
3.465505599975585938e+01
3.463550567626953125e+01
3.457513809204101562e+01
3.424596786499023438e+01
3.427973175048828125e+01
3.459362792968750000e+01
3.443978881835937500e+01
3.451296615600585938e+01
3.437577056884765625e+01
3.444574356079101562e+01
3.413951873779296875e+01
3.413890838623046875e+01
3.457923126220703125e+01
3.496324539184570312e+01
3.521118927001953125e+01
3.489788436889648438e+01
3.452119064331054688e+01
3.414862442016601562e+01
3.397336959838867188e+01
3.399363327026367188e+01
3.367097854614257812e+01
3.362638473510742188e+01
3.358698272705078125e+01
3.359411239624023438e+01
3.373994445800781250e+01
3.404932785034179688e+01
3.440969848632812500e+01
3.451887893676757812e+01
3.441660690307617188e+01
3.422099304199218750e+01
3.429332351684570312e+01
3.443000030517578125e+01
3.435602951049804688e+01
3.422628402709960938e+01
3.399487686157226562e+01
3.383227157592773438e+01
3.372038650512695312e+01
3.389798355102539062e+01
3.411118316650390625e+01
3.414674758911132812e+01
3.419826507568359375e+01
3.429065322875976562e+01
3.409667205810546875e+01
3.408194351196289062e+01
3.415496444702148438e+01
3.387764358520507812e+01
3.383362579345703125e+01
3.397690582275390625e+01
3.430679702758789062e+01
3.449068069458007812e+01
3.465550231933593750e+01
3.461320877075195312e+01
3.449416351318359375e+01
3.445694351196289062e+01
3.445308303833007812e+01
3.438858795166015625e+01
3.449119949340820312e+01
3.471517181396484375e+01
3.490157699584960938e+01
3.488367080688476562e+01
3.480729293823242188e+01
3.459437561035156250e+01
3.428480148315429688e+01
3.411360549926757812e+01
3.417195892333984375e+01
3.420623779296875000e+01
3.417660522460937500e+01
3.430379867553710938e+01
3.468817901611328125e+01
3.476351928710937500e+01
3.443449401855468750e+01
3.388434219360351562e+01
3.359029006958007812e+01
3.346450042724609375e+01
3.345229339599609375e+01
3.343691635131835938e+01
3.350263977050781250e+01
3.365550231933593750e+01
3.387327575683593750e+01
3.447558975219726562e+01
3.574056625366210938e+01
3.634035873413085938e+01
3.609082031250000000e+01
3.538837432861328125e+01
3.459524917602539062e+01
3.375175857543945312e+01
3.335169982910156250e+01
3.347468566894531250e+01
