3.101200485229492188e+01
3.102822494506835938e+01
3.106217575073242188e+01
3.107558059692382812e+01
3.090527153015136719e+01
3.068972778320312500e+01
3.076008987426757812e+01
3.083566093444824219e+01
3.084697914123535156e+01
3.065482711791992188e+01
3.057748603820800781e+01
3.055074691772460938e+01
3.029113197326660156e+01
2.960731506347656250e+01
2.850565719604492188e+01
2.821612930297851562e+01
2.829638290405273438e+01
2.816489601135253906e+01
2.824072837829589844e+01
2.845998191833496094e+01
2.873365974426269531e+01
2.904263305664062500e+01
2.927012443542480469e+01
2.957799911499023438e+01
3.001956939697265625e+01
3.017085838317871094e+01
3.018351173400878906e+01
3.015535354614257812e+01
3.010311126708984375e+01
3.011561393737792969e+01
2.999040603637695312e+01
2.985526657104492188e+01
2.954112434387207031e+01
2.922504043579101562e+01
2.907462120056152344e+01
2.907536506652832031e+01
2.916443252563476562e+01
2.919964408874511719e+01
2.921479415893554688e+01
2.898388862609863281e+01
2.870047760009765625e+01
2.856795120239257812e+01
2.867768859863281250e+01
2.893456649780273438e+01
2.930644989013671875e+01
2.955284309387207031e+01
2.955391120910644531e+01
2.942064285278320312e+01
2.938961601257324219e+01
2.936658668518066406e+01
2.923614311218261719e+01
2.921657943725585938e+01
2.945950126647949219e+01
2.963209533691406250e+01
2.946888923645019531e+01
2.924112319946289062e+01
2.916956520080566406e+01
2.904715728759765625e+01
2.903915214538574219e+01
2.920709419250488281e+01
2.937883567810058594e+01
2.973233413696289062e+01
3.001970672607421875e+01
2.996728515625000000e+01
2.983683586120605469e+01
2.989182662963867188e+01
3.006510543823242188e+01
3.024451637268066406e+01
3.010463905334472656e+01
2.979738807678222656e+01
2.926016235351562500e+01
2.875059127807617188e+01
2.839873695373535156e+01
2.822131347656250000e+01
2.821289443969726562e+01
2.829920578002929688e+01
2.850126457214355469e+01
2.865586471557617188e+01
2.872086334228515625e+01
2.874301719665527344e+01
2.867054176330566406e+01
2.852117729187011719e+01
2.841481781005859375e+01
2.830600547790527344e+01
2.815715026855468750e+01
2.803232574462890625e+01
2.784455490112304688e+01
2.758539390563964844e+01
2.744530296325683594e+01
2.738369750976562500e+01
2.720214271545410156e+01
2.711764144897460938e+01
2.707963562011718750e+01
2.707529449462890625e+01
2.721747589111328125e+01
2.734636688232421875e+01
2.737939834594726562e+01
2.730020332336425781e+01
2.709084129333496094e+01
2.685923767089843750e+01
2.685870170593261719e+01
2.700546264648437500e+01
2.733718109130859375e+01
2.765381050109863281e+01
