2.911373901367187500e+01
2.904519653320312500e+01
2.919469642639160156e+01
2.937810516357421875e+01
2.946215629577636719e+01
2.930889511108398438e+01
2.954127311706542969e+01
2.998322105407714844e+01
3.054600715637207031e+01
3.061885643005371094e+01
3.035762023925781250e+01
3.037410736083984375e+01
3.032896232604980469e+01
3.035376548767089844e+01
3.010185432434082031e+01
2.982556915283203125e+01
2.950189208984375000e+01
2.937983703613281250e+01
2.936547470092773438e+01
2.920674324035644531e+01
2.914547157287597656e+01
2.920962715148925781e+01
2.923441123962402344e+01
2.924067115783691406e+01
2.927392387390136719e+01
2.944329833984375000e+01
2.968500328063964844e+01
2.962842178344726562e+01
2.954581069946289062e+01
2.953131484985351562e+01
2.943392181396484375e+01
2.915197944641113281e+01
2.889919471740722656e+01
2.882152748107910156e+01
2.881960868835449219e+01
2.889830398559570312e+01
2.884193038940429688e+01
2.854625129699707031e+01
2.825547790527343750e+01
2.803360748291015625e+01
2.778626441955566406e+01
2.761099815368652344e+01
2.740221214294433594e+01
2.747595787048339844e+01
2.766435050964355469e+01
2.762079620361328125e+01
2.762913322448730469e+01
2.753921318054199219e+01
2.757341194152832031e+01
2.761509132385253906e+01
2.781731414794921875e+01
2.799113655090332031e+01
2.814031028747558594e+01
2.801469612121582031e+01
2.804209518432617188e+01
2.816378974914550781e+01
2.817344856262207031e+01
2.800366020202636719e+01
2.801327514648437500e+01
2.816192436218261719e+01
2.821964263916015625e+01
2.808445358276367188e+01
2.782236671447753906e+01
2.762737464904785156e+01
2.766263389587402344e+01
2.784223747253417969e+01
2.813567924499511719e+01
2.841070365905761719e+01
2.864549827575683594e+01
2.878525543212890625e+01
2.896673965454101562e+01
2.911030197143554688e+01
2.905142211914062500e+01
2.888918685913085938e+01
2.879937934875488281e+01
2.869060707092285156e+01
2.861668586730957031e+01
2.860034751892089844e+01
2.862388801574707031e+01
2.862794303894042969e+01
2.874820518493652344e+01
2.887564468383789062e+01
2.896014022827148438e+01
2.890127754211425781e+01
2.904751205444335938e+01
2.903116226196289062e+01
2.882975578308105469e+01
2.870689201354980469e+01
2.870319175720214844e+01
2.878449821472167969e+01
2.889128303527832031e+01
2.895865058898925781e+01
2.908366012573242188e+01
2.916336059570312500e+01
2.898652076721191406e+01
2.902292442321777344e+01
2.892888259887695312e+01
2.859843826293945312e+01
2.831503868103027344e+01
2.817437553405761719e+01
2.793900680541992188e+01
2.790209007263183594e+01
2.781437301635742188e+01
2.807016181945800781e+01
