2.664455223083496094e+01
2.660301208496093750e+01
2.685892677307128906e+01
2.677234458923339844e+01
2.636247062683105469e+01
2.622421646118164062e+01
2.586152458190917969e+01
2.590055656433105469e+01
2.592634391784667969e+01
2.600071334838867188e+01
2.620545959472656250e+01
2.627142906188964844e+01
2.615975570678710938e+01
2.630361366271972656e+01
2.637362670898437500e+01
2.639407348632812500e+01
2.623378181457519531e+01
2.611446380615234375e+01
2.608304023742675781e+01
2.609040451049804688e+01
2.606796646118164062e+01
2.585206413269042969e+01
2.549981117248535156e+01
2.522571372985839844e+01
2.524984931945800781e+01
2.549797058105468750e+01
2.514287567138671875e+01
2.507244873046875000e+01
2.567876052856445312e+01
2.604309463500976562e+01
2.591973304748535156e+01
2.572807884216308594e+01
2.536460113525390625e+01
2.507446479797363281e+01
2.508353233337402344e+01
2.519418525695800781e+01
2.556695747375488281e+01
2.567582321166992188e+01
2.530032348632812500e+01
2.492889976501464844e+01
2.452137565612792969e+01
2.464475822448730469e+01
2.480242347717285156e+01
2.501354408264160156e+01
2.490752601623535156e+01
2.526038360595703125e+01
2.532046699523925781e+01
2.509630584716796875e+01
2.500250053405761719e+01
2.507721328735351562e+01
2.485188865661621094e+01
2.492531204223632812e+01
2.511885452270507812e+01
2.512376022338867188e+01
2.506463432312011719e+01
2.547017288208007812e+01
2.539756393432617188e+01
2.515075683593750000e+01
2.522615623474121094e+01
2.539861679077148438e+01
2.543354415893554688e+01
2.555001068115234375e+01
2.609552955627441406e+01
2.638158988952636719e+01
2.625512313842773438e+01
2.604292297363281250e+01
2.541638565063476562e+01
2.533958244323730469e+01
2.550248527526855469e+01
2.574746322631835938e+01
2.610390853881835938e+01
2.615825271606445312e+01
2.618420600891113281e+01
2.636136627197265625e+01
2.634220695495605469e+01
2.633885002136230469e+01
2.617166900634765625e+01
2.617144203186035156e+01
2.626399993896484375e+01
2.628389930725097656e+01
2.620804214477539062e+01
2.617483901977539062e+01
2.615815544128417969e+01
2.615301895141601562e+01
2.634368324279785156e+01
2.647705841064453125e+01
2.635215759277343750e+01
2.633428955078125000e+01
2.636411285400390625e+01
2.635684204101562500e+01
2.636081886291503906e+01
2.620592498779296875e+01
2.599913787841796875e+01
2.598436927795410156e+01
2.541768074035644531e+01
2.524478721618652344e+01
2.479281806945800781e+01
2.473719596862792969e+01
