2.689600181579589844e+01
2.707234382629394531e+01
2.724729347229003906e+01
2.743413162231445312e+01
2.787057113647460938e+01
2.808543014526367188e+01
2.828816986083984375e+01
2.847087097167968750e+01
2.836632537841796875e+01
2.808370399475097656e+01
2.788990974426269531e+01
2.755142211914062500e+01
2.675569725036621094e+01
2.631130027770996094e+01
2.635435485839843750e+01
2.639162635803222656e+01
2.662903404235839844e+01
2.690901565551757812e+01
2.697316169738769531e+01
2.707983589172363281e+01
2.720251464843750000e+01
2.734653663635253906e+01
2.714395713806152344e+01
2.659977340698242188e+01
2.644585227966308594e+01
2.620211791992187500e+01
2.601724243164062500e+01
2.576517868041992188e+01
2.578290748596191406e+01
2.604818534851074219e+01
2.638656997680664062e+01
2.650865364074707031e+01
2.648363685607910156e+01
2.620318794250488281e+01
2.599938583374023438e+01
2.584423065185546875e+01
2.579042434692382812e+01
2.588927650451660156e+01
2.613185119628906250e+01
2.643671798706054688e+01
2.656638908386230469e+01
2.661121559143066406e+01
2.659653091430664062e+01
2.669993591308593750e+01
2.694492149353027344e+01
2.715839004516601562e+01
2.749097824096679688e+01
2.776370620727539062e+01
2.791562271118164062e+01
2.799442672729492188e+01
2.807855606079101562e+01
2.819460487365722656e+01
2.822209358215332031e+01
2.792634391784667969e+01
2.769668579101562500e+01
2.754326438903808594e+01
2.732626342773437500e+01
2.737507438659667969e+01
2.749576377868652344e+01
2.750585937500000000e+01
2.757924270629882812e+01
2.759383583068847656e+01
2.770981597900390625e+01
2.771000480651855469e+01
2.771872901916503906e+01
2.790783500671386719e+01
2.809319877624511719e+01
2.809417724609375000e+01
2.799947929382324219e+01
2.799319648742675781e+01
2.784397697448730469e+01
2.782706069946289062e+01
2.784848785400390625e+01
2.778180694580078125e+01
2.774588966369628906e+01
2.785505867004394531e+01
2.784583854675292969e+01
2.747747039794921875e+01
2.753421401977539062e+01
2.747786712646484375e+01
2.741236114501953125e+01
2.715238761901855469e+01
2.723249244689941406e+01
2.755581474304199219e+01
2.770453643798828125e+01
2.792078399658203125e+01
2.792647552490234375e+01
2.800478935241699219e+01
2.815577697753906250e+01
2.841494178771972656e+01
2.818295478820800781e+01
2.800657844543457031e+01
2.639104652404785156e+01
