2.845894622802734375e+01
2.853958320617675781e+01
2.869311904907226562e+01
2.897292709350585938e+01
2.916041183471679688e+01
2.916669654846191406e+01
2.873510169982910156e+01
2.920696258544921875e+01
2.935263442993164062e+01
2.872146606445312500e+01
2.869277572631835938e+01
2.884137535095214844e+01
2.905086326599121094e+01
2.919457626342773438e+01
2.927706146240234375e+01
2.915850830078125000e+01
2.892017745971679688e+01
2.873799324035644531e+01
2.861193656921386719e+01
2.846766281127929688e+01
2.831479454040527344e+01
2.811447525024414062e+01
2.807603073120117188e+01
2.812327575683593750e+01
2.827280044555664062e+01
2.832641410827636719e+01
2.825501632690429688e+01
2.804292869567871094e+01
2.778745651245117188e+01
2.774606895446777344e+01
2.787768173217773438e+01
2.804382705688476562e+01
2.827953338623046875e+01
2.856902503967285156e+01
2.886270332336425781e+01
2.869315719604492188e+01
2.836068153381347656e+01
2.798506164550781250e+01
2.778965950012207031e+01
2.795587730407714844e+01
2.815386962890625000e+01
2.811226654052734375e+01
2.808055305480957031e+01
2.806653594970703125e+01
2.805626106262207031e+01
2.824317932128906250e+01
2.836178016662597656e+01
2.845389747619628906e+01
2.877783012390136719e+01
2.904499053955078125e+01
2.867833900451660156e+01
2.821668434143066406e+01
2.828727722167968750e+01
2.845771408081054688e+01
2.842058181762695312e+01
2.838729476928710938e+01
2.810371208190917969e+01
2.789324378967285156e+01
2.788466644287109375e+01
2.812086486816406250e+01
2.848514556884765625e+01
2.871596908569335938e+01
2.863344764709472656e+01
2.845618057250976562e+01
2.835990142822265625e+01
2.829455947875976562e+01
2.835569763183593750e+01
2.843641853332519531e+01
2.843740081787109375e+01
2.838059043884277344e+01
2.823731613159179688e+01
2.806365203857421875e+01
2.803066444396972656e+01
2.792676162719726562e+01
2.775704765319824219e+01
2.776220321655273438e+01
2.802266693115234375e+01
2.816266632080078125e+01
2.843215179443359375e+01
2.825274658203125000e+01
2.818490791320800781e+01
2.824785423278808594e+01
2.807074356079101562e+01
2.797412109375000000e+01
2.810479736328125000e+01
2.809418106079101562e+01
2.826864624023437500e+01
2.836738395690917969e+01
2.821876716613769531e+01
2.810756111145019531e+01
