2.254372978210449219e+01
2.263635063171386719e+01
2.261499214172363281e+01
2.254862213134765625e+01
2.254357528686523438e+01
2.261653137207031250e+01
2.271037483215332031e+01
2.277440643310546875e+01
2.289409446716308594e+01
2.291723823547363281e+01
2.290202713012695312e+01
2.285410881042480469e+01
2.282932472229003906e+01
2.278295898437500000e+01
2.270663070678710938e+01
2.262702178955078125e+01
2.261139297485351562e+01
2.255814552307128906e+01
2.262012290954589844e+01
2.263036537170410156e+01
2.269910240173339844e+01
2.274188613891601562e+01
2.283485603332519531e+01
2.278790283203125000e+01
2.273620033264160156e+01
2.266571235656738281e+01
2.262712860107421875e+01
2.252781867980957031e+01
2.252689170837402344e+01
2.251720237731933594e+01
2.255129241943359375e+01
2.262111854553222656e+01
2.270883369445800781e+01
2.277763366699218750e+01
2.287255859375000000e+01
2.288233184814453125e+01
2.287808609008789062e+01
2.293640708923339844e+01
2.292196464538574219e+01
2.304135704040527344e+01
2.319495391845703125e+01
2.332261848449707031e+01
2.325762748718261719e+01
2.327271842956542969e+01
2.335823440551757812e+01
2.326935195922851562e+01
2.316737556457519531e+01
2.316243934631347656e+01
2.318848991394042969e+01
2.327799224853515625e+01
2.333548736572265625e+01
2.351897811889648438e+01
2.361607360839843750e+01
2.362028884887695312e+01
2.359629249572753906e+01
2.372199630737304688e+01
2.368317985534667969e+01
2.369281005859375000e+01
2.367891502380371094e+01
2.373135375976562500e+01
2.371294403076171875e+01
2.362821388244628906e+01
2.347404098510742188e+01
2.336326980590820312e+01
2.318422317504882812e+01
2.305689048767089844e+01
2.293486785888671875e+01
2.281338882446289062e+01
2.276098632812500000e+01
2.274138069152832031e+01
2.278824043273925781e+01
2.287689208984375000e+01
2.307545661926269531e+01
2.324639511108398438e+01
2.335059165954589844e+01
2.328434944152832031e+01
2.325950241088867188e+01
2.325823974609375000e+01
2.329972648620605469e+01
2.322857284545898438e+01
2.319303321838378906e+01
2.315261077880859375e+01
2.318025588989257812e+01
2.319882583618164062e+01
2.323787879943847656e+01
2.317451095581054688e+01
2.309329986572265625e+01
2.290769958496093750e+01
2.277646446228027344e+01
2.263696098327636719e+01
2.252266502380371094e+01
2.243254470825195312e+01
2.248047256469726562e+01
2.253489112854003906e+01
2.262221908569335938e+01
2.273051643371582031e+01
2.284665870666503906e+01
2.285419464111328125e+01
2.300659942626953125e+01
2.313540840148925781e+01
2.319527435302734375e+01
