3.417937469482421875e+01
3.404999542236328125e+01
3.379351425170898438e+01
3.190113067626953125e+01
3.018693923950195312e+01
2.838378143310546875e+01
2.853908157348632812e+01
2.930423736572265625e+01
2.965648651123046875e+01
2.947767257690429688e+01
2.924384307861328125e+01
2.988227462768554688e+01
3.065972709655761719e+01
2.938125610351562500e+01
2.912795829772949219e+01
2.938478851318359375e+01
2.906441879272460938e+01
2.901517868041992188e+01
2.901632118225097656e+01
2.934747886657714844e+01
2.978331565856933594e+01
2.989207839965820312e+01
2.983531570434570312e+01
2.989988136291503906e+01
2.964669418334960938e+01
2.946929740905761719e+01
2.943519592285156250e+01
2.933559226989746094e+01
2.921395492553710938e+01
2.932526397705078125e+01
2.957537078857421875e+01
3.018719673156738281e+01
3.119545364379882812e+01
3.166461944580078125e+01
3.178063964843750000e+01
3.165528488159179688e+01
3.139124870300292969e+01
3.076992034912109375e+01
2.992691612243652344e+01
2.954177093505859375e+01
2.929603004455566406e+01
2.924658584594726562e+01
2.927885818481445312e+01
2.935471343994140625e+01
2.954423522949218750e+01
3.025509452819824219e+01
3.099263954162597656e+01
3.132957267761230469e+01
3.151663970947265625e+01
3.154141998291015625e+01
3.149998855590820312e+01
3.122281646728515625e+01
3.096785545349121094e+01
3.084543228149414062e+01
3.069053840637207031e+01
3.053510284423828125e+01
3.067580413818359375e+01
3.105649948120117188e+01
3.139752578735351562e+01
3.134277343750000000e+01
3.090122222900390625e+01
3.068787956237792969e+01
3.107558631896972656e+01
3.119905471801757812e+01
3.102977561950683594e+01
3.112593269348144531e+01
3.133759498596191406e+01
3.125534057617187500e+01
3.084851074218750000e+01
3.068521881103515625e+01
3.094728660583496094e+01
3.140553474426269531e+01
3.165820121765136719e+01
3.171961784362792969e+01
3.136185073852539062e+01
3.068008041381835938e+01
3.033011436462402344e+01
3.020522880554199219e+01
3.032689285278320312e+01
3.030421829223632812e+01
3.013267326354980469e+01
3.019967269897460938e+01
3.036311721801757812e+01
3.045138549804687500e+01
3.068142700195312500e+01
3.072692871093750000e+01
3.091052246093750000e+01
3.115804862976074219e+01
3.119231414794921875e+01
3.113478469848632812e+01
3.112796783447265625e+01
3.119483375549316406e+01
3.141529464721679688e+01
3.167009735107421875e+01
3.176303291320800781e+01
3.177563095092773438e+01
3.179328918457031250e+01
3.180875205993652344e+01
3.191085624694824219e+01
3.187424468994140625e+01
3.184017944335937500e+01
3.157481575012207031e+01
3.142554092407226562e+01
3.161155700683593750e+01
