3.020254707336425781e+01
3.029060173034667969e+01
3.016491317749023438e+01
2.969422721862792969e+01
2.876794624328613281e+01
2.804911422729492188e+01
2.773858642578125000e+01
2.755011367797851562e+01
2.749747276306152344e+01
2.753690147399902344e+01
2.786590766906738281e+01
2.797353935241699219e+01
2.766835212707519531e+01
2.723094177246093750e+01
2.689304351806640625e+01
2.669960403442382812e+01
2.662706375122070312e+01
2.680853843688964844e+01
2.701601028442382812e+01
2.698621177673339844e+01
2.703347396850585938e+01
2.697717475891113281e+01
2.656861686706542969e+01
2.633942794799804688e+01
2.620069313049316406e+01
2.598802375793457031e+01
2.578672409057617188e+01
2.562512397766113281e+01
2.561609840393066406e+01
2.572559165954589844e+01
2.589346313476562500e+01
2.611214828491210938e+01
2.633616447448730469e+01
2.644610595703125000e+01
2.649052810668945312e+01
2.657583236694335938e+01
2.671672248840332031e+01
2.687296295166015625e+01
2.702220153808593750e+01
2.724007606506347656e+01
2.748179054260253906e+01
2.762025070190429688e+01
2.769224739074707031e+01
2.761157989501953125e+01
2.743096542358398438e+01
2.727473831176757812e+01
2.719581031799316406e+01
2.712567138671875000e+01
2.703796386718750000e+01
2.701384353637695312e+01
2.698147964477539062e+01
2.696807861328125000e+01
2.696047401428222656e+01
2.690718269348144531e+01
2.695753097534179688e+01
2.696148109436035156e+01
2.687201499938964844e+01
2.672712135314941406e+01
2.669858551025390625e+01
2.672881126403808594e+01
2.676712036132812500e+01
2.678057098388671875e+01
2.696135711669921875e+01
2.718039894104003906e+01
2.743209838867187500e+01
2.752119445800781250e+01
2.736342620849609375e+01
2.732588577270507812e+01
2.734972190856933594e+01
2.739494705200195312e+01
2.757638931274414062e+01
2.781591224670410156e+01
2.789609146118164062e+01
2.776834106445312500e+01
2.763987350463867188e+01
2.733034324645996094e+01
2.721112632751464844e+01
2.722589874267578125e+01
2.708738136291503906e+01
2.698905563354492188e+01
2.710403823852539062e+01
2.744706726074218750e+01
2.770518875122070312e+01
2.773418998718261719e+01
2.757719993591308594e+01
2.803608131408691406e+01
2.851176452636718750e+01
2.806299209594726562e+01
2.631913185119628906e+01
2.461617660522460938e+01
2.287004661560058594e+01
2.214735031127929688e+01
2.268721771240234375e+01
