2.696318435668945312e+01
2.703766250610351562e+01
2.728095054626464844e+01
2.776112556457519531e+01
2.821981239318847656e+01
2.764482879638671875e+01
2.743031692504882812e+01
2.774121856689453125e+01
2.732381057739257812e+01
2.717100334167480469e+01
2.745258903503417969e+01
2.773079490661621094e+01
2.757323646545410156e+01
2.732341384887695312e+01
2.731797409057617188e+01
2.736502647399902344e+01
2.738456916809082031e+01
2.709179115295410156e+01
2.709764862060546875e+01
2.706380271911621094e+01
2.719170761108398438e+01
2.713547325134277344e+01
2.698755455017089844e+01
2.685397148132324219e+01
2.672985076904296875e+01
2.642429161071777344e+01
2.629294967651367188e+01
2.641005516052246094e+01
2.670741844177246094e+01
2.685718345642089844e+01
2.697073936462402344e+01
2.699932098388671875e+01
2.701444625854492188e+01
2.709744262695312500e+01
2.693216514587402344e+01
2.686347198486328125e+01
2.688884925842285156e+01
2.697772407531738281e+01
2.708346939086914062e+01
2.714850616455078125e+01
2.710392570495605469e+01
2.715689277648925781e+01
2.711646652221679688e+01
2.701195335388183594e+01
2.682969284057617188e+01
2.689044570922851562e+01
2.697517395019531250e+01
2.699433708190917969e+01
2.695317077636718750e+01
2.680748367309570312e+01
2.671377563476562500e+01
2.665796089172363281e+01
2.663906288146972656e+01
2.666152763366699219e+01
2.664880371093750000e+01
2.664929389953613281e+01
2.662526702880859375e+01
2.653006553649902344e+01
2.650023078918457031e+01
2.647224998474121094e+01
2.649677085876464844e+01
2.655197143554687500e+01
2.654859542846679688e+01
2.642759323120117188e+01
2.628808212280273438e+01
2.624026489257812500e+01
2.625840568542480469e+01
2.629420852661132812e+01
2.618726158142089844e+01
2.623506736755371094e+01
2.641883850097656250e+01
2.671344566345214844e+01
2.671116828918457031e+01
2.683413887023925781e+01
2.691932487487792969e+01
2.701947975158691406e+01
2.685833549499511719e+01
2.680870819091796875e+01
2.685425567626953125e+01
2.692759513854980469e+01
2.714072227478027344e+01
2.740017890930175781e+01
2.737569046020507812e+01
2.740831947326660156e+01
2.719912338256835938e+01
2.697172355651855469e+01
2.703922462463378906e+01
2.708274078369140625e+01
2.722509765625000000e+01
2.731913566589355469e+01
2.763420486450195312e+01
2.786257171630859375e+01
2.786112022399902344e+01
2.768473434448242188e+01
2.734110832214355469e+01
2.743827247619628906e+01
2.771596527099609375e+01
2.800734138488769531e+01
2.816750526428222656e+01
2.830287361145019531e+01
2.824516105651855469e+01
2.793212699890136719e+01
2.777933120727539062e+01
2.803481674194335938e+01
2.916350936889648438e+01
3.014429092407226562e+01
2.878641510009765625e+01
