3.382846832275390625e+01
3.406975936889648438e+01
3.428131866455078125e+01
3.455719375610351562e+01
3.449602127075195312e+01
3.432627105712890625e+01
3.399351501464843750e+01
3.366603851318359375e+01
3.366614913940429688e+01
3.349258041381835938e+01
3.303352355957031250e+01
3.237462615966796875e+01
3.211181640625000000e+01
3.252836608886718750e+01
3.290240097045898438e+01
3.313705825805664062e+01
3.311918258666992188e+01
3.309288787841796875e+01
3.292055511474609375e+01
3.274770355224609375e+01
3.282915878295898438e+01
3.313968276977539062e+01
3.358291244506835938e+01
3.404388427734375000e+01
3.430807495117187500e+01
3.438879394531250000e+01
3.436064147949218750e+01
3.398102188110351562e+01
3.360450363159179688e+01
3.335210418701171875e+01
3.341844940185546875e+01
3.336508178710937500e+01
3.325233078002929688e+01
3.323976516723632812e+01
3.322942352294921875e+01
3.316904449462890625e+01
3.310400390625000000e+01
3.308012008666992188e+01
3.318466567993164062e+01
3.335013580322265625e+01
3.353606796264648438e+01
3.365034103393554688e+01
3.376671981811523438e+01
3.356793594360351562e+01
3.325544357299804688e+01
3.280345535278320312e+01
3.282986450195312500e+01
3.301674270629882812e+01
3.323546218872070312e+01
3.339157104492187500e+01
3.354632568359375000e+01
3.376842880249023438e+01
3.385845947265625000e+01
3.410263442993164062e+01
3.426576232910156250e+01
3.420362472534179688e+01
3.426961135864257812e+01
3.440288925170898438e+01
3.444627761840820312e+01
3.422308349609375000e+01
3.379545211791992188e+01
3.351092147827148438e+01
3.330223464965820312e+01
3.333688354492187500e+01
3.354600524902343750e+01
3.373983764648437500e+01
3.397188949584960938e+01
3.399761962890625000e+01
3.380649185180664062e+01
3.369097900390625000e+01
3.387041854858398438e+01
3.414844512939453125e+01
3.402705383300781250e+01
3.397636032104492188e+01
3.369032287597656250e+01
3.338169860839843750e+01
3.321363449096679688e+01
3.318359375000000000e+01
3.339681243896484375e+01
3.359556579589843750e+01
3.360795974731445312e+01
3.374169921875000000e+01
3.361216735839843750e+01
3.333655929565429688e+01
3.334672546386718750e+01
3.353281021118164062e+01
3.366284561157226562e+01
3.385931015014648438e+01
3.408646392822265625e+01
3.425589752197265625e+01
3.435174942016601562e+01
3.454174804687500000e+01
3.474096679687500000e+01
3.473976898193359375e+01
3.470303726196289062e+01
3.464127349853515625e+01
3.454053497314453125e+01
3.456200790405273438e+01
3.454314041137695312e+01
3.417923355102539062e+01
3.400791931152343750e+01
