3.439660644531250000e+01
3.425931930541992188e+01
3.443460845947265625e+01
3.436294555664062500e+01
3.398234939575195312e+01
3.393289947509765625e+01
3.410594940185546875e+01
3.412207031250000000e+01
3.351067733764648438e+01
3.320117187500000000e+01
3.260996246337890625e+01
3.229497528076171875e+01
3.234238052368164062e+01
3.295065307617187500e+01
3.361605453491210938e+01
3.317422103881835938e+01
3.258322906494140625e+01
3.243949890136718750e+01
3.270326995849609375e+01
3.328923416137695312e+01
3.418230056762695312e+01
3.662847137451171875e+01
3.704982376098632812e+01
3.689799499511718750e+01
3.612125396728515625e+01
3.486766433715820312e+01
3.403668975830078125e+01
3.374717712402343750e+01
3.349854660034179688e+01
3.321120834350585938e+01
3.326823043823242188e+01
3.353454971313476562e+01
3.347850799560546875e+01
3.324351501464843750e+01
3.290600585937500000e+01
3.299010467529296875e+01
3.298292922973632812e+01
3.298461914062500000e+01
3.286317443847656250e+01
3.288808059692382812e+01
3.285102844238281250e+01
3.282330703735351562e+01
3.285436248779296875e+01
3.275170135498046875e+01
3.251221084594726562e+01
3.242852783203125000e+01
3.268230438232421875e+01
3.295045852661132812e+01
3.311836624145507812e+01
3.334802627563476562e+01
3.352261352539062500e+01
3.379689407348632812e+01
3.405749130249023438e+01
3.426121139526367188e+01
3.424890899658203125e+01
3.410706329345703125e+01
3.402613067626953125e+01
3.394418716430664062e+01
3.382104873657226562e+01
3.361264419555664062e+01
3.344451141357421875e+01
3.335563659667968750e+01
3.325138092041015625e+01
3.314801025390625000e+01
3.299959564208984375e+01
3.291637420654296875e+01
3.314710235595703125e+01
3.349440383911132812e+01
3.374794387817382812e+01
3.378446960449218750e+01
3.364004898071289062e+01
3.347941207885742188e+01
3.336278533935546875e+01
3.318094635009765625e+01
3.288572692871093750e+01
3.251071929931640625e+01
3.219064712524414062e+01
3.206811141967773438e+01
3.166896057128906250e+01
3.148726081848144531e+01
3.174457550048828125e+01
3.207579421997070312e+01
3.176028442382812500e+01
3.168562507629394531e+01
3.187067031860351562e+01
3.190115165710449219e+01
3.173367309570312500e+01
3.169312477111816406e+01
3.191886901855468750e+01
3.234687423706054688e+01
3.276786422729492188e+01
3.302197265625000000e+01
3.309152603149414062e+01
3.309812545776367188e+01
3.303939437866210938e+01
3.318050384521484375e+01
3.314152145385742188e+01
3.288010406494140625e+01
3.245262908935546875e+01
3.211375808715820312e+01
3.164604187011718750e+01
