3.169432830810546875e+01
3.180576896667480469e+01
3.097838211059570312e+01
3.071484565734863281e+01
3.011963272094726562e+01
2.991732215881347656e+01
3.013482284545898438e+01
3.048104476928710938e+01
3.074030876159667969e+01
3.090357398986816406e+01
3.115928268432617188e+01
3.126036643981933594e+01
3.132645988464355469e+01
3.123148918151855469e+01
3.127183914184570312e+01
3.134288597106933594e+01
3.138212013244628906e+01
3.139483070373535156e+01
3.143115615844726562e+01
3.142646598815917969e+01
3.137881851196289062e+01
3.135905265808105469e+01
3.126999473571777344e+01
3.110260772705078125e+01
3.104376220703125000e+01
3.104288291931152344e+01
3.111376380920410156e+01
3.130860328674316406e+01
3.136735916137695312e+01
3.139262390136718750e+01
3.155447769165039062e+01
3.163947868347167969e+01
3.171730422973632812e+01
3.164331054687500000e+01
3.157307434082031250e+01
3.150623512268066406e+01
3.136858558654785156e+01
3.129184341430664062e+01
3.129119491577148438e+01
3.126777076721191406e+01
3.122448730468750000e+01
3.125189781188964844e+01
3.134642028808593750e+01
3.160532379150390625e+01
3.158354377746582031e+01
3.145734024047851562e+01
3.137504005432128906e+01
3.135479164123535156e+01
3.143379592895507812e+01
3.163548851013183594e+01
3.168372917175292969e+01
3.166209602355957031e+01
3.160163879394531250e+01
3.153361701965332031e+01
3.158481407165527344e+01
3.156132125854492188e+01
3.152194786071777344e+01
3.146978950500488281e+01
3.145959663391113281e+01
3.147529411315917969e+01
3.142195320129394531e+01
3.141303443908691406e+01
3.159314346313476562e+01
3.177497863769531250e+01
3.192384338378906250e+01
3.195640182495117188e+01
3.194376754760742188e+01
3.193011474609375000e+01
3.191563987731933594e+01
3.201942443847656250e+01
3.200998306274414062e+01
3.192524528503417969e+01
3.192535781860351562e+01
3.194575691223144531e+01
3.257110214233398438e+01
3.297780227661132812e+01
3.312400817871093750e+01
3.311975860595703125e+01
3.294104003906250000e+01
3.273458862304687500e+01
3.196946525573730469e+01
3.161596870422363281e+01
3.146505928039550781e+01
3.127731132507324219e+01
3.116538429260253906e+01
3.130508422851562500e+01
3.151098442077636719e+01
3.170475959777832031e+01
3.165489768981933594e+01
3.180959510803222656e+01
3.195144081115722656e+01
3.202607727050781250e+01
3.193708992004394531e+01
3.187539482116699219e+01
3.206948089599609375e+01
3.287376403808593750e+01
3.299147415161132812e+01
3.311497116088867188e+01
3.243919754028320312e+01
3.192964363098144531e+01
3.265460586547851562e+01
3.268991470336914062e+01
