2.675535202026367188e+01
2.646081161499023438e+01
2.677790260314941406e+01
2.673977279663085938e+01
2.665164756774902344e+01
2.645995521545410156e+01
2.638515663146972656e+01
2.654347610473632812e+01
2.660050201416015625e+01
2.627283859252929688e+01
2.619397735595703125e+01
2.621438598632812500e+01
2.634185981750488281e+01
2.654083442687988281e+01
2.643219947814941406e+01
2.636499786376953125e+01
2.651749038696289062e+01
2.677823066711425781e+01
2.697016906738281250e+01
2.712957763671875000e+01
2.694935226440429688e+01
2.673168182373046875e+01
2.664216804504394531e+01
2.667382812500000000e+01
2.673972892761230469e+01
2.682076835632324219e+01
2.671877479553222656e+01
2.668441772460937500e+01
2.669761848449707031e+01
2.671036720275878906e+01
2.675507545471191406e+01
2.677692031860351562e+01
2.671106719970703125e+01
2.670245552062988281e+01
2.663670158386230469e+01
2.658863830566406250e+01
2.676065254211425781e+01
2.717147636413574219e+01
2.744752120971679688e+01
2.742974853515625000e+01
2.731844139099121094e+01
2.729408264160156250e+01
2.731378364562988281e+01
2.717785644531250000e+01
2.700563812255859375e+01
2.674211502075195312e+01
2.658330726623535156e+01
2.626045989990234375e+01
2.645238876342773438e+01
2.671049690246582031e+01
2.664293670654296875e+01
2.651949691772460938e+01
2.666696166992187500e+01
2.676679611206054688e+01
2.676313972473144531e+01
2.690067291259765625e+01
2.670200157165527344e+01
2.665096473693847656e+01
2.635463905334472656e+01
2.607373046875000000e+01
2.600080108642578125e+01
2.589196395874023438e+01
2.579704284667968750e+01
2.571964263916015625e+01
2.584484100341796875e+01
2.595944786071777344e+01
2.597995567321777344e+01
2.590834236145019531e+01
2.609840393066406250e+01
2.634139442443847656e+01
2.648286819458007812e+01
2.663387870788574219e+01
2.653914260864257812e+01
2.647229385375976562e+01
2.655928993225097656e+01
2.667767143249511719e+01
2.670126914978027344e+01
2.663543701171875000e+01
2.656038665771484375e+01
2.656483459472656250e+01
2.648715019226074219e+01
2.654758071899414062e+01
2.666391181945800781e+01
2.684744644165039062e+01
2.700375556945800781e+01
2.698129463195800781e+01
2.700686836242675781e+01
2.690170478820800781e+01
2.672501564025878906e+01
2.660309219360351562e+01
2.653071212768554688e+01
2.650826644897460938e+01
2.625671958923339844e+01
2.621230316162109375e+01
2.645071792602539062e+01
2.685446929931640625e+01
2.699032592773437500e+01
2.700422096252441406e+01
2.688211822509765625e+01
2.675736808776855469e+01
2.693918609619140625e+01
2.724077033996582031e+01
2.747439765930175781e+01
2.752142715454101562e+01
2.722673988342285156e+01
2.712429046630859375e+01
2.687129592895507812e+01
