3.567227554321289062e+01
3.551797866821289062e+01
3.437379455566406250e+01
3.422375869750976562e+01
3.439444732666015625e+01
3.464216232299804688e+01
3.550302124023437500e+01
3.565978622436523438e+01
3.588766860961914062e+01
3.614616775512695312e+01
3.641973495483398438e+01
3.663674926757812500e+01
3.666525650024414062e+01
3.637199020385742188e+01
3.527946472167968750e+01
3.467120742797851562e+01
3.463742828369140625e+01
3.469146728515625000e+01
3.488953018188476562e+01
3.521024322509765625e+01
3.542901992797851562e+01
3.604130935668945312e+01
3.603230667114257812e+01
3.667091369628906250e+01
3.704463577270507812e+01
3.712056732177734375e+01
3.705750274658203125e+01
3.700710296630859375e+01
3.697428894042968750e+01
3.675128555297851562e+01
3.663527679443359375e+01
3.643621826171875000e+01
3.625462722778320312e+01
3.626545715332031250e+01
3.636470413208007812e+01
3.663219833374023438e+01
3.671870803833007812e+01
3.678877258300781250e+01
3.693719863891601562e+01
3.685515594482421875e+01
3.680689620971679688e+01
3.683744812011718750e+01
3.694488525390625000e+01
3.697301101684570312e+01
3.700522232055664062e+01
3.692403030395507812e+01
3.711223602294921875e+01
3.735279464721679688e+01
3.743926239013671875e+01
3.719393920898437500e+01
3.646342086791992188e+01
3.680543136596679688e+01
3.686640167236328125e+01
3.671134567260742188e+01
3.705191040039062500e+01
3.715395736694335938e+01
3.694027709960937500e+01
3.663532638549804688e+01
3.642202377319335938e+01
3.643111801147460938e+01
3.664801025390625000e+01
3.686132812500000000e+01
3.690249252319335938e+01
3.690493392944335938e+01
3.685258102416992188e+01
3.688575363159179688e+01
3.693161010742187500e+01
3.692105484008789062e+01
3.686774444580078125e+01
3.685017776489257812e+01
3.694389724731445312e+01
3.723995971679687500e+01
3.743997955322265625e+01
3.764858627319335938e+01
3.772121429443359375e+01
3.770542526245117188e+01
3.763890457153320312e+01
3.749235534667968750e+01
3.732678985595703125e+01
3.716664886474609375e+01
3.697206115722656250e+01
3.614156341552734375e+01
3.559463500976562500e+01
3.543126296997070312e+01
3.528789901733398438e+01
3.526811981201171875e+01
3.525831222534179688e+01
3.534087753295898438e+01
3.552276611328125000e+01
3.583944320678710938e+01
3.680818557739257812e+01
3.677144241333007812e+01
3.649004745483398438e+01
3.611584854125976562e+01
3.595868682861328125e+01
3.589211654663085938e+01
3.684351348876953125e+01
3.720155715942382812e+01
3.722552871704101562e+01
3.726658248901367188e+01
3.715747070312500000e+01
3.726282119750976562e+01
3.722651672363281250e+01
3.749441909790039062e+01
