2.714181518554687500e+01
2.680815696716308594e+01
2.639711189270019531e+01
2.587923622131347656e+01
2.602456855773925781e+01
2.605437660217285156e+01
2.613716888427734375e+01
2.613415908813476562e+01
2.614778900146484375e+01
2.643498992919921875e+01
2.651802253723144531e+01
2.675699424743652344e+01
2.688579368591308594e+01
2.687184524536132812e+01
2.691621780395507812e+01
2.686659812927246094e+01
2.691336441040039062e+01
2.692387008666992188e+01
2.689397621154785156e+01
2.684991455078125000e+01
2.668101501464843750e+01
2.670486640930175781e+01
2.677440071105957031e+01
2.682225418090820312e+01
2.690522193908691406e+01
2.701594924926757812e+01
2.716294479370117188e+01
2.729700088500976562e+01
2.736496734619140625e+01
2.737785530090332031e+01
2.724425125122070312e+01
2.717301750183105469e+01
2.716321754455566406e+01
2.721492576599121094e+01
2.726440238952636719e+01
2.721878242492675781e+01
2.724178695678710938e+01
2.730073928833007812e+01
2.734167480468750000e+01
2.727614974975585938e+01
2.710464096069335938e+01
2.698822021484375000e+01
2.701633071899414062e+01
2.705335807800292969e+01
2.714834785461425781e+01
2.708092498779296875e+01
2.700596809387207031e+01
2.709486579895019531e+01
2.723868560791015625e+01
2.745289230346679688e+01
2.738559913635253906e+01
2.743198394775390625e+01
2.763488388061523438e+01
2.759198760986328125e+01
2.759284591674804688e+01
2.763369560241699219e+01
2.773617935180664062e+01
2.792786407470703125e+01
2.792989540100097656e+01
2.777077102661132812e+01
2.754070472717285156e+01
2.749139022827148438e+01
2.736475753784179688e+01
2.714929008483886719e+01
2.702869033813476562e+01
2.689387702941894531e+01
2.689695930480957031e+01
2.695130157470703125e+01
2.696209526062011719e+01
2.702531051635742188e+01
2.699692153930664062e+01
2.703092575073242188e+01
2.713017082214355469e+01
2.718577003479003906e+01
2.719097709655761719e+01
2.708442306518554688e+01
2.693137168884277344e+01
2.691532707214355469e+01
2.688588333129882812e+01
2.695013999938964844e+01
2.695825576782226562e+01
2.688011932373046875e+01
2.675564956665039062e+01
2.661518859863281250e+01
2.662508201599121094e+01
2.663351249694824219e+01
2.668749427795410156e+01
2.689191818237304688e+01
2.691986656188964844e+01
2.692209434509277344e+01
2.663243865966796875e+01
2.650581741333007812e+01
2.663428878784179688e+01
2.659409141540527344e+01
2.660876846313476562e+01
2.666506958007812500e+01
2.663346862792968750e+01
2.647990989685058594e+01
2.599581146240234375e+01
2.582765007019042969e+01
2.560306930541992188e+01
2.528195571899414062e+01
2.499113273620605469e+01
2.487174797058105469e+01
2.510367584228515625e+01
