3.744140625000000000e+01
3.716344070434570312e+01
3.735821533203125000e+01
3.727742767333984375e+01
3.743064117431640625e+01
3.754397964477539062e+01
3.733087921142578125e+01
3.725614929199218750e+01
3.721644210815429688e+01
3.744618606567382812e+01
3.739098358154296875e+01
3.743333053588867188e+01
3.733969879150390625e+01
3.701093292236328125e+01
3.658844757080078125e+01
3.646425628662109375e+01
3.628803634643554688e+01
3.627634429931640625e+01
3.628360748291015625e+01
3.649351882934570312e+01
3.673394012451171875e+01
3.663742828369140625e+01
3.622428131103515625e+01
3.603497314453125000e+01
3.625850677490234375e+01
3.654365158081054688e+01
3.675819778442382812e+01
3.646578598022460938e+01
3.639244842529296875e+01
3.658898162841796875e+01
3.662112808227539062e+01
3.647923660278320312e+01
3.627166366577148438e+01
3.613452911376953125e+01
3.586409378051757812e+01
3.599697494506835938e+01
3.627173233032226562e+01
3.642022705078125000e+01
3.638819122314453125e+01
3.644593429565429688e+01
3.650983047485351562e+01
3.656621170043945312e+01
3.669650650024414062e+01
3.689014434814453125e+01
3.713932037353515625e+01
3.715119552612304688e+01
3.704412841796875000e+01
3.695043563842773438e+01
3.689450836181640625e+01
3.696001052856445312e+01
3.707156753540039062e+01
3.715574645996093750e+01
3.716320419311523438e+01
3.714390182495117188e+01
3.714588546752929688e+01
3.701814651489257812e+01
3.700455093383789062e+01
3.714153671264648438e+01
3.715641403198242188e+01
3.685918045043945312e+01
3.669540786743164062e+01
3.657258224487304688e+01
3.627674865722656250e+01
3.616657638549804688e+01
3.624827194213867188e+01
3.627939224243164062e+01
3.599455261230468750e+01
3.613996124267578125e+01
3.650772857666015625e+01
3.655623626708984375e+01
3.631836700439453125e+01
3.602721786499023438e+01
3.592806625366210938e+01
3.570312881469726562e+01
3.546406555175781250e+01
3.544832229614257812e+01
3.557707595825195312e+01
3.570891571044921875e+01
3.583333587646484375e+01
3.595922851562500000e+01
3.596590805053710938e+01
3.610384750366210938e+01
3.614030456542968750e+01
3.622134399414062500e+01
3.626876449584960938e+01
3.642814254760742188e+01
3.648576354980468750e+01
3.646380996704101562e+01
3.647694396972656250e+01
3.639203262329101562e+01
3.636183547973632812e+01
3.643875885009765625e+01
3.666063690185546875e+01
3.725340270996093750e+01
3.752931976318359375e+01
3.748662185668945312e+01
3.737866973876953125e+01
3.728205871582031250e+01
3.726073074340820312e+01
3.732011795043945312e+01
3.732029724121093750e+01
3.736351776123046875e+01
3.738571929931640625e+01
3.748417663574218750e+01
3.738730621337890625e+01
