3.557128524780273438e+01
3.489281845092773438e+01
3.468378067016601562e+01
3.489635467529296875e+01
3.525172042846679688e+01
3.575552368164062500e+01
3.631157684326171875e+01
3.696347808837890625e+01
3.732071304321289062e+01
3.645412063598632812e+01
3.558678054809570312e+01
3.556292343139648438e+01
3.502182388305664062e+01
3.460312271118164062e+01
3.419697189331054688e+01
3.438336181640625000e+01
3.554074096679687500e+01
3.574301147460937500e+01
3.606655883789062500e+01
3.545911026000976562e+01
3.523880386352539062e+01
3.463286209106445312e+01
3.463315582275390625e+01
3.489057540893554688e+01
3.505057907104492188e+01
3.555765151977539062e+01
3.566165161132812500e+01
3.566128921508789062e+01
3.605472946166992188e+01
3.634663772583007812e+01
3.663217163085937500e+01
3.669258499145507812e+01
3.663597869873046875e+01
3.662123107910156250e+01
3.658894348144531250e+01
3.658095169067382812e+01
3.655745315551757812e+01
3.653351593017578125e+01
3.641639709472656250e+01
3.641614151000976562e+01
3.664496994018554688e+01
3.694951629638671875e+01
3.705147171020507812e+01
3.710250473022460938e+01
3.716800308227539062e+01
3.724704360961914062e+01
3.682606124877929688e+01
3.659627151489257812e+01
3.667960739135742188e+01
3.700325775146484375e+01
3.714860534667968750e+01
3.701240921020507812e+01
3.717877960205078125e+01
3.730702972412109375e+01
3.733514785766601562e+01
3.741924285888671875e+01
3.751451873779296875e+01
3.758183670043945312e+01
3.748127365112304688e+01
3.723847579956054688e+01
3.700329971313476562e+01
3.669789123535156250e+01
3.653948974609375000e+01
3.644722366333007812e+01
3.629947280883789062e+01
3.593661880493164062e+01
3.558377838134765625e+01
3.546363830566406250e+01
3.559777832031250000e+01
3.597483825683593750e+01
3.590357971191406250e+01
3.634821701049804688e+01
3.688361740112304688e+01
3.692549896240234375e+01
3.693571090698242188e+01
3.671837234497070312e+01
3.640861511230468750e+01
3.667983627319335938e+01
3.704162979125976562e+01
3.702685928344726562e+01
3.665363311767578125e+01
3.675873947143554688e+01
3.694733810424804688e+01
3.687911224365234375e+01
3.719974899291992188e+01
3.715813446044921875e+01
3.722681045532226562e+01
3.741831970214843750e+01
3.732070159912109375e+01
3.690033340454101562e+01
3.641418838500976562e+01
3.616476440429687500e+01
3.548923873901367188e+01
