3.153782844543457031e+01
3.168016624450683594e+01
3.189184379577636719e+01
3.186325263977050781e+01
3.198207855224609375e+01
3.226731872558593750e+01
3.234333801269531250e+01
3.266417694091796875e+01
3.283297348022460938e+01
3.298103332519531250e+01
3.272179794311523438e+01
3.237580490112304688e+01
3.234326171875000000e+01
3.235131454467773438e+01
3.229829025268554688e+01
3.219278335571289062e+01
3.235401535034179688e+01
3.259430694580078125e+01
3.234892272949218750e+01
3.183726692199707031e+01
3.200049972534179688e+01
3.218156051635742188e+01
3.250827026367187500e+01
3.242221450805664062e+01
3.209528350830078125e+01
3.168638801574707031e+01
3.171452713012695312e+01
3.184997940063476562e+01
3.209485244750976562e+01
3.242507553100585938e+01
3.258238601684570312e+01
3.265778350830078125e+01
3.275140380859375000e+01
3.255196380615234375e+01
3.227140426635742188e+01
3.207745742797851562e+01
3.197571563720703125e+01
3.230114746093750000e+01
3.253989028930664062e+01
3.277101516723632812e+01
3.307874679565429688e+01
3.328119277954101562e+01
3.340737533569335938e+01
3.358282470703125000e+01
3.366276168823242188e+01
3.364625549316406250e+01
3.363312149047851562e+01
3.344314956665039062e+01
3.321001434326171875e+01
3.289727020263671875e+01
3.273743438720703125e+01
3.273205184936523438e+01
3.281456375122070312e+01
3.276934432983398438e+01
3.262675476074218750e+01
3.239700317382812500e+01
3.234402084350585938e+01
3.221586608886718750e+01
3.218308639526367188e+01
3.191196250915527344e+01
3.197389411926269531e+01
3.226380538940429688e+01
3.233954620361328125e+01
3.216537094116210938e+01
3.227477264404296875e+01
3.240493011474609375e+01
3.239645767211914062e+01
3.240193939208984375e+01
3.242741775512695312e+01
3.242118072509765625e+01
3.259397888183593750e+01
3.260137557983398438e+01
3.252070236206054688e+01
3.221976852416992188e+01
3.248870849609375000e+01
3.277109527587890625e+01
3.309436798095703125e+01
3.331716156005859375e+01
3.356756973266601562e+01
3.327884674072265625e+01
3.334808731079101562e+01
3.330961990356445312e+01
3.283353424072265625e+01
3.260720443725585938e+01
3.272571563720703125e+01
3.309461593627929688e+01
3.328524780273437500e+01
3.351885604858398438e+01
3.339851379394531250e+01
3.318572235107421875e+01
3.300470352172851562e+01
3.284115982055664062e+01
3.271041488647460938e+01
3.270018768310546875e+01
3.265764236450195312e+01
3.277608108520507812e+01
3.276071929931640625e+01
3.260081481933593750e+01
3.255931091308593750e+01
3.256315231323242188e+01
3.256916809082031250e+01
3.229754638671875000e+01
3.180917358398437500e+01
3.162060356140136719e+01
