3.229230499267578125e+01
3.235929870605468750e+01
3.207138061523437500e+01
3.290039825439453125e+01
3.371831512451171875e+01
3.403254699707031250e+01
3.384559631347656250e+01
3.391746139526367188e+01
3.362670516967773438e+01
3.331542968750000000e+01
3.293681716918945312e+01
3.340257644653320312e+01
3.367673873901367188e+01
3.383729553222656250e+01
3.369548034667968750e+01
3.312699508666992188e+01
3.297887039184570312e+01
3.298951721191406250e+01
3.310666656494140625e+01
3.322783660888671875e+01
3.307426834106445312e+01
3.263843154907226562e+01
3.288088989257812500e+01
3.331593322753906250e+01
3.418981170654296875e+01
3.492670059204101562e+01
3.460428237915039062e+01
3.461589813232421875e+01
3.519563674926757812e+01
3.554229736328125000e+01
3.513969039916992188e+01
3.445120620727539062e+01
3.401805877685546875e+01
3.383649063110351562e+01
3.359693908691406250e+01
3.329006958007812500e+01
3.327852630615234375e+01
3.348133087158203125e+01
3.364852142333984375e+01
3.332706451416015625e+01
3.321252441406250000e+01
3.333345031738281250e+01
3.338311386108398438e+01
3.321730041503906250e+01
3.316707229614257812e+01
3.319872665405273438e+01
3.379943466186523438e+01
3.464274215698242188e+01
3.451757431030273438e+01
3.405049133300781250e+01
3.353121948242187500e+01
3.247631072998046875e+01
3.261196517944335938e+01
3.280782318115234375e+01
3.286474227905273438e+01
3.244736862182617188e+01
3.270718002319335938e+01
3.327532958984375000e+01
3.332849884033203125e+01
3.339002990722656250e+01
3.370009231567382812e+01
3.374897384643554688e+01
3.363196945190429688e+01
3.352017211914062500e+01
3.363019561767578125e+01
3.341028976440429688e+01
3.352846527099609375e+01
3.376655197143554688e+01
3.359428405761718750e+01
3.337279129028320312e+01
3.328765487670898438e+01
3.373918914794921875e+01
3.501280593872070312e+01
3.540118026733398438e+01
3.546445083618164062e+01
3.529459762573242188e+01
3.542737960815429688e+01
3.574537658691406250e+01
3.618611907958984375e+01
3.625798416137695312e+01
3.518984603881835938e+01
3.337348556518554688e+01
3.275146865844726562e+01
3.252405548095703125e+01
3.218290710449218750e+01
3.192508316040039062e+01
3.194838142395019531e+01
3.214796829223632812e+01
3.223457717895507812e+01
3.235232162475585938e+01
3.263508224487304688e+01
3.279662322998046875e+01
3.284042358398437500e+01
3.249486541748046875e+01
3.250855636596679688e+01
3.265926742553710938e+01
3.240641021728515625e+01
3.305432510375976562e+01
3.325214004516601562e+01
3.294769668579101562e+01
3.302659606933593750e+01
3.322479629516601562e+01
3.340593338012695312e+01
3.279738998413085938e+01
