3.400672912597656250e+01
3.369770812988281250e+01
3.355099487304687500e+01
3.346117019653320312e+01
3.322227478027343750e+01
3.285018157958984375e+01
3.317229461669921875e+01
3.324240875244140625e+01
3.320216369628906250e+01
3.291515350341796875e+01
3.289194488525390625e+01
3.268983840942382812e+01
3.206375122070312500e+01
3.209545898437500000e+01
3.232252883911132812e+01
3.252638244628906250e+01
3.248888015747070312e+01
3.245358657836914062e+01
3.250066757202148438e+01
3.262231063842773438e+01
3.271413803100585938e+01
3.295450592041015625e+01
3.303802871704101562e+01
3.288976287841796875e+01
3.285899734497070312e+01
3.301221466064453125e+01
3.289711761474609375e+01
3.271585083007812500e+01
3.240732955932617188e+01
3.211546325683593750e+01
3.193016624450683594e+01
3.186847496032714844e+01
3.178706932067871094e+01
3.181451034545898438e+01
3.182077407836914062e+01
3.170902061462402344e+01
3.173194313049316406e+01
3.184628677368164062e+01
3.194728851318359375e+01
3.200289916992187500e+01
3.204990005493164062e+01
3.201145172119140625e+01
3.200830078125000000e+01
3.211266708374023438e+01
3.212251281738281250e+01
3.209360504150390625e+01
3.211980819702148438e+01
3.195461654663085938e+01
3.188742828369140625e+01
3.184736442565917969e+01
3.202392959594726562e+01
3.229345703125000000e+01
3.239840698242187500e+01
3.247951126098632812e+01
3.247109222412109375e+01
3.243414306640625000e+01
3.236203002929687500e+01
3.226515579223632812e+01
3.222403335571289062e+01
3.222300720214843750e+01
3.223763656616210938e+01
3.227625274658203125e+01
3.212863159179687500e+01
3.209487915039062500e+01
3.216755294799804688e+01
3.232417678833007812e+01
3.245742797851562500e+01
3.256383132934570312e+01
3.263224411010742188e+01
3.237421035766601562e+01
3.227772903442382812e+01
3.225780868530273438e+01
3.222492599487304688e+01
3.209264755249023438e+01
3.206111907958984375e+01
3.222957229614257812e+01
3.246115112304687500e+01
3.243752288818359375e+01
3.243758392333984375e+01
3.245619201660156250e+01
3.250015258789062500e+01
3.245701980590820312e+01
3.248089599609375000e+01
3.244443893432617188e+01
3.249693298339843750e+01
3.243379592895507812e+01
3.243571853637695312e+01
3.262282180786132812e+01
3.287294769287109375e+01
3.314664077758789062e+01
3.326379776000976562e+01
3.315292739868164062e+01
3.305363082885742188e+01
3.364191436767578125e+01
3.435416412353515625e+01
3.498230361938476562e+01
3.517000579833984375e+01
3.457028198242187500e+01
3.397280502319335938e+01
