2.848978424072265625e+01
2.884412574768066406e+01
2.886545944213867188e+01
2.873697280883789062e+01
2.880401992797851562e+01
2.877482986450195312e+01
2.852990531921386719e+01
2.831431961059570312e+01
2.818176651000976562e+01
2.787713623046875000e+01
2.787587738037109375e+01
2.786572265625000000e+01
2.785308456420898438e+01
2.782935142517089844e+01
2.758800697326660156e+01
2.754071426391601562e+01
2.745633697509765625e+01
2.742005157470703125e+01
2.741907119750976562e+01
2.729614830017089844e+01
2.731627464294433594e+01
2.727127838134765625e+01
2.758673858642578125e+01
2.775127029418945312e+01
2.791580200195312500e+01
2.800153160095214844e+01
2.800972747802734375e+01
2.799946212768554688e+01
2.803982925415039062e+01
2.814760398864746094e+01
2.816680145263671875e+01
2.817650604248046875e+01
2.822805023193359375e+01
2.832432746887207031e+01
2.839143753051757812e+01
2.846947860717773438e+01
2.854345893859863281e+01
2.856533241271972656e+01
2.859572410583496094e+01
2.859438705444335938e+01
2.856769180297851562e+01
2.856782531738281250e+01
2.858869743347167969e+01
2.859748649597167969e+01
2.863796043395996094e+01
2.874615669250488281e+01
2.886681365966796875e+01
2.894953727722167969e+01
2.898673820495605469e+01
2.898815917968750000e+01
2.905611801147460938e+01
2.902979660034179688e+01
2.898172760009765625e+01
2.895985794067382812e+01
2.887236976623535156e+01
2.885859489440917969e+01
2.889984321594238281e+01
2.923627853393554688e+01
2.933387947082519531e+01
2.917845916748046875e+01
2.896614074707031250e+01
2.897369384765625000e+01
2.909843444824218750e+01
2.908185195922851562e+01
2.908919143676757812e+01
2.908536148071289062e+01
2.903227233886718750e+01
2.901622009277343750e+01
2.892135047912597656e+01
2.888778686523437500e+01
2.891933250427246094e+01
2.883825492858886719e+01
2.878508758544921875e+01
2.878897476196289062e+01
2.861481475830078125e+01
2.852109146118164062e+01
2.842961502075195312e+01
2.845286178588867188e+01
2.852795028686523438e+01
2.863221359252929688e+01
2.856480407714843750e+01
2.849971008300781250e+01
2.837669754028320312e+01
2.834593200683593750e+01
2.835318946838378906e+01
2.822601890563964844e+01
2.821067619323730469e+01
2.817268180847167969e+01
2.789847564697265625e+01
2.785300827026367188e+01
2.785998153686523438e+01
2.792166709899902344e+01
2.808975791931152344e+01
2.844249725341796875e+01
2.824263000488281250e+01
2.813088417053222656e+01
2.811597251892089844e+01
2.810907363891601562e+01
2.814977073669433594e+01
