2.095091438293457031e+01
2.097289276123046875e+01
2.078137207031250000e+01
2.087449645996093750e+01
2.096784782409667969e+01
2.121258354187011719e+01
2.136632156372070312e+01
2.162121200561523438e+01
2.182505607604980469e+01
2.198789215087890625e+01
2.214166069030761719e+01
2.224935913085937500e+01
2.244240379333496094e+01
2.235679244995117188e+01
2.236222648620605469e+01
2.230174827575683594e+01
2.240849685668945312e+01
2.241243171691894531e+01
2.240231513977050781e+01
2.232398796081542969e+01
2.220629310607910156e+01
2.192362213134765625e+01
2.146924972534179688e+01
2.117296981811523438e+01
2.106645965576171875e+01
2.110155868530273438e+01
2.105348396301269531e+01
2.121094703674316406e+01
2.123854255676269531e+01
2.137961578369140625e+01
2.139368820190429688e+01
2.144163131713867188e+01
2.134260368347167969e+01
2.115926361083984375e+01
2.098353385925292969e+01
2.090707778930664062e+01
2.092568397521972656e+01
2.091711235046386719e+01
2.091113853454589844e+01
2.078633117675781250e+01
2.077535057067871094e+01
2.075564384460449219e+01
2.084285163879394531e+01
2.079019165039062500e+01
2.076714324951171875e+01
2.075802040100097656e+01
2.068780326843261719e+01
2.063842010498046875e+01
2.055758666992187500e+01
2.061437606811523438e+01
2.056009101867675781e+01
2.056377983093261719e+01
2.041076087951660156e+01
2.038833618164062500e+01
2.038655090332031250e+01
2.047068023681640625e+01
2.040739059448242188e+01
2.034458732604980469e+01
2.034082984924316406e+01
2.042419052124023438e+01
2.048287773132324219e+01
2.049482727050781250e+01
2.058495521545410156e+01
2.063385963439941406e+01
2.078964424133300781e+01
2.078929901123046875e+01
2.094289588928222656e+01
2.103864097595214844e+01
2.108234786987304688e+01
2.091642761230468750e+01
2.074747848510742188e+01
2.067209815979003906e+01
2.065251731872558594e+01
2.060056114196777344e+01
2.058116531372070312e+01
2.059433937072753906e+01
2.052573966979980469e+01
2.059961318969726562e+01
2.049344825744628906e+01
2.053267860412597656e+01
2.063653564453125000e+01
2.077094650268554688e+01
2.093298149108886719e+01
2.111219024658203125e+01
2.134645652770996094e+01
2.168332862854003906e+01
2.191925811767578125e+01
2.199976158142089844e+01
2.200444221496582031e+01
2.195070457458496094e+01
2.180077934265136719e+01
2.160671806335449219e+01
2.164963912963867188e+01
2.162720108032226562e+01
2.176966285705566406e+01
2.182424736022949219e+01
2.194104576110839844e+01
2.198950958251953125e+01
2.203181266784667969e+01
2.208146476745605469e+01
2.200202751159667969e+01
2.191680526733398438e+01
