3.207912063598632812e+01
3.304900360107421875e+01
3.371886062622070312e+01
3.458243179321289062e+01
3.553034591674804688e+01
3.540894699096679688e+01
3.515632629394531250e+01
3.544941711425781250e+01
3.547538375854492188e+01
3.479733657836914062e+01
3.432418060302734375e+01
3.429229736328125000e+01
3.490700912475585938e+01
3.503257369995117188e+01
3.569289398193359375e+01
3.588569259643554688e+01
3.586633300781250000e+01
3.581999969482421875e+01
3.588017654418945312e+01
3.578384017944335938e+01
3.570666122436523438e+01
3.513891983032226562e+01
3.306272506713867188e+01
3.303395843505859375e+01
3.391460800170898438e+01
3.500373077392578125e+01
3.542096710205078125e+01
3.551404190063476562e+01
3.430385971069335938e+01
3.411445617675781250e+01
3.453863143920898438e+01
3.481402969360351562e+01
3.431566238403320312e+01
3.347563552856445312e+01
3.340719604492187500e+01
3.423815155029296875e+01
3.519928741455078125e+01
3.540158843994140625e+01
3.504224014282226562e+01
3.394514846801757812e+01
3.394398880004882812e+01
3.421203994750976562e+01
3.384482192993164062e+01
3.403141403198242188e+01
3.392157363891601562e+01
3.392982101440429688e+01
3.346524047851562500e+01
3.318614959716796875e+01
3.338843536376953125e+01
3.346822357177734375e+01
3.367184829711914062e+01
3.382009887695312500e+01
3.387676239013671875e+01
3.374168777465820312e+01
3.347385025024414062e+01
3.328884124755859375e+01
3.349679946899414062e+01
3.439888381958007812e+01
3.576361083984375000e+01
3.586744308471679688e+01
3.595776367187500000e+01
3.617718887329101562e+01
3.607798385620117188e+01
3.579185104370117188e+01
3.533913040161132812e+01
3.437512207031250000e+01
3.403080368041992188e+01
3.382264709472656250e+01
3.373994064331054688e+01
3.366315078735351562e+01
3.340599441528320312e+01
3.341136932373046875e+01
3.305834960937500000e+01
3.245122909545898438e+01
3.275686645507812500e+01
3.203073883056640625e+01
3.147877120971679688e+01
3.201630783081054688e+01
3.213936614990234375e+01
3.260927963256835938e+01
3.308850860595703125e+01
3.358084487915039062e+01
3.429408645629882812e+01
3.495164489746093750e+01
3.494088745117187500e+01
3.453391265869140625e+01
3.456615829467773438e+01
3.484951782226562500e+01
3.454046249389648438e+01
3.450569534301757812e+01
3.434199142456054688e+01
3.376501464843750000e+01
3.379431152343750000e+01
3.438006210327148438e+01
3.495927047729492188e+01
3.508043289184570312e+01
3.519530487060546875e+01
3.507999801635742188e+01
3.502524185180664062e+01
3.448567199707031250e+01
3.498257827758789062e+01
3.557062530517578125e+01
3.589162063598632812e+01
3.667940902709960938e+01
3.689561462402343750e+01
3.636305236816406250e+01
3.554554748535156250e+01
