3.489067459106445312e+01
3.463849258422851562e+01
3.445625686645507812e+01
3.418019485473632812e+01
3.422221755981445312e+01
3.442565155029296875e+01
3.452309799194335938e+01
3.481021499633789062e+01
3.551563262939453125e+01
3.582888031005859375e+01
3.559911727905273438e+01
3.577796173095703125e+01
3.556511306762695312e+01
3.497548294067382812e+01
3.424804306030273438e+01
3.469628906250000000e+01
3.543409729003906250e+01
3.590803527832031250e+01
3.623509979248046875e+01
3.644436264038085938e+01
3.654813003540039062e+01
3.644619750976562500e+01
3.608041000366210938e+01
3.599765777587890625e+01
3.608985519409179688e+01
3.621766662597656250e+01
3.635952377319335938e+01
3.639269256591796875e+01
3.625672912597656250e+01
3.592939758300781250e+01
3.543251419067382812e+01
3.455247497558593750e+01
3.439323043823242188e+01
3.482201766967773438e+01
3.449408721923828125e+01
3.429537963867187500e+01
3.465558242797851562e+01
3.449488067626953125e+01
3.438364028930664062e+01
3.443382263183593750e+01
3.461258697509765625e+01
3.503753662109375000e+01
3.597760772705078125e+01
3.583172607421875000e+01
3.522017669677734375e+01
3.530902862548828125e+01
3.585060119628906250e+01
3.593659973144531250e+01
3.631068801879882812e+01
3.684194946289062500e+01
3.715594100952148438e+01
3.738882446289062500e+01
3.734487915039062500e+01
3.702201461791992188e+01
3.696403503417968750e+01
3.672854614257812500e+01
3.577333068847656250e+01
3.499346923828125000e+01
3.493444824218750000e+01
3.535980987548828125e+01
3.557288742065429688e+01
3.522273254394531250e+01
3.635298538208007812e+01
3.693253326416015625e+01
3.701067352294921875e+01
3.704116058349609375e+01
3.702637863159179688e+01
3.674362182617187500e+01
3.635034179687500000e+01
3.611406326293945312e+01
3.614118957519531250e+01
3.619695663452148438e+01
3.610058593750000000e+01
3.537041473388671875e+01
3.494226455688476562e+01
3.486643981933593750e+01
3.487867355346679688e+01
3.492216110229492188e+01
3.533525085449218750e+01
3.630948257446289062e+01
3.677731704711914062e+01
3.706301879882812500e+01
3.706174850463867188e+01
3.694700241088867188e+01
3.687127304077148438e+01
3.643296813964843750e+01
3.595930099487304688e+01
3.604589843750000000e+01
3.623274230957031250e+01
3.568974685668945312e+01
3.544437789916992188e+01
3.520547103881835938e+01
3.497991180419921875e+01
3.498160934448242188e+01
3.488029098510742188e+01
3.477701187133789062e+01
3.466432952880859375e+01
3.469159317016601562e+01
3.495365905761718750e+01
3.520663833618164062e+01
3.530649185180664062e+01
3.551527023315429688e+01
3.532750320434570312e+01
3.520727920532226562e+01
3.564231491088867188e+01
3.538186264038085938e+01
