2.660715484619140625e+01
2.629188919067382812e+01
2.610721588134765625e+01
2.579610824584960938e+01
2.553693580627441406e+01
2.501442718505859375e+01
2.458555603027343750e+01
2.441367721557617188e+01
2.427563858032226562e+01
2.427729415893554688e+01
2.380374526977539062e+01
2.362405586242675781e+01
2.393226814270019531e+01
2.427041435241699219e+01
2.447037124633789062e+01
2.446107673645019531e+01
2.449480056762695312e+01
2.441045951843261719e+01
2.430461883544921875e+01
2.422105979919433594e+01
2.417516708374023438e+01
2.408424758911132812e+01
2.393089294433593750e+01
2.381430435180664062e+01
2.375022506713867188e+01
2.375487136840820312e+01
2.378532028198242188e+01
2.375513076782226562e+01
2.365244865417480469e+01
2.363606834411621094e+01
2.365325355529785156e+01
2.372880744934082031e+01
2.376949501037597656e+01
2.370379257202148438e+01
2.370897102355957031e+01
2.381913948059082031e+01
2.390711212158203125e+01
2.388330078125000000e+01
2.381709289550781250e+01
2.368013191223144531e+01
2.365378570556640625e+01
2.381198501586914062e+01
2.392562294006347656e+01
2.404666137695312500e+01
2.397036170959472656e+01
2.399226379394531250e+01
2.396150016784667969e+01
2.391668319702148438e+01
2.390844726562500000e+01
2.370432662963867188e+01
2.370710182189941406e+01
2.386025428771972656e+01
2.387122535705566406e+01
2.380283546447753906e+01
2.377719306945800781e+01
2.387676620483398438e+01
2.399210357666015625e+01
2.419077491760253906e+01
2.442101097106933594e+01
2.455719184875488281e+01
2.441403579711914062e+01
2.419584655761718750e+01
2.404896354675292969e+01
2.400501251220703125e+01
2.415034484863281250e+01
2.461441230773925781e+01
2.438493728637695312e+01
2.414220809936523438e+01
2.403682518005371094e+01
2.409512329101562500e+01
2.418932533264160156e+01
2.406918907165527344e+01
2.406612586975097656e+01
2.363405609130859375e+01
2.345587158203125000e+01
2.359424018859863281e+01
2.365138816833496094e+01
2.384008598327636719e+01
2.358384895324707031e+01
2.392748260498046875e+01
2.404549789428710938e+01
2.426739120483398438e+01
2.499173164367675781e+01
2.526879882812500000e+01
2.566981887817382812e+01
2.544926643371582031e+01
2.541815948486328125e+01
2.528484344482421875e+01
2.513318061828613281e+01
2.538815307617187500e+01
2.574334144592285156e+01
2.621034240722656250e+01
