3.803444290161132812e+01
3.803029251098632812e+01
3.773893356323242188e+01
3.724713134765625000e+01
3.721738433837890625e+01
3.743212127685546875e+01
3.744656372070312500e+01
3.736139678955078125e+01
3.726876449584960938e+01
3.706760025024414062e+01
3.686288833618164062e+01
3.669682693481445312e+01
3.638731765747070312e+01
3.586005783081054688e+01
3.577614593505859375e+01
3.590063476562500000e+01
3.578897094726562500e+01
3.549489593505859375e+01
3.576459884643554688e+01
3.667276000976562500e+01
3.701317214965820312e+01
3.713692092895507812e+01
3.714188003540039062e+01
3.717601013183593750e+01
3.726968383789062500e+01
3.737889480590820312e+01
3.749879837036132812e+01
3.761582946777343750e+01
3.766386032104492188e+01
3.742939376831054688e+01
3.723357391357421875e+01
3.715465545654296875e+01
3.721475982666015625e+01
3.724688720703125000e+01
3.751217651367187500e+01
3.738310241699218750e+01
3.708745193481445312e+01
3.671732330322265625e+01
3.631581497192382812e+01
3.619460296630859375e+01
3.659498977661132812e+01
3.695231246948242188e+01
3.705233001708984375e+01
3.700082015991210938e+01
3.695019531250000000e+01
3.691928100585937500e+01
3.683419799804687500e+01
3.663901901245117188e+01
3.639858245849609375e+01
3.593014144897460938e+01
3.529737091064453125e+01
3.562674713134765625e+01
3.605735397338867188e+01
3.542228698730468750e+01
3.540235519409179688e+01
3.634792327880859375e+01
3.630627059936523438e+01
3.539022827148437500e+01
3.437083053588867188e+01
3.424429321289062500e+01
3.421048736572265625e+01
3.440273666381835938e+01
3.458571243286132812e+01
3.494806289672851562e+01
3.507113647460937500e+01
3.544324493408203125e+01
3.658489227294921875e+01
3.684579086303710938e+01
3.700850677490234375e+01
3.708386993408203125e+01
3.712139892578125000e+01
3.697555160522460938e+01
3.685134506225585938e+01
3.658635330200195312e+01
3.671141052246093750e+01
3.705667114257812500e+01
3.692549896240234375e+01
3.675528717041015625e+01
3.692906570434570312e+01
3.717190933227539062e+01
3.749912643432617188e+01
3.787287521362304688e+01
3.795616912841796875e+01
3.788649749755859375e+01
3.757508850097656250e+01
3.739683532714843750e+01
3.698353958129882812e+01
3.692980957031250000e+01
3.650496292114257812e+01
3.625250244140625000e+01
3.621474456787109375e+01
3.548490142822265625e+01
3.475015258789062500e+01
3.487200546264648438e+01
3.527915573120117188e+01
3.526325607299804688e+01
3.649659729003906250e+01
3.500313186645507812e+01
3.456656265258789062e+01
3.465368270874023438e+01
3.469625473022460938e+01
3.476820755004882812e+01
3.529310607910156250e+01
3.604170227050781250e+01
