3.707391738891601562e+01
3.666448211669921875e+01
3.709337997436523438e+01
3.743103027343750000e+01
3.766270446777343750e+01
3.763993835449218750e+01
3.746492385864257812e+01
3.721091842651367188e+01
3.721534347534179688e+01
3.747028350830078125e+01
3.754639434814453125e+01
3.756437683105468750e+01
3.743764114379882812e+01
3.735062789916992188e+01
3.717714691162109375e+01
3.658134460449218750e+01
3.601116943359375000e+01
3.574539947509765625e+01
3.596181869506835938e+01
3.626300048828125000e+01
3.617293167114257812e+01
3.544559478759765625e+01
3.514291763305664062e+01
3.518162918090820312e+01
3.546060943603515625e+01
3.563214874267578125e+01
3.566843414306640625e+01
3.566424179077148438e+01
3.601436614990234375e+01
3.665127563476562500e+01
3.650067520141601562e+01
3.612936019897460938e+01
3.601667404174804688e+01
3.598100662231445312e+01
3.588644409179687500e+01
3.542055511474609375e+01
3.549387741088867188e+01
3.588231277465820312e+01
3.557784652709960938e+01
3.549253082275390625e+01
3.524716949462890625e+01
3.485676956176757812e+01
3.469874954223632812e+01
3.464160156250000000e+01
3.464135360717773438e+01
3.475421524047851562e+01
3.557240676879882812e+01
3.640554809570312500e+01
3.658371353149414062e+01
3.695818328857421875e+01
3.702521514892578125e+01
3.665711975097656250e+01
3.657103729248046875e+01
3.590682601928710938e+01
3.557905197143554688e+01
3.614885330200195312e+01
3.695262908935546875e+01
3.706226348876953125e+01
3.748308944702148438e+01
3.729481124877929688e+01
3.700406646728515625e+01
3.685734939575195312e+01
3.640362167358398438e+01
3.563609695434570312e+01
3.538582992553710938e+01
3.514056396484375000e+01
3.520901489257812500e+01
3.525181198120117188e+01
3.508360671997070312e+01
3.472840499877929688e+01
3.471151733398437500e+01
3.499048233032226562e+01
3.537606048583984375e+01
3.651822280883789062e+01
3.753109359741210938e+01
3.785981750488281250e+01
3.753582382202148438e+01
3.683467483520507812e+01
3.704996490478515625e+01
3.693141174316406250e+01
3.729391479492187500e+01
3.755846023559570312e+01
3.772438049316406250e+01
3.786324691772460938e+01
3.777340698242187500e+01
3.737701034545898438e+01
3.717132568359375000e+01
3.729281997680664062e+01
3.728948211669921875e+01
3.744820022583007812e+01
3.752473831176757812e+01
3.728593063354492188e+01
3.712464904785156250e+01
3.711078262329101562e+01
3.728015518188476562e+01
3.741429519653320312e+01
3.746063995361328125e+01
3.759504699707031250e+01
3.768650436401367188e+01
3.750515747070312500e+01
3.735070800781250000e+01
3.757908248901367188e+01
3.795360183715820312e+01
3.805205535888671875e+01
3.726442337036132812e+01
3.245462036132812500e+01
3.220828247070312500e+01
