3.404767990112304688e+01
3.442464065551757812e+01
3.491130065917968750e+01
3.515345382690429688e+01
3.406080627441406250e+01
3.338043594360351562e+01
3.331747817993164062e+01
3.313944244384765625e+01
3.321903228759765625e+01
3.313600540161132812e+01
3.279833221435546875e+01
3.236414337158203125e+01
3.292869949340820312e+01
3.507369613647460938e+01
3.362498092651367188e+01
3.278855895996093750e+01
3.251574325561523438e+01
3.232570266723632812e+01
3.229444503784179688e+01
3.180984306335449219e+01
3.148671150207519531e+01
3.144486618041992188e+01
3.178505516052246094e+01
3.183944702148437500e+01
3.231819915771484375e+01
3.264614486694335938e+01
3.273571777343750000e+01
3.270351028442382812e+01
3.290149688720703125e+01
3.329017639160156250e+01
3.315264892578125000e+01
3.368096160888671875e+01
3.395090866088867188e+01
3.370195007324218750e+01
3.362330627441406250e+01
3.368738174438476562e+01
3.369403839111328125e+01
3.358953857421875000e+01
3.340117263793945312e+01
3.282192993164062500e+01
3.258803939819335938e+01
3.266032028198242188e+01
3.278237533569335938e+01
3.294316482543945312e+01
3.321969604492187500e+01
3.341512680053710938e+01
3.328328704833984375e+01
3.290763092041015625e+01
3.331904983520507812e+01
3.360919189453125000e+01
3.352366256713867188e+01
3.315662765502929688e+01
3.303710937500000000e+01
3.314468765258789062e+01
3.304996871948242188e+01
3.309347152709960938e+01
3.330422210693359375e+01
3.329412078857421875e+01
3.335770416259765625e+01
3.357017517089843750e+01
3.328747558593750000e+01
3.281348419189453125e+01
3.263774490356445312e+01
3.270566177368164062e+01
3.284827041625976562e+01
3.289301300048828125e+01
3.279668045043945312e+01
3.265773010253906250e+01
3.284431838989257812e+01
3.295672988891601562e+01
3.289686203002929688e+01
3.286727142333984375e+01
3.285838699340820312e+01
3.276456832885742188e+01
3.275564956665039062e+01
3.274985885620117188e+01
3.270529556274414062e+01
3.289207839965820312e+01
3.320289611816406250e+01
3.347307205200195312e+01
3.471517181396484375e+01
3.595633697509765625e+01
3.440702819824218750e+01
3.386956024169921875e+01
3.390634155273437500e+01
3.438299942016601562e+01
3.409737777709960938e+01
3.415621566772460938e+01
3.494890594482421875e+01
3.536037826538085938e+01
3.607399749755859375e+01
3.539043426513671875e+01
3.390295791625976562e+01
3.368073654174804688e+01
3.366860580444335938e+01
3.371564483642578125e+01
3.364535522460937500e+01
3.367554855346679688e+01
3.380657196044921875e+01
3.377126312255859375e+01
3.351156997680664062e+01
3.337150192260742188e+01
