3.656622695922851562e+01
3.635809707641601562e+01
3.679291534423828125e+01
3.693416213989257812e+01
3.677580261230468750e+01
3.787212371826171875e+01
3.745979690551757812e+01
3.756815338134765625e+01
3.766316223144531250e+01
3.758567047119140625e+01
3.730434417724609375e+01
3.722088623046875000e+01
3.671733856201171875e+01
3.638204956054687500e+01
3.576926803588867188e+01
3.591295242309570312e+01
3.672468948364257812e+01
3.736571121215820312e+01
3.800117874145507812e+01
3.824498748779296875e+01
3.805296325683593750e+01
3.797358322143554688e+01
3.795213699340820312e+01
3.781428527832031250e+01
3.763999176025390625e+01
3.763567352294921875e+01
3.770187759399414062e+01
3.792940521240234375e+01
3.767753219604492188e+01
3.753514099121093750e+01
3.754502105712890625e+01
3.757957077026367188e+01
3.740436553955078125e+01
3.773421859741210938e+01
3.785122680664062500e+01
3.772591018676757812e+01
3.770990753173828125e+01
3.763451766967773438e+01
3.750600433349609375e+01
3.747229003906250000e+01
3.773689270019531250e+01
3.783080673217773438e+01
3.779042434692382812e+01
3.794962310791015625e+01
3.812178421020507812e+01
3.845542907714843750e+01
3.860707092285156250e+01
3.864897537231445312e+01
3.828860855102539062e+01
3.789949798583984375e+01
3.792617034912109375e+01
3.834554672241210938e+01
3.840472030639648438e+01
3.860609436035156250e+01
3.842103576660156250e+01
3.813394165039062500e+01
3.803987121582031250e+01
3.791134643554687500e+01
3.760046386718750000e+01
3.764154434204101562e+01
3.784764480590820312e+01
3.819313812255859375e+01
3.794696426391601562e+01
3.743281555175781250e+01
3.739405822753906250e+01
3.759236145019531250e+01
3.766819763183593750e+01
3.783730697631835938e+01
3.808512115478515625e+01
3.809486007690429688e+01
3.804633331298828125e+01
3.807209777832031250e+01
3.788374328613281250e+01
3.768077087402343750e+01
3.719049072265625000e+01
3.655567169189453125e+01
3.648129272460937500e+01
3.548571395874023438e+01
3.496128463745117188e+01
3.577170562744140625e+01
3.584889602661132812e+01
3.579596710205078125e+01
3.642043304443359375e+01
3.671442031860351562e+01
3.573537063598632812e+01
3.550243759155273438e+01
3.637501907348632812e+01
3.733436203002929688e+01
3.751088714599609375e+01
3.738927841186523438e+01
3.733794021606445312e+01
3.713972473144531250e+01
3.653272247314453125e+01
3.638415145874023438e+01
3.691407394409179688e+01
3.725892257690429688e+01
3.746302795410156250e+01
3.772060394287109375e+01
3.781312942504882812e+01
3.790989685058593750e+01
3.747494506835937500e+01
3.678069686889648438e+01
