2.728735733032226562e+01
2.724172401428222656e+01
2.672113418579101562e+01
2.600013351440429688e+01
2.574694824218750000e+01
2.581402778625488281e+01
2.626778793334960938e+01
2.655703926086425781e+01
2.660995674133300781e+01
2.665165519714355469e+01
2.666386413574218750e+01
2.652620887756347656e+01
2.622469139099121094e+01
2.600744628906250000e+01
2.574741363525390625e+01
2.577680206298828125e+01
2.601741790771484375e+01
2.638264846801757812e+01
2.648259353637695312e+01
2.618403244018554688e+01
2.592292785644531250e+01
2.570249366760253906e+01
2.559671211242675781e+01
2.557421302795410156e+01
2.559965896606445312e+01
2.567746925354003906e+01
2.582939147949218750e+01
2.594189643859863281e+01
2.611139488220214844e+01
2.620185661315917969e+01
2.607738876342773438e+01
2.585855674743652344e+01
2.568422889709472656e+01
2.550464439392089844e+01
2.529119873046875000e+01
2.508750152587890625e+01
2.496760940551757812e+01
2.485416984558105469e+01
2.477840423583984375e+01
2.475134849548339844e+01
2.471391677856445312e+01
2.471867561340332031e+01
2.485155105590820312e+01
2.497702217102050781e+01
2.510037422180175781e+01
2.521258354187011719e+01
2.542864608764648438e+01
2.560069274902343750e+01
2.561281585693359375e+01
2.549788284301757812e+01
2.525390434265136719e+01
2.504128837585449219e+01
2.493045425415039062e+01
2.493849372863769531e+01
2.497126388549804688e+01
2.498946571350097656e+01
2.510646057128906250e+01
2.524374771118164062e+01
2.540098762512207031e+01
2.541409301757812500e+01
2.535372543334960938e+01
2.536016845703125000e+01
2.539147949218750000e+01
2.542222404479980469e+01
2.545721244812011719e+01
2.551045799255371094e+01
2.563384819030761719e+01
2.582891273498535156e+01
2.594223785400390625e+01
2.593885231018066406e+01
2.601766777038574219e+01
2.618290710449218750e+01
2.638684654235839844e+01
2.642666435241699219e+01
2.635169410705566406e+01
2.625135803222656250e+01
2.610641479492187500e+01
2.600876045227050781e+01
2.577886772155761719e+01
2.565328025817871094e+01
2.551871299743652344e+01
2.520973205566406250e+01
2.493363952636718750e+01
2.469574356079101562e+01
2.450776100158691406e+01
2.488549232482910156e+01
2.547250556945800781e+01
2.570073509216308594e+01
2.553203201293945312e+01
2.571855735778808594e+01
2.545613288879394531e+01
2.558372879028320312e+01
2.550559425354003906e+01
2.493359565734863281e+01
2.499737548828125000e+01
2.501371955871582031e+01
2.511817932128906250e+01
2.423186874389648438e+01
2.478056335449218750e+01
2.540229034423828125e+01
2.470443153381347656e+01
