3.144558334350585938e+01
3.188934707641601562e+01
3.208993148803710938e+01
3.211900711059570312e+01
3.200366210937500000e+01
3.179438400268554688e+01
3.176358795166015625e+01
3.183934402465820312e+01
3.203894042968750000e+01
3.224638748168945312e+01
3.249240875244140625e+01
3.276771926879882812e+01
3.276794815063476562e+01
3.277214431762695312e+01
3.280573654174804688e+01
3.257098007202148438e+01
3.227913284301757812e+01
3.220247268676757812e+01
3.246842193603515625e+01
3.271519851684570312e+01
3.275535202026367188e+01
3.274084091186523438e+01
3.295313262939453125e+01
3.291209030151367188e+01
3.286961364746093750e+01
3.298509597778320312e+01
3.289474105834960938e+01
3.316400527954101562e+01
3.336861419677734375e+01
3.362715530395507812e+01
3.362548065185546875e+01
3.318222045898437500e+01
3.291255950927734375e+01
3.276052856445312500e+01
3.281792449951171875e+01
3.287039184570312500e+01
3.298247146606445312e+01
3.312300109863281250e+01
3.308750915527343750e+01
3.297227478027343750e+01
3.296004867553710938e+01
3.310683822631835938e+01
3.329674530029296875e+01
3.336408233642578125e+01
3.332279205322265625e+01
3.344515991210937500e+01
3.357104110717773438e+01
3.366475296020507812e+01
3.369282531738281250e+01
3.367462921142578125e+01
3.366152954101562500e+01
3.367788696289062500e+01
3.367155075073242188e+01
3.376465225219726562e+01
3.390314102172851562e+01
3.385346984863281250e+01
3.383172988891601562e+01
3.388078308105468750e+01
3.408485031127929688e+01
3.441728591918945312e+01
3.462219238281250000e+01
3.474253082275390625e+01
3.472360992431640625e+01
3.474201583862304688e+01
3.470979309082031250e+01
3.482992172241210938e+01
3.489548110961914062e+01
3.488504409790039062e+01
3.449999237060546875e+01
3.418562698364257812e+01
3.420242309570312500e+01
3.425807189941406250e+01
3.428757858276367188e+01
3.409610748291015625e+01
3.379306793212890625e+01
3.365045166015625000e+01
3.386346435546875000e+01
3.418748474121093750e+01
3.455723571777343750e+01
3.515243911743164062e+01
3.562402725219726562e+01
3.524065780639648438e+01
3.488123703002929688e+01
3.453120422363281250e+01
3.423915481567382812e+01
3.415163803100585938e+01
3.408417892456054688e+01
3.449105834960937500e+01
3.461880874633789062e+01
3.455561447143554688e+01
3.450465011596679688e+01
3.440410614013671875e+01
3.441672897338867188e+01
3.422501373291015625e+01
3.436512374877929688e+01
3.432360839843750000e+01
3.481830596923828125e+01
3.418234634399414062e+01
3.413648605346679688e+01
3.433644485473632812e+01
3.413991928100585938e+01
3.380015945434570312e+01
3.388054656982421875e+01
3.393292617797851562e+01
3.318175506591796875e+01
3.304902267456054688e+01
