3.296350860595703125e+01
3.364435195922851562e+01
3.439392089843750000e+01
3.477429962158203125e+01
3.479383850097656250e+01
3.467350387573242188e+01
3.452125549316406250e+01
3.419046401977539062e+01
3.400125885009765625e+01
3.377249908447265625e+01
3.391503524780273438e+01
3.396570587158203125e+01
3.389769363403320312e+01
3.397759246826171875e+01
3.418877029418945312e+01
3.454225540161132812e+01
3.489630508422851562e+01
3.490559768676757812e+01
3.456163406372070312e+01
3.490390014648437500e+01
3.539375305175781250e+01
3.569972229003906250e+01
3.595676803588867188e+01
3.613242721557617188e+01
3.620750045776367188e+01
3.581006622314453125e+01
3.516109848022460938e+01
3.469519042968750000e+01
3.493816757202148438e+01
3.540476226806640625e+01
3.592717742919921875e+01
3.650000381469726562e+01
3.681833267211914062e+01
3.671638870239257812e+01
3.655279922485351562e+01
3.643593597412109375e+01
3.615876770019531250e+01
3.586280441284179688e+01
3.587614440917968750e+01
3.598875808715820312e+01
3.593333053588867188e+01
3.553014755249023438e+01
3.528210830688476562e+01
3.511699295043945312e+01
3.514083099365234375e+01
3.478305816650390625e+01
3.461575698852539062e+01
3.506308364868164062e+01
3.519123840332031250e+01
3.458535766601562500e+01
3.468105316162109375e+01
3.400554275512695312e+01
3.382448196411132812e+01
3.398455810546875000e+01
3.427500915527343750e+01
3.481346893310546875e+01
3.476132965087890625e+01
3.452883911132812500e+01
3.468191528320312500e+01
3.464183807373046875e+01
3.492041015625000000e+01
3.550873947143554688e+01
3.603092575073242188e+01
3.599518203735351562e+01
3.595663070678710938e+01
3.590333175659179688e+01
3.577581405639648438e+01
3.561764144897460938e+01
3.577310180664062500e+01
3.589759445190429688e+01
3.585182189941406250e+01
3.569537734985351562e+01
3.557896041870117188e+01
3.561668777465820312e+01
3.548761749267578125e+01
3.527043533325195312e+01
3.518321609497070312e+01
3.500226974487304688e+01
3.504533767700195312e+01
3.528842926025390625e+01
3.552663421630859375e+01
3.584136581420898438e+01
3.584268569946289062e+01
3.558673095703125000e+01
3.526316070556640625e+01
3.472882461547851562e+01
3.423246002197265625e+01
3.391874694824218750e+01
3.331876373291015625e+01
3.270950317382812500e+01
3.265013504028320312e+01
3.297797393798828125e+01
3.305122375488281250e+01
3.289044189453125000e+01
3.287738800048828125e+01
3.297879028320312500e+01
3.260637664794921875e+01
3.177280426025390625e+01
3.186659812927246094e+01
3.151391983032226562e+01
3.148928451538085938e+01
3.094358253479003906e+01
2.929384422302246094e+01
2.788805198669433594e+01
2.711088562011718750e+01
