3.228424072265625000e+01
3.216328048706054688e+01
3.232268905639648438e+01
3.248479461669921875e+01
3.243610000610351562e+01
3.250946807861328125e+01
3.263508224487304688e+01
3.270293426513671875e+01
3.274341201782226562e+01
3.273871994018554688e+01
3.277013015747070312e+01
3.258002853393554688e+01
3.266757965087890625e+01
3.290618133544921875e+01
3.292807388305664062e+01
3.303609848022460938e+01
3.334582138061523438e+01
3.351304626464843750e+01
3.369368743896484375e+01
3.377049255371093750e+01
3.386164093017578125e+01
3.400502014160156250e+01
3.358776092529296875e+01
3.369533538818359375e+01
3.378189849853515625e+01
3.366454696655273438e+01
3.361211013793945312e+01
3.348196792602539062e+01
3.353558731079101562e+01
3.358238220214843750e+01
3.367584609985351562e+01
3.379062652587890625e+01
3.381649780273437500e+01
3.370726013183593750e+01
3.374918365478515625e+01
3.376748657226562500e+01
3.376750183105468750e+01
3.361080932617187500e+01
3.339531326293945312e+01
3.330367660522460938e+01
3.347671890258789062e+01
3.357050323486328125e+01
3.364432525634765625e+01
3.364739608764648438e+01
3.368291091918945312e+01
3.376606750488281250e+01
3.390102386474609375e+01
3.393861007690429688e+01
3.396837234497070312e+01
3.390977478027343750e+01
3.375260925292968750e+01
3.365528106689453125e+01
3.367694473266601562e+01
3.368959426879882812e+01
3.377444076538085938e+01
3.390612792968750000e+01
3.406536102294921875e+01
3.423775100708007812e+01
3.448084640502929688e+01
3.448076248168945312e+01
3.437997436523437500e+01
3.430322265625000000e+01
3.430787277221679688e+01
3.448347854614257812e+01
3.456411361694335938e+01
3.459012603759765625e+01
3.467754745483398438e+01
3.464614105224609375e+01
3.460414886474609375e+01
3.462556076049804688e+01
3.453720474243164062e+01
3.438108062744140625e+01
3.426692199707031250e+01
3.419369888305664062e+01
3.417186355590820312e+01
3.416200256347656250e+01
3.420839691162109375e+01
3.432825851440429688e+01
3.428830718994140625e+01
3.409291458129882812e+01
3.390818405151367188e+01
3.387549209594726562e+01
3.377649688720703125e+01
3.374091720581054688e+01
3.364451980590820312e+01
3.358488082885742188e+01
3.364237594604492188e+01
3.369728088378906250e+01
3.374193954467773438e+01
3.378066253662109375e+01
3.369638061523437500e+01
3.368577957153320312e+01
3.393537902832031250e+01
3.433909606933593750e+01
3.420890045166015625e+01
3.411263275146484375e+01
3.402769088745117188e+01
3.415949249267578125e+01
3.435351943969726562e+01
3.419851303100585938e+01
3.394227218627929688e+01
3.369509124755859375e+01
3.339275360107421875e+01
3.283691787719726562e+01
3.282863235473632812e+01
3.355053329467773438e+01
