3.541551971435546875e+01
3.541043090820312500e+01
3.547827529907226562e+01
3.553697586059570312e+01
3.535124206542968750e+01
3.505964660644531250e+01
3.471758651733398438e+01
3.428355407714843750e+01
3.426906585693359375e+01
3.431061172485351562e+01
3.435272979736328125e+01
3.443926620483398438e+01
3.433796310424804688e+01
3.414925003051757812e+01
3.408161544799804688e+01
3.399843215942382812e+01
3.388001632690429688e+01
3.396676635742187500e+01
3.427093887329101562e+01
3.456611251831054688e+01
3.467506790161132812e+01
3.458555984497070312e+01
3.472684097290039062e+01
3.483905029296875000e+01
3.499789428710937500e+01
3.504789733886718750e+01
3.501879501342773438e+01
3.491619491577148438e+01
3.488226699829101562e+01
3.487075042724609375e+01
3.502217102050781250e+01
3.510330963134765625e+01
3.524048233032226562e+01
3.563956832885742188e+01
3.573255920410156250e+01
3.544049835205078125e+01
3.527648162841796875e+01
3.507956314086914062e+01
3.487176132202148438e+01
3.473034286499023438e+01
3.487496566772460938e+01
3.510771179199218750e+01
3.528078460693359375e+01
3.553251266479492188e+01
3.568165969848632812e+01
3.553931427001953125e+01
3.534614562988281250e+01
3.522518157958984375e+01
3.519904327392578125e+01
3.512384033203125000e+01
3.498258209228515625e+01
3.499188232421875000e+01
3.500396347045898438e+01
3.478062057495117188e+01
3.460840606689453125e+01
3.462976837158203125e+01
3.480914688110351562e+01
3.472011947631835938e+01
3.454471969604492188e+01
3.451364135742187500e+01
3.461848068237304688e+01
3.475559616088867188e+01
3.491297149658203125e+01
3.481554031372070312e+01
3.461917877197265625e+01
3.436458587646484375e+01
3.421873092651367188e+01
3.416621017456054688e+01
3.412302017211914062e+01
3.400904083251953125e+01
3.385237884521484375e+01
3.383970260620117188e+01
3.360347366333007812e+01
3.328155899047851562e+01
3.322992324829101562e+01
3.333417129516601562e+01
3.351497268676757812e+01
3.363835144042968750e+01
3.369411849975585938e+01
3.357635879516601562e+01
3.333955764770507812e+01
3.339491271972656250e+01
3.361667633056640625e+01
3.403075027465820312e+01
3.436989593505859375e+01
3.441541671752929688e+01
3.425518035888671875e+01
3.404304504394531250e+01
3.394230270385742188e+01
3.388616561889648438e+01
