3.478012466430664062e+01
3.493387985229492188e+01
3.597680282592773438e+01
3.604531478881835938e+01
3.586016082763671875e+01
3.542409133911132812e+01
3.500607299804687500e+01
3.544556427001953125e+01
3.580310440063476562e+01
3.600267028808593750e+01
3.529597854614257812e+01
3.493957901000976562e+01
3.488180160522460938e+01
3.503442382812500000e+01
3.523500442504882812e+01
3.564201354980468750e+01
3.571651840209960938e+01
3.572157287597656250e+01
3.602300262451171875e+01
3.652934265136718750e+01
3.683002090454101562e+01
3.682674026489257812e+01
3.670610046386718750e+01
3.669631576538085938e+01
3.719226074218750000e+01
3.750917434692382812e+01
3.756278991699218750e+01
3.780060958862304688e+01
3.789246749877929688e+01
3.782749176025390625e+01
3.753702926635742188e+01
3.742752456665039062e+01
3.770653533935546875e+01
3.798283004760742188e+01
3.734571075439453125e+01
3.635048294067382812e+01
3.641349792480468750e+01
3.687379455566406250e+01
3.730792236328125000e+01
3.708884048461914062e+01
3.657446289062500000e+01
3.611305618286132812e+01
3.641822052001953125e+01
3.731649017333984375e+01
3.786594390869140625e+01
3.810115432739257812e+01
3.815880584716796875e+01
3.800749206542968750e+01
3.790877914428710938e+01
3.698348617553710938e+01
3.660453414916992188e+01
3.740795516967773438e+01
3.681971359252929688e+01
3.664491653442382812e+01
3.648555755615234375e+01
3.655230712890625000e+01
3.715922546386718750e+01
3.712167739868164062e+01
3.716018295288085938e+01
3.703099822998046875e+01
3.643702697753906250e+01
3.575036621093750000e+01
3.559455871582031250e+01
3.599450683593750000e+01
3.629655075073242188e+01
3.624658584594726562e+01
3.648878860473632812e+01
3.647129821777343750e+01
3.614551925659179688e+01
3.591611480712890625e+01
3.593746566772460938e+01
3.633858871459960938e+01
3.661598968505859375e+01
3.639423751831054688e+01
3.576755523681640625e+01
3.537984848022460938e+01
3.515460205078125000e+01
3.479217147827148438e+01
3.543033599853515625e+01
3.584877014160156250e+01
3.625646591186523438e+01
3.627011871337890625e+01
3.666194534301757812e+01
3.628757476806640625e+01
3.553233337402343750e+01
3.575457000732421875e+01
3.675021362304687500e+01
3.721651458740234375e+01
3.785771560668945312e+01
3.778402328491210938e+01
3.794887542724609375e+01
3.812937545776367188e+01
3.822446441650390625e+01
3.757044601440429688e+01
3.684669113159179688e+01
