2.652765846252441406e+01
2.657707214355468750e+01
2.610435676574707031e+01
2.571096038818359375e+01
2.532860565185546875e+01
2.499559974670410156e+01
2.481877326965332031e+01
2.467013740539550781e+01
2.450395011901855469e+01
2.433477210998535156e+01
2.433627128601074219e+01
2.466405487060546875e+01
2.543049812316894531e+01
2.563825607299804688e+01
2.493986320495605469e+01
2.457442855834960938e+01
2.459538841247558594e+01
2.465087318420410156e+01
2.474727249145507812e+01
2.479895019531250000e+01
2.475118827819824219e+01
2.459979248046875000e+01
2.444449043273925781e+01
2.445921134948730469e+01
2.445288658142089844e+01
2.445206832885742188e+01
2.446626663208007812e+01
2.452011489868164062e+01
2.447830390930175781e+01
2.447424888610839844e+01
2.445261383056640625e+01
2.454538345336914062e+01
2.472463226318359375e+01
2.477341461181640625e+01
2.472617912292480469e+01
2.476302719116210938e+01
2.483225250244140625e+01
2.490390968322753906e+01
2.491685676574707031e+01
2.494072723388671875e+01
2.501839256286621094e+01
2.508985328674316406e+01
2.509005355834960938e+01
2.503624916076660156e+01
2.486775588989257812e+01
2.488847923278808594e+01
2.498103523254394531e+01
2.496658134460449219e+01
2.491497993469238281e+01
2.494881820678710938e+01
2.515101623535156250e+01
2.541263771057128906e+01
2.564016532897949219e+01
2.574210548400878906e+01
2.570670700073242188e+01
2.558249855041503906e+01
2.546452140808105469e+01
2.527335739135742188e+01
2.510452270507812500e+01
2.488106536865234375e+01
2.477132606506347656e+01
2.470514678955078125e+01
2.468623542785644531e+01
2.463628005981445312e+01
2.452951049804687500e+01
2.442807579040527344e+01
2.429155540466308594e+01
2.419304466247558594e+01
2.418939971923828125e+01
2.422124290466308594e+01
2.427391624450683594e+01
2.438264274597167969e+01
2.450795364379882812e+01
2.464374160766601562e+01
2.473863220214843750e+01
2.482256317138671875e+01
2.476420593261718750e+01
2.456459617614746094e+01
2.423788261413574219e+01
2.392251205444335938e+01
2.372165107727050781e+01
2.367634963989257812e+01
2.379050827026367188e+01
2.396565818786621094e+01
2.388565444946289062e+01
2.368984413146972656e+01
2.356071853637695312e+01
2.351973152160644531e+01
2.352215576171875000e+01
2.368053245544433594e+01
2.396548080444335938e+01
2.405940246582031250e+01
2.404742431640625000e+01
2.430103683471679688e+01
2.463536262512207031e+01
2.481254959106445312e+01
2.485890388488769531e+01
2.507004165649414062e+01
2.513011932373046875e+01
2.539660644531250000e+01
2.550405693054199219e+01
2.546101951599121094e+01
2.546258735656738281e+01
