2.892125701904296875e+01
2.909279251098632812e+01
2.879953956604003906e+01
2.845967674255371094e+01
2.838094139099121094e+01
2.847274208068847656e+01
2.869068145751953125e+01
2.909154701232910156e+01
2.906346130371093750e+01
2.864341735839843750e+01
2.825563812255859375e+01
2.812477493286132812e+01
2.819880294799804688e+01
2.835295104980468750e+01
2.827435874938964844e+01
2.797539901733398438e+01
2.769440650939941406e+01
2.767147827148437500e+01
2.761639976501464844e+01
2.754989433288574219e+01
2.765686225891113281e+01
2.782638931274414062e+01
2.789718437194824219e+01
2.794932365417480469e+01
2.785168266296386719e+01
2.772052955627441406e+01
2.761384773254394531e+01
2.752584075927734375e+01
2.746977996826171875e+01
2.750333213806152344e+01
2.767308425903320312e+01
2.789140510559082031e+01
2.817425155639648438e+01
2.829187202453613281e+01
2.833153533935546875e+01
2.846021652221679688e+01
2.863216018676757812e+01
2.874958229064941406e+01
2.883298301696777344e+01
2.889325714111328125e+01
2.887637329101562500e+01
2.875077056884765625e+01
2.859366798400878906e+01
2.859344482421875000e+01
2.867581367492675781e+01
2.869736671447753906e+01
2.840912818908691406e+01
2.796054077148437500e+01
2.776981544494628906e+01
2.777519607543945312e+01
2.789663505554199219e+01
2.788027954101562500e+01
2.796483802795410156e+01
2.805369567871093750e+01
2.799983787536621094e+01
2.791577911376953125e+01
2.782005500793457031e+01
2.780082511901855469e+01
2.768773651123046875e+01
2.771026420593261719e+01
2.778681373596191406e+01
2.777980995178222656e+01
2.787660026550292969e+01
2.791809272766113281e+01
2.785300445556640625e+01
2.777727127075195312e+01
2.768420028686523438e+01
2.753789138793945312e+01
2.728572845458984375e+01
2.713011741638183594e+01
2.699279022216796875e+01
2.696282386779785156e+01
2.704593849182128906e+01
2.724136924743652344e+01
2.744085121154785156e+01
2.753327751159667969e+01
2.753982734680175781e+01
2.748485374450683594e+01
2.739213943481445312e+01
2.737692451477050781e+01
2.733053779602050781e+01
2.737933158874511719e+01
2.741874122619628906e+01
2.731569480895996094e+01
2.730746459960937500e+01
2.744953346252441406e+01
2.763780021667480469e+01
2.770254325866699219e+01
2.787313842773437500e+01
2.814650535583496094e+01
2.832382392883300781e+01
2.840635490417480469e+01
2.829522323608398438e+01
2.820753479003906250e+01
2.802857589721679688e+01
2.792819404602050781e+01
2.779640007019042969e+01
2.762891197204589844e+01
2.740605163574218750e+01
2.739357185363769531e+01
2.791660118103027344e+01
2.815589332580566406e+01
2.805648612976074219e+01
2.819064903259277344e+01
2.858099746704101562e+01
2.840879440307617188e+01
