2.756552314758300781e+01
2.805417823791503906e+01
2.879383659362792969e+01
2.861035728454589844e+01
2.816320800781250000e+01
2.795385742187500000e+01
2.766983222961425781e+01
2.748865699768066406e+01
2.759673881530761719e+01
2.759262847900390625e+01
2.751419258117675781e+01
2.776742744445800781e+01
2.826810646057128906e+01
2.880838394165039062e+01
2.949915504455566406e+01
2.962567710876464844e+01
2.982987594604492188e+01
2.995603752136230469e+01
2.985251426696777344e+01
2.978866577148437500e+01
2.980745124816894531e+01
2.985642814636230469e+01
2.970451927185058594e+01
2.975534057617187500e+01
2.980221176147460938e+01
2.972436332702636719e+01
2.961985206604003906e+01
2.959165191650390625e+01
2.956252479553222656e+01
2.943387031555175781e+01
2.931157302856445312e+01
2.922268676757812500e+01
2.935547637939453125e+01
2.958313751220703125e+01
2.960522651672363281e+01
2.961927223205566406e+01
2.953954124450683594e+01
2.967732429504394531e+01
2.996035957336425781e+01
3.009349060058593750e+01
3.011718750000000000e+01
3.018429374694824219e+01
3.016977500915527344e+01
3.006974220275878906e+01
2.990928077697753906e+01
2.971192550659179688e+01
2.952718925476074219e+01
2.932253074645996094e+01
2.910037803649902344e+01
2.892051506042480469e+01
2.885677146911621094e+01
2.883155250549316406e+01
2.879619216918945312e+01
2.885294342041015625e+01
2.903120994567871094e+01
2.937658882141113281e+01
2.967727088928222656e+01
2.985639572143554688e+01
2.992952346801757812e+01
2.974743270874023438e+01
2.943815612792968750e+01
2.914094161987304688e+01
2.891574096679687500e+01
2.884358787536621094e+01
2.885551643371582031e+01
2.893655586242675781e+01
2.895900726318359375e+01
2.902246475219726562e+01
2.905612182617187500e+01
2.908476257324218750e+01
2.915109825134277344e+01
2.924818992614746094e+01
2.947125053405761719e+01
2.968323707580566406e+01
2.975579643249511719e+01
2.967542648315429688e+01
2.959234237670898438e+01
2.943190002441406250e+01
2.950402259826660156e+01
2.959017372131347656e+01
2.977769470214843750e+01
2.988819313049316406e+01
2.990478515625000000e+01
2.990146636962890625e+01
2.984216117858886719e+01
2.981839942932128906e+01
2.965051078796386719e+01
2.960369682312011719e+01
2.977273178100585938e+01
3.011317825317382812e+01
3.024855041503906250e+01
3.033768081665039062e+01
3.046181106567382812e+01
3.051633262634277344e+01
3.040110778808593750e+01
3.068536186218261719e+01
3.054832839965820312e+01
3.100282669067382812e+01
