3.585148620605468750e+01
3.630506515502929688e+01
3.645372009277343750e+01
3.655496215820312500e+01
3.593905258178710938e+01
3.525186157226562500e+01
3.564719390869140625e+01
3.740045166015625000e+01
3.736520004272460938e+01
3.715067672729492188e+01
3.695376968383789062e+01
3.687402725219726562e+01
3.745595550537109375e+01
3.758369827270507812e+01
3.758545684814453125e+01
3.732492828369140625e+01
3.718891906738281250e+01
3.717332839965820312e+01
3.702620697021484375e+01
3.717448043823242188e+01
3.723328399658203125e+01
3.700638961791992188e+01
3.700294494628906250e+01
3.723364257812500000e+01
3.723433303833007812e+01
3.730375671386718750e+01
3.748104476928710938e+01
3.758142852783203125e+01
3.768571853637695312e+01
3.771824264526367188e+01
3.771776962280273438e+01
3.759548187255859375e+01
3.751762771606445312e+01
3.783753585815429688e+01
3.786025619506835938e+01
3.786291122436523438e+01
3.794862747192382812e+01
3.802724075317382812e+01
3.763713073730468750e+01
3.697525024414062500e+01
3.566828918457031250e+01
3.546040725708007812e+01
3.677589416503906250e+01
3.749052810668945312e+01
3.705121994018554688e+01
3.748591995239257812e+01
3.757105636596679688e+01
3.770063400268554688e+01
3.778618621826171875e+01
3.773274993896484375e+01
3.747300720214843750e+01
3.740837478637695312e+01
3.731526565551757812e+01
3.699655532836914062e+01
3.725404357910156250e+01
3.760374069213867188e+01
3.763623046875000000e+01
3.742638778686523438e+01
3.740186309814453125e+01
3.759722137451171875e+01
3.751705932617187500e+01
3.730695343017578125e+01
3.735398864746093750e+01
3.716173934936523438e+01
3.678287887573242188e+01
3.682423400878906250e+01
3.721356582641601562e+01
3.738721084594726562e+01
3.755464172363281250e+01
3.775769424438476562e+01
3.769533157348632812e+01
3.761959457397460938e+01
3.758917617797851562e+01
3.754740142822265625e+01
3.778700637817382812e+01
3.800550079345703125e+01
3.817488098144531250e+01
3.827880477905273438e+01
3.828759384155273438e+01
3.806376647949218750e+01
3.783996582031250000e+01
3.794134140014648438e+01
3.793306732177734375e+01
3.785964202880859375e+01
3.777339172363281250e+01
3.782189178466796875e+01
3.779201889038085938e+01
3.781497192382812500e+01
3.785388183593750000e+01
3.779063415527343750e+01
3.772055053710937500e+01
3.791210174560546875e+01
3.822902679443359375e+01
3.808496093750000000e+01
3.798978805541992188e+01
3.802867507934570312e+01
3.821312713623046875e+01
3.838510513305664062e+01
3.814078140258789062e+01
3.837949371337890625e+01
3.868117141723632812e+01
3.882110214233398438e+01
3.881299209594726562e+01
3.881285858154296875e+01
3.862981414794921875e+01
3.841188049316406250e+01
3.827920913696289062e+01
