3.197338485717773438e+01
3.208531570434570312e+01
3.203473663330078125e+01
3.189706993103027344e+01
3.195695495605468750e+01
3.220427322387695312e+01
3.259543228149414062e+01
3.238163375854492188e+01
3.180311775207519531e+01
3.141710662841796875e+01
3.150406265258789062e+01
3.195148277282714844e+01
3.232389068603515625e+01
3.265388107299804688e+01
3.291379547119140625e+01
3.309371566772460938e+01
3.319799041748046875e+01
3.333934402465820312e+01
3.326259613037109375e+01
3.300292968750000000e+01
3.281161880493164062e+01
3.272830200195312500e+01
3.267804718017578125e+01
3.256116104125976562e+01
3.235856246948242188e+01
3.202357482910156250e+01
3.183613014221191406e+01
3.179930496215820312e+01
3.163902664184570312e+01
3.157894325256347656e+01
3.169187355041503906e+01
3.167259407043457031e+01
3.133862876892089844e+01
3.135263252258300781e+01
3.170633506774902344e+01
3.188989448547363281e+01
3.195415306091308594e+01
3.213159179687500000e+01
3.221010971069335938e+01
3.196775817871093750e+01
3.173399734497070312e+01
3.143782234191894531e+01
3.139844512939453125e+01
3.133360290527343750e+01
3.145936012268066406e+01
3.172111320495605469e+01
3.172564506530761719e+01
3.170697975158691406e+01
3.150133705139160156e+01
3.025766754150390625e+01
2.974314498901367188e+01
2.974728775024414062e+01
2.997300338745117188e+01
3.066527557373046875e+01
3.185986328125000000e+01
3.260440826416015625e+01
3.306875991821289062e+01
3.291860580444335938e+01
3.268426513671875000e+01
3.229018783569335938e+01
3.208594894409179688e+01
3.206765747070312500e+01
3.189947700500488281e+01
3.172974586486816406e+01
3.134100341796875000e+01
3.104953765869140625e+01
3.066283416748046875e+01
3.038094902038574219e+01
3.012340354919433594e+01
2.993272399902343750e+01
2.985669136047363281e+01
3.026067543029785156e+01
3.103894424438476562e+01
3.188977050781250000e+01
3.234788513183593750e+01
3.241606521606445312e+01
3.187377738952636719e+01
3.136425209045410156e+01
3.144473648071289062e+01
3.175875663757324219e+01
3.224715423583984375e+01
3.274533462524414062e+01
3.293944168090820312e+01
3.307085037231445312e+01
3.307476425170898438e+01
3.295912551879882812e+01
3.314635467529296875e+01
3.306888961791992188e+01
3.253958129882812500e+01
3.170001792907714844e+01
3.130440521240234375e+01
3.122501373291015625e+01
3.115161132812500000e+01
3.116566085815429688e+01
3.121426391601562500e+01
3.141866683959960938e+01
3.126560211181640625e+01
3.103504753112792969e+01
3.097229385375976562e+01
3.127364730834960938e+01
3.189856719970703125e+01
3.261852645874023438e+01
3.278903579711914062e+01
