2.547482490539550781e+01
2.549629974365234375e+01
2.555586433410644531e+01
2.581738471984863281e+01
2.624226760864257812e+01
2.645485496520996094e+01
2.632969093322753906e+01
2.582809638977050781e+01
2.547995567321777344e+01
2.533521080017089844e+01
2.528365135192871094e+01
2.494230079650878906e+01
2.483053779602050781e+01
2.483668518066406250e+01
2.490540885925292969e+01
2.528030967712402344e+01
2.585569953918457031e+01
2.611333847045898438e+01
2.603411102294921875e+01
2.582929229736328125e+01
2.563424110412597656e+01
2.561134910583496094e+01
2.545275878906250000e+01
2.532907295227050781e+01
2.506860160827636719e+01
2.448241043090820312e+01
2.432884979248046875e+01
2.439790344238281250e+01
2.488036537170410156e+01
2.471381568908691406e+01
2.479738807678222656e+01
2.489132118225097656e+01
2.496641731262207031e+01
2.518298721313476562e+01
2.550323677062988281e+01
2.577055740356445312e+01
2.602280426025390625e+01
2.605365562438964844e+01
2.608883666992187500e+01
2.605597877502441406e+01
2.599466133117675781e+01
2.601157760620117188e+01
2.596686935424804688e+01
2.586834907531738281e+01
2.577982902526855469e+01
2.561612129211425781e+01
2.543474960327148438e+01
2.537002182006835938e+01
2.541104316711425781e+01
2.557029914855957031e+01
2.589810943603515625e+01
2.617949676513671875e+01
2.617709159851074219e+01
2.630672836303710938e+01
2.668592262268066406e+01
2.700437164306640625e+01
2.716659545898437500e+01
2.740822982788085938e+01
2.764161109924316406e+01
2.772972106933593750e+01
2.770976638793945312e+01
2.768097877502441406e+01
2.766575050354003906e+01
2.763236045837402344e+01
2.759108543395996094e+01
2.759566497802734375e+01
2.760038566589355469e+01
2.753989219665527344e+01
2.743467903137207031e+01
2.726535415649414062e+01
2.697817039489746094e+01
2.677831268310546875e+01
2.665545845031738281e+01
2.649770355224609375e+01
2.626617240905761719e+01
2.615424156188964844e+01
2.610546875000000000e+01
2.601060104370117188e+01
2.575137329101562500e+01
2.607921981811523438e+01
2.659573173522949219e+01
2.709024810791015625e+01
2.669228935241699219e+01
2.561888694763183594e+01
2.506831359863281250e+01
2.493038368225097656e+01
2.497783851623535156e+01
2.511808204650878906e+01
2.552701759338378906e+01
2.630385589599609375e+01
2.677843666076660156e+01
2.715202140808105469e+01
2.690596199035644531e+01
2.529996109008789062e+01
2.475416183471679688e+01
2.486701202392578125e+01
2.525443458557128906e+01
2.552224159240722656e+01
2.603428459167480469e+01
2.607503318786621094e+01
2.569474601745605469e+01
2.555755615234375000e+01
2.593926620483398438e+01
2.580711555480957031e+01
2.568947601318359375e+01
2.565686798095703125e+01
2.491520500183105469e+01
