3.536544036865234375e+01
3.655284500122070312e+01
3.716258239746093750e+01
3.723434448242187500e+01
3.690752410888671875e+01
3.681948852539062500e+01
3.671209716796875000e+01
3.706009674072265625e+01
3.679876327514648438e+01
3.651538085937500000e+01
3.681740570068359375e+01
3.724912643432617188e+01
3.725224685668945312e+01
3.723651885986328125e+01
3.710015869140625000e+01
3.713575744628906250e+01
3.628606414794921875e+01
3.480016326904296875e+01
3.475812149047851562e+01
3.494042205810546875e+01
3.530809783935546875e+01
3.570890808105468750e+01
3.607582092285156250e+01
3.603923416137695312e+01
3.622051239013671875e+01
3.614100265502929688e+01
3.544825744628906250e+01
3.526272201538085938e+01
3.478282165527343750e+01
3.452677154541015625e+01
3.451171875000000000e+01
3.506001663208007812e+01
3.591673278808593750e+01
3.613132476806640625e+01
3.638541030883789062e+01
3.644051361083984375e+01
3.685412979125976562e+01
3.682450485229492188e+01
3.672752380371093750e+01
3.656559753417968750e+01
3.620667266845703125e+01
3.591611480712890625e+01
3.587362670898437500e+01
3.594687271118164062e+01
3.634820938110351562e+01
3.638939666748046875e+01
3.568857955932617188e+01
3.497962188720703125e+01
3.603145980834960938e+01
3.558005523681640625e+01
3.547203445434570312e+01
3.513762664794921875e+01
3.431744003295898438e+01
3.407625579833984375e+01
3.421973800659179688e+01
3.434472656250000000e+01
3.454467010498046875e+01
3.487668609619140625e+01
3.490630722045898438e+01
3.483232116699218750e+01
3.508316421508789062e+01
3.473849105834960938e+01
3.491074752807617188e+01
3.575220870971679688e+01
3.583203506469726562e+01
3.521925354003906250e+01
3.495446014404296875e+01
3.553849792480468750e+01
3.596952438354492188e+01
3.592030334472656250e+01
3.581875610351562500e+01
3.552272033691406250e+01
3.555484008789062500e+01
3.554473876953125000e+01
3.490742492675781250e+01
3.492261123657226562e+01
3.526288223266601562e+01
3.594061279296875000e+01
3.667420196533203125e+01
3.675302124023437500e+01
3.691877365112304688e+01
3.703120422363281250e+01
3.696852111816406250e+01
3.686627960205078125e+01
3.687267684936523438e+01
3.674620819091796875e+01
3.685230255126953125e+01
3.702334213256835938e+01
3.681533050537109375e+01
3.685194778442382812e+01
3.629196929931640625e+01
3.575856399536132812e+01
3.576657104492187500e+01
3.547170639038085938e+01
3.553442382812500000e+01
3.588909912109375000e+01
3.604574584960937500e+01
3.620650100708007812e+01
3.609028244018554688e+01
3.635746002197265625e+01
3.692386245727539062e+01
3.762923049926757812e+01
3.770285797119140625e+01
3.620428848266601562e+01
3.579622650146484375e+01
