2.858377647399902344e+01
2.857073783874511719e+01
2.843495178222656250e+01
2.873926353454589844e+01
2.899308776855468750e+01
2.880816459655761719e+01
2.874552345275878906e+01
2.923773002624511719e+01
2.935352897644042969e+01
2.964930152893066406e+01
3.011750793457031250e+01
2.996814155578613281e+01
2.968835067749023438e+01
2.950368118286132812e+01
2.947070884704589844e+01
2.950973701477050781e+01
2.951835632324218750e+01
2.911028289794921875e+01
2.878685379028320312e+01
2.875069427490234375e+01
2.867862892150878906e+01
2.888668060302734375e+01
2.900176620483398438e+01
2.889742088317871094e+01
2.877262306213378906e+01
2.871687698364257812e+01
2.870213508605957031e+01
2.877596282958984375e+01
2.883986854553222656e+01
2.892083358764648438e+01
2.898595046997070312e+01
2.897934532165527344e+01
2.896926689147949219e+01
2.892589950561523438e+01
2.886738967895507812e+01
2.880165672302246094e+01
2.877028465270996094e+01
2.879485130310058594e+01
2.874472999572753906e+01
2.885179519653320312e+01
2.912287330627441406e+01
2.954061698913574219e+01
2.987435150146484375e+01
3.015097808837890625e+01
3.033024787902832031e+01
3.058134841918945312e+01
3.072066307067871094e+01
3.055884552001953125e+01
3.009440612792968750e+01
3.004240036010742188e+01
3.011921119689941406e+01
2.965184783935546875e+01
2.943414688110351562e+01
2.939646911621093750e+01
2.936034584045410156e+01
2.928431510925292969e+01
2.915788459777832031e+01
2.895480918884277344e+01
2.906574440002441406e+01
2.911321067810058594e+01
2.907941246032714844e+01
2.909152412414550781e+01
2.935462951660156250e+01
2.953850364685058594e+01
2.937598991394042969e+01
2.913766860961914062e+01
2.891802787780761719e+01
2.888634109497070312e+01
2.911304473876953125e+01
2.938522720336914062e+01
2.946524047851562500e+01
2.950285339355468750e+01
2.944238853454589844e+01
2.913584899902343750e+01
2.901914405822753906e+01
2.896968650817871094e+01
2.880052375793457031e+01
2.866788482666015625e+01
2.867522048950195312e+01
2.894972991943359375e+01
2.937431907653808594e+01
2.992005348205566406e+01
3.060727310180664062e+01
3.103650665283203125e+01
3.115500450134277344e+01
3.079607582092285156e+01
3.021398925781250000e+01
2.986767196655273438e+01
2.990538597106933594e+01
2.975436782836914062e+01
2.941951370239257812e+01
2.921866416931152344e+01
2.929985618591308594e+01
2.938348770141601562e+01
2.939318656921386719e+01
2.907117652893066406e+01
2.927869987487792969e+01
2.969885826110839844e+01
2.971479988098144531e+01
2.977871704101562500e+01
3.008157920837402344e+01
3.026647758483886719e+01
3.040366554260253906e+01
3.036979866027832031e+01
2.970207405090332031e+01
2.955952644348144531e+01
2.918588638305664062e+01
2.935804939270019531e+01
2.927713203430175781e+01
2.866568756103515625e+01
