3.758288574218750000e+01
3.774928665161132812e+01
3.758662414550781250e+01
3.720018386840820312e+01
3.725567245483398438e+01
3.735272598266601562e+01
3.761774444580078125e+01
3.787420272827148438e+01
3.785189819335937500e+01
3.770353698730468750e+01
3.777928161621093750e+01
3.773232650756835938e+01
3.772269439697265625e+01
3.757305908203125000e+01
3.737421417236328125e+01
3.722370910644531250e+01
3.705386734008789062e+01
3.689311218261718750e+01
3.678448867797851562e+01
3.663731765747070312e+01
3.676919555664062500e+01
3.720402145385742188e+01
3.737094116210937500e+01
3.732208633422851562e+01
3.709658432006835938e+01
3.704526901245117188e+01
3.712436294555664062e+01
3.724887847900390625e+01
3.718062973022460938e+01
3.724269485473632812e+01
3.736643981933593750e+01
3.762322235107421875e+01
3.757691955566406250e+01
3.721735000610351562e+01
3.682266998291015625e+01
3.679033660888671875e+01
3.702202224731445312e+01
3.734781646728515625e+01
3.735495758056640625e+01
3.701031494140625000e+01
3.690400314331054688e+01
3.690872573852539062e+01
3.704885864257812500e+01
3.694287490844726562e+01
3.680841827392578125e+01
3.711692428588867188e+01
3.718349456787109375e+01
3.607908630371093750e+01
3.512361907958984375e+01
3.528467559814453125e+01
3.530786514282226562e+01
3.537976837158203125e+01
3.526779174804687500e+01
3.541603851318359375e+01
3.598041915893554688e+01
3.690286254882812500e+01
3.714542007446289062e+01
3.732982635498046875e+01
3.756121826171875000e+01
3.754802703857421875e+01
3.747403335571289062e+01
3.744212341308593750e+01
3.750630950927734375e+01
3.751808929443359375e+01
3.739831542968750000e+01
3.725202941894531250e+01
3.692637252807617188e+01
3.681903839111328125e+01
3.688536453247070312e+01
3.689220809936523438e+01
3.679613494873046875e+01
3.688076782226562500e+01
3.702761840820312500e+01
3.704722595214843750e+01
3.703744506835937500e+01
3.690650177001953125e+01
3.683565902709960938e+01
3.665766143798828125e+01
3.639691162109375000e+01
3.512386703491210938e+01
3.481745910644531250e+01
3.541357040405273438e+01
3.656355285644531250e+01
3.757028579711914062e+01
3.787094879150390625e+01
3.805695724487304688e+01
3.805250167846679688e+01
3.801904678344726562e+01
3.784862136840820312e+01
3.781229782104492188e+01
3.748144912719726562e+01
3.738796997070312500e+01
3.734433746337890625e+01
3.722703933715820312e+01
3.713083648681640625e+01
3.701710891723632812e+01
3.693970870971679688e+01
3.704606628417968750e+01
3.723523712158203125e+01
3.729823303222656250e+01
3.750946044921875000e+01
3.764363098144531250e+01
3.769197845458984375e+01
