2.898532485961914062e+01
2.913884544372558594e+01
2.907011032104492188e+01
2.858167457580566406e+01
2.838520431518554688e+01
2.819016838073730469e+01
2.813006019592285156e+01
2.798546791076660156e+01
2.818688011169433594e+01
2.822983741760253906e+01
2.820477676391601562e+01
2.813517570495605469e+01
2.792350959777832031e+01
2.785116767883300781e+01
2.788310623168945312e+01
2.793244552612304688e+01
2.788715171813964844e+01
2.781330108642578125e+01
2.749879074096679688e+01
2.726270866394042969e+01
2.712588119506835938e+01
2.696522521972656250e+01
2.682524490356445312e+01
2.703729820251464844e+01
2.772832870483398438e+01
2.875374221801757812e+01
2.844665527343750000e+01
2.767305946350097656e+01
2.768115425109863281e+01
2.773716735839843750e+01
2.779446601867675781e+01
2.786724090576171875e+01
2.795744132995605469e+01
2.807903861999511719e+01
2.822101020812988281e+01
2.853675460815429688e+01
2.887148475646972656e+01
2.902660942077636719e+01
2.890177345275878906e+01
2.868700599670410156e+01
2.853754043579101562e+01
2.873387145996093750e+01
2.895864105224609375e+01
2.922459602355957031e+01
2.941045951843261719e+01
2.920528221130371094e+01
2.903080368041992188e+01
2.888868904113769531e+01
2.886360549926757812e+01
2.896957969665527344e+01
2.894188117980957031e+01
2.874527359008789062e+01
2.864145278930664062e+01
2.881268119812011719e+01
2.896525192260742188e+01
2.891357803344726562e+01
2.884504508972167969e+01
2.886276245117187500e+01
2.886116027832031250e+01
2.892160415649414062e+01
2.894048118591308594e+01
2.892425537109375000e+01
2.892398071289062500e+01
2.893279457092285156e+01
2.890459632873535156e+01
2.898359680175781250e+01
2.902378273010253906e+01
2.897479629516601562e+01
2.889904975891113281e+01
2.879581451416015625e+01
2.877036285400390625e+01
2.877456092834472656e+01
2.880224800109863281e+01
2.873909187316894531e+01
2.872762298583984375e+01
2.878673553466796875e+01
2.892284202575683594e+01
2.891953086853027344e+01
2.886697959899902344e+01
2.886001396179199219e+01
2.895163536071777344e+01
2.903638076782226562e+01
2.907877159118652344e+01
2.915015602111816406e+01
2.940209960937500000e+01
2.958401489257812500e+01
2.956628417968750000e+01
2.917486381530761719e+01
2.892354393005371094e+01
2.870925140380859375e+01
2.875546264648437500e+01
2.873717498779296875e+01
2.885439109802246094e+01
2.909869003295898438e+01
2.917033576965332031e+01
2.907788085937500000e+01
2.886644554138183594e+01
2.868571853637695312e+01
2.977746772766113281e+01
3.077303504943847656e+01
3.287351608276367188e+01
3.374401092529296875e+01
3.388568496704101562e+01
3.405765533447265625e+01
3.209064483642578125e+01
2.924739837646484375e+01
