3.667254638671875000e+01
3.644202041625976562e+01
3.639949798583984375e+01
3.645234298706054688e+01
3.604826354980468750e+01
3.583174133300781250e+01
3.580874633789062500e+01
3.590238952636718750e+01
3.637219619750976562e+01
3.653194427490234375e+01
3.609253692626953125e+01
3.562735366821289062e+01
3.506700897216796875e+01
3.483264541625976562e+01
3.464086151123046875e+01
3.451992034912109375e+01
3.438214874267578125e+01
3.439693069458007812e+01
3.463771438598632812e+01
3.531303405761718750e+01
3.648301696777343750e+01
3.688217163085937500e+01
3.693362045288085938e+01
3.694912719726562500e+01
3.696093750000000000e+01
3.700425720214843750e+01
3.705184555053710938e+01
3.718162536621093750e+01
3.731882858276367188e+01
3.728628540039062500e+01
3.712348937988281250e+01
3.709628295898437500e+01
3.720705413818359375e+01
3.729394149780273438e+01
3.720939254760742188e+01
3.695380783081054688e+01
3.695995330810546875e+01
3.712426757812500000e+01
3.717969512939453125e+01
3.713441085815429688e+01
3.708639526367187500e+01
3.708228302001953125e+01
3.708414459228515625e+01
3.695882415771484375e+01
3.681989669799804688e+01
3.672135162353515625e+01
3.655038452148437500e+01
3.656872177124023438e+01
3.676147460937500000e+01
3.695320892333984375e+01
3.698604202270507812e+01
3.707075119018554688e+01
3.696178436279296875e+01
3.648584747314453125e+01
3.634543991088867188e+01
3.633177566528320312e+01
3.688870620727539062e+01
3.699519348144531250e+01
3.705831146240234375e+01
3.702193832397460938e+01
3.702168655395507812e+01
3.703753662109375000e+01
3.697980117797851562e+01
3.700370025634765625e+01
3.721429824829101562e+01
3.739631271362304688e+01
3.748598098754882812e+01
3.748458862304687500e+01
3.732207870483398438e+01
3.727137756347656250e+01
3.731852722167968750e+01
3.718495559692382812e+01
3.676401519775390625e+01
3.662573242187500000e+01
3.683056640625000000e+01
3.715469360351562500e+01
3.716976165771484375e+01
3.702253341674804688e+01
3.682030487060546875e+01
3.680696487426757812e+01
3.679395294189453125e+01
3.642561340332031250e+01
3.583007049560546875e+01
3.490874099731445312e+01
3.522381210327148438e+01
3.509856033325195312e+01
3.458924484252929688e+01
3.444588851928710938e+01
3.463632202148437500e+01
3.545800399780273438e+01
3.658202743530273438e+01
3.722671890258789062e+01
3.728161239624023438e+01
3.726740264892578125e+01
3.725366592407226562e+01
3.719715881347656250e+01
3.717924118041992188e+01
3.703018188476562500e+01
3.698695755004882812e+01
3.704872512817382812e+01
3.676301956176757812e+01
3.708551406860351562e+01
3.750204849243164062e+01
