2.256105613708496094e+01
2.265121650695800781e+01
2.264719581604003906e+01
2.252687835693359375e+01
2.261873626708984375e+01
2.272169303894042969e+01
2.297741699218750000e+01
2.293567276000976562e+01
2.336843681335449219e+01
2.362544441223144531e+01
2.402852249145507812e+01
2.408198547363281250e+01
2.409943389892578125e+01
2.408613967895507812e+01
2.397338104248046875e+01
2.378587532043457031e+01
2.376301383972167969e+01
2.391104507446289062e+01
2.419496726989746094e+01
2.415628623962402344e+01
2.419469833374023438e+01
2.417601776123046875e+01
2.427327156066894531e+01
2.437758636474609375e+01
2.449902153015136719e+01
2.453334617614746094e+01
2.455787467956542969e+01
2.456804847717285156e+01
2.442991447448730469e+01
2.430348014831542969e+01
2.420898818969726562e+01
2.420747184753417969e+01
2.429802131652832031e+01
2.419886589050292969e+01
2.415742492675781250e+01
2.413997268676757812e+01
2.425776100158691406e+01
2.441519927978515625e+01
2.479452133178710938e+01
2.515597724914550781e+01
2.537995338439941406e+01
2.545038795471191406e+01
2.535186958312988281e+01
2.510938453674316406e+01
2.474006271362304688e+01
2.463785934448242188e+01
2.468376541137695312e+01
2.503240394592285156e+01
2.534679603576660156e+01
2.546175956726074219e+01
2.534505462646484375e+01
2.505081558227539062e+01
2.495703506469726562e+01
2.490599822998046875e+01
2.521127891540527344e+01
2.543282127380371094e+01
2.560200691223144531e+01
2.569720077514648438e+01
2.562495994567871094e+01
2.563536643981933594e+01
2.549572753906250000e+01
2.544339752197265625e+01
2.538678550720214844e+01
2.542707824707031250e+01
2.545725059509277344e+01
2.561314392089843750e+01
2.572971153259277344e+01
2.566786003112792969e+01
2.548891830444335938e+01
2.530101013183593750e+01
2.496076011657714844e+01
2.447621536254882812e+01
2.416947746276855469e+01
2.398999023437500000e+01
2.420702743530273438e+01
2.439124488830566406e+01
2.449791336059570312e+01
2.456961631774902344e+01
2.467559242248535156e+01
2.467104530334472656e+01
2.472272109985351562e+01
2.456681823730468750e+01
2.441759490966796875e+01
2.436717033386230469e+01
2.446300888061523438e+01
2.457074928283691406e+01
2.469887351989746094e+01
2.474987411499023438e+01
2.483435249328613281e+01
2.482934951782226562e+01
2.484570884704589844e+01
2.475270652770996094e+01
2.446586990356445312e+01
2.426892852783203125e+01
2.419945907592773438e+01
2.424685478210449219e+01
2.419812393188476562e+01
2.430752754211425781e+01
2.458069419860839844e+01
2.447583389282226562e+01
2.478351402282714844e+01
2.487001228332519531e+01
2.510181617736816406e+01
2.497497558593750000e+01
2.509578323364257812e+01
2.467984199523925781e+01
2.430643081665039062e+01
