3.605851364135742188e+01
3.601041793823242188e+01
3.632681655883789062e+01
3.629461288452148438e+01
3.602584075927734375e+01
3.535806274414062500e+01
3.432056808471679688e+01
3.415954971313476562e+01
3.447764968872070312e+01
3.525324630737304688e+01
3.551867294311523438e+01
3.510170364379882812e+01
3.460722351074218750e+01
3.482529449462890625e+01
3.560051727294921875e+01
3.574651718139648438e+01
3.513203430175781250e+01
3.472498703002929688e+01
3.505491256713867188e+01
3.545628738403320312e+01
3.581814956665039062e+01
3.565786361694335938e+01
3.514921569824218750e+01
3.486820220947265625e+01
3.461319351196289062e+01
3.442381286621093750e+01
3.467436599731445312e+01
3.528688049316406250e+01
3.582384109497070312e+01
3.595871353149414062e+01
3.606896591186523438e+01
3.624911880493164062e+01
3.590078735351562500e+01
3.548633956909179688e+01
3.534102249145507812e+01
3.522862625122070312e+01
3.514593124389648438e+01
3.539174270629882812e+01
3.580309295654296875e+01
3.621993255615234375e+01
3.638399124145507812e+01
3.621430206298828125e+01
3.602698516845703125e+01
3.577620315551757812e+01
3.525315475463867188e+01
3.494404983520507812e+01
3.470549011230468750e+01
3.438923645019531250e+01
3.442871475219726562e+01
3.454173660278320312e+01
3.456116104125976562e+01
3.487017440795898438e+01
3.463188934326171875e+01
3.434690475463867188e+01
3.413746261596679688e+01
3.426792144775390625e+01
3.442219924926757812e+01
3.436632919311523438e+01
3.434933090209960938e+01
3.468934631347656250e+01
3.499008941650390625e+01
3.533202362060546875e+01
3.573099136352539062e+01
3.614181900024414062e+01
3.650135421752929688e+01
3.676743698120117188e+01
3.678574371337890625e+01
3.674309539794921875e+01
3.659279632568359375e+01
3.631217956542968750e+01
3.592938232421875000e+01
3.550200653076171875e+01
3.510473632812500000e+01
3.512736892700195312e+01
3.550457000732421875e+01
3.590119171142578125e+01
3.599406433105468750e+01
3.590048217773437500e+01
3.596893692016601562e+01
3.589309310913085938e+01
3.587426757812500000e+01
3.608176040649414062e+01
3.630496978759765625e+01
3.656650161743164062e+01
3.698237991333007812e+01
3.704286193847656250e+01
3.711701583862304688e+01
3.672018051147460938e+01
3.662051391601562500e+01
3.660408782958984375e+01
3.649898529052734375e+01
3.659482574462890625e+01
3.635261917114257812e+01
3.515864181518554688e+01
3.460041427612304688e+01
3.658052444458007812e+01
3.739811706542968750e+01
3.759104919433593750e+01
3.766094970703125000e+01
3.760256195068359375e+01
3.746096038818359375e+01
3.719348907470703125e+01
