3.160434722900390625e+01
3.181425476074218750e+01
3.169747734069824219e+01
3.210083389282226562e+01
3.349313735961914062e+01
3.362969589233398438e+01
3.365770339965820312e+01
3.373354339599609375e+01
3.333654403686523438e+01
3.216572570800781250e+01
3.200648117065429688e+01
3.258500289916992188e+01
3.275058746337890625e+01
3.237031173706054688e+01
3.249475860595703125e+01
3.301727294921875000e+01
3.326183700561523438e+01
3.362018203735351562e+01
3.370724105834960938e+01
3.368626022338867188e+01
3.411791610717773438e+01
3.374198913574218750e+01
3.343572616577148438e+01
3.347958374023437500e+01
3.356669998168945312e+01
3.369990539550781250e+01
3.394650268554687500e+01
3.431925582885742188e+01
3.400957107543945312e+01
3.394174957275390625e+01
3.357540893554687500e+01
3.324007797241210938e+01
3.331278610229492188e+01
3.347377014160156250e+01
3.405847167968750000e+01
3.510689544677734375e+01
3.489648437500000000e+01
3.436347579956054688e+01
3.431880950927734375e+01
3.367900466918945312e+01
3.324590301513671875e+01
3.318497467041015625e+01
3.314660644531250000e+01
3.347159957885742188e+01
3.384053421020507812e+01
3.340417861938476562e+01
3.305439376831054688e+01
3.300934982299804688e+01
3.282432937622070312e+01
3.277474594116210938e+01
3.294456100463867188e+01
3.294440841674804688e+01
3.290109252929687500e+01
3.306759262084960938e+01
3.337840270996093750e+01
3.358459472656250000e+01
3.345745086669921875e+01
3.323040008544921875e+01
3.329921722412109375e+01
3.348368835449218750e+01
3.355639648437500000e+01
3.339371871948242188e+01
3.371489715576171875e+01
3.433124542236328125e+01
3.518028259277343750e+01
3.411953735351562500e+01
3.383787536621093750e+01
3.433893203735351562e+01
3.423065185546875000e+01
3.420006561279296875e+01
3.372757720947265625e+01
3.321481323242187500e+01
3.312779998779296875e+01
3.306917190551757812e+01
3.294549179077148438e+01
3.276469802856445312e+01
3.265709686279296875e+01
3.297912597656250000e+01
3.351984786987304688e+01
3.389260101318359375e+01
3.424684906005859375e+01
3.408065414428710938e+01
3.395098876953125000e+01
3.399781036376953125e+01
3.360671997070312500e+01
3.318905639648437500e+01
3.319713592529296875e+01
3.368142700195312500e+01
3.373046875000000000e+01
3.428440856933593750e+01
3.493162918090820312e+01
3.467006301879882812e+01
3.461301803588867188e+01
3.429149627685546875e+01
3.410734176635742188e+01
3.457772445678710938e+01
3.429861831665039062e+01
3.443609237670898438e+01
3.461150741577148438e+01
3.504116821289062500e+01
3.525450897216796875e+01
3.419078063964843750e+01
3.369430160522460938e+01
