2.881952285766601562e+01
2.859476852416992188e+01
2.915040779113769531e+01
2.929117012023925781e+01
2.951721382141113281e+01
2.996018218994140625e+01
2.980059051513671875e+01
2.944008636474609375e+01
2.868312454223632812e+01
2.846704673767089844e+01
2.878063201904296875e+01
2.902179145812988281e+01
2.882209014892578125e+01
2.820626068115234375e+01
2.807767677307128906e+01
2.796599578857421875e+01
2.788176155090332031e+01
2.793153953552246094e+01
2.779009246826171875e+01
2.767527198791503906e+01
2.747372055053710938e+01
2.718597793579101562e+01
2.720391654968261719e+01
2.723243141174316406e+01
2.728653335571289062e+01
2.728524017333984375e+01
2.731427383422851562e+01
2.741846847534179688e+01
2.756674003601074219e+01
2.754659461975097656e+01
2.759186363220214844e+01
2.764797210693359375e+01
2.769644546508789062e+01
2.796659088134765625e+01
2.810583877563476562e+01
2.822296714782714844e+01
2.835423088073730469e+01
2.831136894226074219e+01
2.811210250854492188e+01
2.802173423767089844e+01
2.807132911682128906e+01
2.816094398498535156e+01
2.817435455322265625e+01
2.813380622863769531e+01
2.831450271606445312e+01
2.858606719970703125e+01
2.855607223510742188e+01
2.848327255249023438e+01
2.844875717163085938e+01
2.861319351196289062e+01
2.890416908264160156e+01
2.890757369995117188e+01
2.908845138549804688e+01
2.986237144470214844e+01
3.006859779357910156e+01
2.896846771240234375e+01
2.858375930786132812e+01
2.856505966186523438e+01
2.860082244873046875e+01
2.873610496520996094e+01
2.895878982543945312e+01
2.905001831054687500e+01
2.921401977539062500e+01
2.927085685729980469e+01
2.942513275146484375e+01
2.949686622619628906e+01
2.919897651672363281e+01
2.896147155761718750e+01
2.890198898315429688e+01
2.865262794494628906e+01
2.848596000671386719e+01
2.829356765747070312e+01
2.819311332702636719e+01
2.819908523559570312e+01
2.812172317504882812e+01
2.807798385620117188e+01
2.811528587341308594e+01
2.826114845275878906e+01
2.834564399719238281e+01
2.844571304321289062e+01
2.836353874206542969e+01
2.829104232788085938e+01
2.842482376098632812e+01
2.835704994201660156e+01
2.816973495483398438e+01
2.795963478088378906e+01
2.775224685668945312e+01
2.767040824890136719e+01
2.758946800231933594e+01
2.755713844299316406e+01
2.774177169799804688e+01
2.798043060302734375e+01
2.813559722900390625e+01
2.825239944458007812e+01
2.837443733215332031e+01
2.844399452209472656e+01
2.852256965637207031e+01
2.889065933227539062e+01
2.932115554809570312e+01
2.953668975830078125e+01
2.892533302307128906e+01
2.885798454284667969e+01
2.932152748107910156e+01
2.922224426269531250e+01
2.891510009765625000e+01
2.851379203796386719e+01
2.817665863037109375e+01
2.828837966918945312e+01
