3.539921569824218750e+01
3.522814941406250000e+01
3.486320877075195312e+01
3.464073944091796875e+01
3.422710037231445312e+01
3.400530242919921875e+01
3.522476577758789062e+01
3.542108917236328125e+01
3.514151382446289062e+01
3.560491943359375000e+01
3.551669311523437500e+01
3.406075286865234375e+01
3.380828094482421875e+01
3.397907257080078125e+01
3.435736083984375000e+01
3.435657501220703125e+01
3.408113861083984375e+01
3.345266723632812500e+01
3.308140945434570312e+01
3.362820053100585938e+01
3.350062179565429688e+01
3.290388488769531250e+01
3.289516067504882812e+01
3.313578414916992188e+01
3.311219406127929688e+01
3.346851348876953125e+01
3.314077758789062500e+01
3.279803085327148438e+01
3.311512756347656250e+01
3.359578704833984375e+01
3.353230285644531250e+01
3.353634643554687500e+01
3.330308532714843750e+01
3.330518341064453125e+01
3.354269409179687500e+01
3.384361267089843750e+01
3.394893264770507812e+01
3.408612442016601562e+01
3.402323150634765625e+01
3.418303298950195312e+01
3.395948791503906250e+01
3.358049392700195312e+01
3.331274795532226562e+01
3.324346923828125000e+01
3.306358718872070312e+01
3.322724533081054688e+01
3.339626312255859375e+01
3.363062286376953125e+01
3.371948623657226562e+01
3.399765014648437500e+01
3.420318603515625000e+01
3.442160797119140625e+01
3.457868957519531250e+01
3.482379531860351562e+01
3.483702468872070312e+01
3.472697830200195312e+01
3.416197967529296875e+01
3.379525756835937500e+01
3.332305145263671875e+01
3.321295547485351562e+01
3.331805801391601562e+01
3.351282501220703125e+01
3.368990707397460938e+01
3.412669372558593750e+01
3.425331497192382812e+01
3.435319900512695312e+01
3.433063888549804688e+01
3.448879241943359375e+01
3.470498275756835938e+01
3.472653579711914062e+01
3.446099472045898438e+01
3.407006835937500000e+01
3.381135940551757812e+01
3.372597885131835938e+01
3.362316894531250000e+01
3.386845397949218750e+01
3.364572525024414062e+01
3.379937362670898438e+01
3.391874313354492188e+01
3.400310134887695312e+01
3.435313034057617188e+01
3.419644546508789062e+01
3.409317398071289062e+01
3.560101318359375000e+01
3.589550018310546875e+01
3.473410415649414062e+01
3.505235290527343750e+01
3.496916961669921875e+01
3.464680862426757812e+01
3.416611480712890625e+01
3.405781936645507812e+01
3.456502914428710938e+01
3.510837554931640625e+01
3.547816467285156250e+01
3.526052093505859375e+01
3.552910614013671875e+01
3.652999877929687500e+01
3.629619216918945312e+01
3.569071197509765625e+01
3.557781219482421875e+01
3.499309158325195312e+01
3.405780792236328125e+01
