3.759120559692382812e+01
3.761736679077148438e+01
3.760976791381835938e+01
3.772736740112304688e+01
3.758044433593750000e+01
3.787935256958007812e+01
3.796081161499023438e+01
3.764198303222656250e+01
3.767002105712890625e+01
3.749012756347656250e+01
3.756004333496093750e+01
3.742482757568359375e+01
3.737359237670898438e+01
3.744091033935546875e+01
3.765259933471679688e+01
3.792001342773437500e+01
3.800119781494140625e+01
3.816884613037109375e+01
3.826495742797851562e+01
3.823590087890625000e+01
3.822240829467773438e+01
3.823938369750976562e+01
3.799591064453125000e+01
3.795445632934570312e+01
3.807888412475585938e+01
3.801799774169921875e+01
3.800122833251953125e+01
3.790383148193359375e+01
3.779569244384765625e+01
3.770786285400390625e+01
3.753742980957031250e+01
3.755710601806640625e+01
3.754201889038085938e+01
3.740785598754882812e+01
3.732139587402343750e+01
3.725341415405273438e+01
3.720709991455078125e+01
3.705544662475585938e+01
3.696787643432617188e+01
3.733020782470703125e+01
3.781639099121093750e+01
3.779634094238281250e+01
3.762073516845703125e+01
3.732345581054687500e+01
3.716903305053710938e+01
3.773194122314453125e+01
3.783339691162109375e+01
3.776457214355468750e+01
3.766432571411132812e+01
3.755572891235351562e+01
3.754519653320312500e+01
3.805801010131835938e+01
3.815463256835937500e+01
3.813896560668945312e+01
3.819481277465820312e+01
3.843839263916015625e+01
3.824631881713867188e+01
3.789497375488281250e+01
3.791025543212890625e+01
3.760778045654296875e+01
3.745685577392578125e+01
3.737811660766601562e+01
3.776491546630859375e+01
3.787572860717773438e+01
3.780765151977539062e+01
3.781172943115234375e+01
3.788295745849609375e+01
3.774930572509765625e+01
3.768158721923828125e+01
3.755833435058593750e+01
3.756316375732421875e+01
3.769137573242187500e+01
3.779755783081054688e+01
3.788150787353515625e+01
3.804096221923828125e+01
3.771164321899414062e+01
3.778620147705078125e+01
3.732541275024414062e+01
3.669343185424804688e+01
3.570105361938476562e+01
3.532816696166992188e+01
3.674930191040039062e+01
3.727734375000000000e+01
3.642171096801757812e+01
3.670691299438476562e+01
3.568067550659179688e+01
3.580349731445312500e+01
3.646862792968750000e+01
3.651050949096679688e+01
3.665355300903320312e+01
3.669905090332031250e+01
3.590606689453125000e+01
3.503061676025390625e+01
3.559568786621093750e+01
3.649784851074218750e+01
3.608830642700195312e+01
3.602214431762695312e+01
3.561385345458984375e+01
3.530465316772460938e+01
3.503789138793945312e+01
3.480199813842773438e+01
