2.698132896423339844e+01
2.674480056762695312e+01
2.689295005798339844e+01
2.706092262268066406e+01
2.729532814025878906e+01
2.748652839660644531e+01
2.798193359375000000e+01
2.852921867370605469e+01
2.895365715026855469e+01
2.924277687072753906e+01
2.934114646911621094e+01
2.915267562866210938e+01
2.884871482849121094e+01
2.874674606323242188e+01
2.883691406250000000e+01
2.921560096740722656e+01
2.909491729736328125e+01
2.870189857482910156e+01
2.884311294555664062e+01
2.934295082092285156e+01
2.981191635131835938e+01
3.000324821472167969e+01
3.002085876464843750e+01
2.994371795654296875e+01
2.972406959533691406e+01
2.947338867187500000e+01
2.945637321472167969e+01
2.957170486450195312e+01
3.001297187805175781e+01
3.016076469421386719e+01
3.015680503845214844e+01
3.005319213867187500e+01
2.986474227905273438e+01
2.968363380432128906e+01
2.965448188781738281e+01
2.964036369323730469e+01
2.952556991577148438e+01
2.940609359741210938e+01
2.928087043762207031e+01
2.920782852172851562e+01
2.915791320800781250e+01
2.905456542968750000e+01
2.879161643981933594e+01
2.864305305480957031e+01
2.861111068725585938e+01
2.856680297851562500e+01
2.858584976196289062e+01
2.874617958068847656e+01
2.893695640563964844e+01
2.889776992797851562e+01
2.864701843261718750e+01
2.845491027832031250e+01
2.852161979675292969e+01
2.865441322326660156e+01
2.855155181884765625e+01
2.842649841308593750e+01
2.834876823425292969e+01
2.842378997802734375e+01
2.856892395019531250e+01
2.884323310852050781e+01
2.910688972473144531e+01
2.925621986389160156e+01
2.898888778686523438e+01
2.860712814331054688e+01
2.832433128356933594e+01
2.827662277221679688e+01
2.828789520263671875e+01
2.843390083312988281e+01
2.844169044494628906e+01
2.838236236572265625e+01
2.827744102478027344e+01
2.825181388854980469e+01
2.837771987915039062e+01
2.854045486450195312e+01
2.891829109191894531e+01
2.922641181945800781e+01
2.908746719360351562e+01
2.857068061828613281e+01
2.826099777221679688e+01
2.832289505004882812e+01
2.831499671936035156e+01
2.841970252990722656e+01
2.886595726013183594e+01
2.890490722656250000e+01
2.890908050537109375e+01
2.872868156433105469e+01
2.900520324707031250e+01
2.953585243225097656e+01
2.978608894348144531e+01
