3.739321899414062500e+01
3.727164840698242188e+01
3.711794662475585938e+01
3.725672912597656250e+01
3.731965255737304688e+01
3.741553115844726562e+01
3.773822784423828125e+01
3.795642852783203125e+01
3.774154281616210938e+01
3.784140777587890625e+01
3.794264221191406250e+01
3.771067047119140625e+01
3.752859497070312500e+01
3.722722244262695312e+01
3.724839019775390625e+01
3.718435287475585938e+01
3.696892166137695312e+01
3.673991775512695312e+01
3.673683166503906250e+01
3.696237945556640625e+01
3.701247024536132812e+01
3.717444610595703125e+01
3.702703857421875000e+01
3.697594451904296875e+01
3.675001907348632812e+01
3.667498779296875000e+01
3.646838378906250000e+01
3.652488708496093750e+01
3.654491806030273438e+01
3.659716033935546875e+01
3.680920410156250000e+01
3.705055999755859375e+01
3.714110946655273438e+01
3.719955062866210938e+01
3.750257873535156250e+01
3.770158004760742188e+01
3.769781494140625000e+01
3.750755310058593750e+01
3.740463638305664062e+01
3.720307922363281250e+01
3.735090637207031250e+01
3.772874450683593750e+01
3.813088226318359375e+01
3.834674835205078125e+01
3.812717056274414062e+01
3.816312026977539062e+01
3.815282440185546875e+01
3.821077728271484375e+01
3.809871673583984375e+01
3.820960998535156250e+01
3.833986663818359375e+01
3.829552459716796875e+01
3.837909317016601562e+01
3.830926132202148438e+01
3.822280120849609375e+01
3.834103012084960938e+01
3.828224945068359375e+01
3.792711257934570312e+01
3.767256164550781250e+01
3.798746871948242188e+01
3.829633331298828125e+01
3.837900161743164062e+01
3.824651718139648438e+01
3.818237686157226562e+01
3.805800628662109375e+01
3.802382659912109375e+01
3.802043533325195312e+01
3.797183609008789062e+01
3.791087722778320312e+01
3.775721740722656250e+01
3.739300155639648438e+01
3.742496490478515625e+01
3.772459793090820312e+01
3.784653472900390625e+01
3.790939331054687500e+01
3.788694000244140625e+01
3.782339096069335938e+01
3.767078781127929688e+01
3.765355682373046875e+01
3.769300842285156250e+01
3.770865631103515625e+01
3.773469161987304688e+01
3.785063552856445312e+01
3.799344253540039062e+01
3.785684967041015625e+01
3.759587097167968750e+01
3.756718826293945312e+01
3.761272811889648438e+01
3.749130630493164062e+01
3.732705307006835938e+01
3.741155624389648438e+01
3.751212310791015625e+01
3.767016220092773438e+01
3.744519424438476562e+01
3.746118545532226562e+01
3.766905212402343750e+01
3.795297622680664062e+01
3.809789276123046875e+01
3.813064193725585938e+01
3.784318161010742188e+01
3.750685119628906250e+01
3.758831024169921875e+01
3.773107910156250000e+01
3.769777679443359375e+01
3.761144638061523438e+01
3.739664459228515625e+01
3.750033187866210938e+01
