3.255131530761718750e+01
3.250817871093750000e+01
3.137812423706054688e+01
2.954245567321777344e+01
2.911134338378906250e+01
2.881262397766113281e+01
2.855194282531738281e+01
2.903122901916503906e+01
2.880698966979980469e+01
2.852139472961425781e+01
2.870972061157226562e+01
2.870715522766113281e+01
2.887507438659667969e+01
2.845548439025878906e+01
2.844808769226074219e+01
2.849569892883300781e+01
2.826515960693359375e+01
2.799495315551757812e+01
2.784765625000000000e+01
2.796014404296875000e+01
2.797850036621093750e+01
2.794605064392089844e+01
2.786349105834960938e+01
2.788331222534179688e+01
2.789209747314453125e+01
2.783310127258300781e+01
2.786330413818359375e+01
2.796228981018066406e+01
2.791617012023925781e+01
2.769752311706542969e+01
2.737661933898925781e+01
2.718099594116210938e+01
2.718611145019531250e+01
2.707846641540527344e+01
2.725273323059082031e+01
2.739491081237792969e+01
2.731288909912109375e+01
2.743344688415527344e+01
2.747105216979980469e+01
2.733160972595214844e+01
2.726286506652832031e+01
2.732815742492675781e+01
2.764249992370605469e+01
2.781024742126464844e+01
2.766230392456054688e+01
2.755282020568847656e+01
2.759535789489746094e+01
2.762096595764160156e+01
2.769407844543457031e+01
2.765942573547363281e+01
2.752007865905761719e+01
2.742577362060546875e+01
2.728557205200195312e+01
2.732715034484863281e+01
2.743791580200195312e+01
2.748813629150390625e+01
2.773275375366210938e+01
2.779165649414062500e+01
2.771500015258789062e+01
2.780562973022460938e+01
2.773346519470214844e+01
2.778040313720703125e+01
2.762316322326660156e+01
2.746599006652832031e+01
2.764313507080078125e+01
2.793679237365722656e+01
2.777700614929199219e+01
2.760641479492187500e+01
2.709390830993652344e+01
2.681012725830078125e+01
2.678671455383300781e+01
2.692457008361816406e+01
2.723201942443847656e+01
2.751289176940917969e+01
2.783888053894042969e+01
2.820488357543945312e+01
2.843416786193847656e+01
2.858094787597656250e+01
2.874624061584472656e+01
2.855378723144531250e+01
2.843573188781738281e+01
2.837368011474609375e+01
2.838450241088867188e+01
2.859034156799316406e+01
2.873789787292480469e+01
2.844252204895019531e+01
2.812814521789550781e+01
2.788595199584960938e+01
2.784292984008789062e+01
2.796552276611328125e+01
2.791513633728027344e+01
2.822276496887207031e+01
2.838370704650878906e+01
2.832802009582519531e+01
2.830388259887695312e+01
2.800282478332519531e+01
2.794024085998535156e+01
2.754726600646972656e+01
2.637842941284179688e+01
2.659211158752441406e+01
