3.359567260742187500e+01
3.355818176269531250e+01
3.340721130371093750e+01
3.353440475463867188e+01
3.359453582763671875e+01
3.352248382568359375e+01
3.362066650390625000e+01
3.377348709106445312e+01
3.383957672119140625e+01
3.372541809082031250e+01
3.376285934448242188e+01
3.383675003051757812e+01
3.369891357421875000e+01
3.354782867431640625e+01
3.319246673583984375e+01
3.260834121704101562e+01
3.239031600952148438e+01
3.228419494628906250e+01
3.218009567260742188e+01
3.214290237426757812e+01
3.199770545959472656e+01
3.210835647583007812e+01
3.220846557617187500e+01
3.247550582885742188e+01
3.264358901977539062e+01
3.290568542480468750e+01
3.353406906127929688e+01
3.358831405639648438e+01
3.401617813110351562e+01
3.414715576171875000e+01
3.418492507934570312e+01
3.417265319824218750e+01
3.405522918701171875e+01
3.398593139648437500e+01
3.421664810180664062e+01
3.451975631713867188e+01
3.455622100830078125e+01
3.446274948120117188e+01
3.456383895874023438e+01
3.477952957153320312e+01
3.478788757324218750e+01
3.448236846923828125e+01
3.422560882568359375e+01
3.400618743896484375e+01
3.369068527221679688e+01
3.356797027587890625e+01
3.372751617431640625e+01
3.406558990478515625e+01
3.440810775756835938e+01
3.448281860351562500e+01
3.446510696411132812e+01
3.443375015258789062e+01
3.428003311157226562e+01
3.403208160400390625e+01
3.418119430541992188e+01
3.436600494384765625e+01
3.442491912841796875e+01
3.443806457519531250e+01
3.432026290893554688e+01
3.423405838012695312e+01
3.401993179321289062e+01
3.387635040283203125e+01
3.360779953002929688e+01
3.352186203002929688e+01
3.372560119628906250e+01
3.376547241210937500e+01
3.368196868896484375e+01
3.357675170898437500e+01
3.375462341308593750e+01
3.378770828247070312e+01
3.368695068359375000e+01
3.382381820678710938e+01
3.389425659179687500e+01
3.361016464233398438e+01
3.318495559692382812e+01
3.312503433227539062e+01
3.338440704345703125e+01
3.378258132934570312e+01
3.405775070190429688e+01
3.406206512451171875e+01
3.393097686767578125e+01
3.385692214965820312e+01
3.374535751342773438e+01
3.353566360473632812e+01
3.360617065429687500e+01
3.425454330444335938e+01
3.454769134521484375e+01
3.451225662231445312e+01
3.473458480834960938e+01
3.473213958740234375e+01
3.486948013305664062e+01
3.629379272460937500e+01
