3.346670913696289062e+01
3.366756820678710938e+01
3.404653549194335938e+01
3.451371765136718750e+01
3.480217361450195312e+01
3.496847915649414062e+01
3.522901153564453125e+01
3.506627273559570312e+01
3.519640731811523438e+01
3.511740112304687500e+01
3.499698257446289062e+01
3.537532043457031250e+01
3.626134872436523438e+01
3.704345321655273438e+01
3.719539642333984375e+01
3.703113174438476562e+01
3.713494110107421875e+01
3.705315780639648438e+01
3.706126022338867188e+01
3.668291473388671875e+01
3.645802307128906250e+01
3.656938171386718750e+01
3.691707992553710938e+01
3.707346343994140625e+01
3.684445190429687500e+01
3.642481231689453125e+01
3.646120834350585938e+01
3.693269348144531250e+01
3.735267639160156250e+01
3.739820480346679688e+01
3.747078323364257812e+01
3.735709762573242188e+01
3.697153091430664062e+01
3.646450424194335938e+01
3.605376815795898438e+01
3.568092346191406250e+01
3.548897171020507812e+01
3.526118469238281250e+01
3.524036407470703125e+01
3.534432220458984375e+01
3.548040390014648438e+01
3.560604476928710938e+01
3.568155288696289062e+01
3.543888854980468750e+01
3.466802597045898438e+01
3.417867660522460938e+01
3.397405242919921875e+01
3.396538925170898438e+01
3.425860977172851562e+01
3.562172698974609375e+01
3.541553878784179688e+01
3.504946517944335938e+01
3.481514358520507812e+01
3.474511718750000000e+01
3.520473098754882812e+01
3.573188781738281250e+01
3.521776199340820312e+01
3.494744491577148438e+01
3.465350723266601562e+01
3.449448776245117188e+01
3.443995285034179688e+01
3.450407791137695312e+01
3.473726272583007812e+01
3.503886032104492188e+01
3.554687500000000000e+01
3.556375885009765625e+01
3.551314544677734375e+01
3.590372085571289062e+01
3.607267761230468750e+01
3.641744232177734375e+01
3.674848937988281250e+01
3.670441818237304688e+01
3.705808639526367188e+01
3.719205093383789062e+01
3.717816543579101562e+01
3.700578308105468750e+01
3.694404602050781250e+01
3.710628509521484375e+01
3.735037231445312500e+01
3.747429656982421875e+01
3.743675613403320312e+01
3.726345443725585938e+01
3.686421203613281250e+01
3.697827911376953125e+01
3.703630828857421875e+01
3.693621063232421875e+01
3.665378952026367188e+01
3.650830078125000000e+01
3.628520965576171875e+01
3.620163726806640625e+01
3.657132720947265625e+01
3.672364425659179688e+01
3.681843566894531250e+01
3.676987075805664062e+01
3.680089187622070312e+01
3.667671966552734375e+01
3.664075088500976562e+01
3.661980438232421875e+01
3.697193145751953125e+01
3.752959060668945312e+01
3.753006362915039062e+01
3.751724243164062500e+01
3.704403686523437500e+01
3.679951095581054688e+01
3.642842102050781250e+01
3.609278869628906250e+01
