3.582121658325195312e+01
3.616246795654296875e+01
3.572987747192382812e+01
3.441108703613281250e+01
3.427778244018554688e+01
3.432206344604492188e+01
3.427441406250000000e+01
3.434642791748046875e+01
3.406747817993164062e+01
3.398772430419921875e+01
3.418273162841796875e+01
3.475962448120117188e+01
3.599280548095703125e+01
3.642406845092773438e+01
3.676810073852539062e+01
3.675738143920898438e+01
3.712127685546875000e+01
3.735013198852539062e+01
3.641006851196289062e+01
3.549029922485351562e+01
3.497946548461914062e+01
3.421407318115234375e+01
3.421151351928710938e+01
3.413838958740234375e+01
3.423045730590820312e+01
3.415420913696289062e+01
3.401646041870117188e+01
3.400777053833007812e+01
3.397330093383789062e+01
3.397600936889648438e+01
3.411498260498046875e+01
3.423234558105468750e+01
3.440948486328125000e+01
3.444907760620117188e+01
3.413314056396484375e+01
3.420599365234375000e+01
3.467997360229492188e+01
3.614178085327148438e+01
3.629682922363281250e+01
3.493521499633789062e+01
3.472896194458007812e+01
3.502737808227539062e+01
3.501230621337890625e+01
3.482287597656250000e+01
3.465012359619140625e+01
3.496800231933593750e+01
3.578360366821289062e+01
3.503853225708007812e+01
3.516183471679687500e+01
3.565002059936523438e+01
3.573757553100585938e+01
3.546179580688476562e+01
3.485852813720703125e+01
3.451684188842773438e+01
3.516954421997070312e+01
3.596404266357421875e+01
3.663512039184570312e+01
3.706470489501953125e+01
3.712261199951171875e+01
3.701209259033203125e+01
3.697433471679687500e+01
3.696096038818359375e+01
3.680752563476562500e+01
3.682751083374023438e+01
3.679093170166015625e+01
3.698472213745117188e+01
3.607423400878906250e+01
3.479599380493164062e+01
3.531860733032226562e+01
3.600856781005859375e+01
3.555853271484375000e+01
3.523721694946289062e+01
3.605241775512695312e+01
3.674529647827148438e+01
3.691419982910156250e+01
3.679771041870117188e+01
3.667633056640625000e+01
3.715954208374023438e+01
3.740061187744140625e+01
3.745057678222656250e+01
3.723748397827148438e+01
3.694157028198242188e+01
3.672056198120117188e+01
3.700664138793945312e+01
3.697547531127929688e+01
3.698341369628906250e+01
3.729356765747070312e+01
3.714670944213867188e+01
3.652193069458007812e+01
3.627019882202148438e+01
3.615383911132812500e+01
3.636151504516601562e+01
3.631284332275390625e+01
3.642185974121093750e+01
3.667375183105468750e+01
3.684414291381835938e+01
3.698009872436523438e+01
3.709918975830078125e+01
3.706849288940429688e+01
3.685249328613281250e+01
3.553553771972656250e+01
3.580202102661132812e+01
3.473672485351562500e+01
