3.362497329711914062e+01
3.432622909545898438e+01
3.562509918212890625e+01
3.709139251708984375e+01
3.733899307250976562e+01
3.723059463500976562e+01
3.734803009033203125e+01
3.727722167968750000e+01
3.734952163696289062e+01
3.748635864257812500e+01
3.748424530029296875e+01
3.729141235351562500e+01
3.703420639038085938e+01
3.688375091552734375e+01
3.734153366088867188e+01
3.764099884033203125e+01
3.772840118408203125e+01
3.790402221679687500e+01
3.780032730102539062e+01
3.781535339355468750e+01
3.763814926147460938e+01
3.749188613891601562e+01
3.739281463623046875e+01
3.738460159301757812e+01
3.733956909179687500e+01
3.733977890014648438e+01
3.734718322753906250e+01
3.721269226074218750e+01
3.675276947021484375e+01
3.647342681884765625e+01
3.656293487548828125e+01
3.672938156127929688e+01
3.695930099487304688e+01
3.711849975585937500e+01
3.699824523925781250e+01
3.655604171752929688e+01
3.657950210571289062e+01
3.663589859008789062e+01
3.661545944213867188e+01
3.630319213867187500e+01
3.591227340698242188e+01
3.591128158569335938e+01
3.599478530883789062e+01
3.559789276123046875e+01
3.607887268066406250e+01
3.635145568847656250e+01
3.638360977172851562e+01
3.619758224487304688e+01
3.627231597900390625e+01
3.614235305786132812e+01
3.569630813598632812e+01
3.551999282836914062e+01
3.555152511596679688e+01
3.550734710693359375e+01
3.500391769409179688e+01
3.419145202636718750e+01
3.381585311889648438e+01
3.519357299804687500e+01
3.558549118041992188e+01
3.517268371582031250e+01
3.501281356811523438e+01
3.510287094116210938e+01
3.542148971557617188e+01
3.568380737304687500e+01
3.560827636718750000e+01
3.555262374877929688e+01
3.573332595825195312e+01
3.590693664550781250e+01
3.620438003540039062e+01
3.657877731323242188e+01
3.664547348022460938e+01
3.642776870727539062e+01
3.659252548217773438e+01
3.672576522827148438e+01
3.658330535888671875e+01
3.620355987548828125e+01
3.584466171264648438e+01
3.558922958374023438e+01
3.555239868164062500e+01
3.576674652099609375e+01
3.546070098876953125e+01
3.554088592529296875e+01
3.589760589599609375e+01
3.629050064086914062e+01
3.648455047607421875e+01
3.683707427978515625e+01
3.676711654663085938e+01
3.663074874877929688e+01
3.640624618530273438e+01
3.616159820556640625e+01
3.601088714599609375e+01
3.570560073852539062e+01
3.587425613403320312e+01
3.639860534667968750e+01
3.722889328002929688e+01
3.770546340942382812e+01
3.836112976074218750e+01
3.825469589233398438e+01
3.833822250366210938e+01
3.855451202392578125e+01
3.836906051635742188e+01
