3.335290908813476562e+01
3.310555648803710938e+01
3.251297378540039062e+01
3.237323379516601562e+01
3.283930969238281250e+01
3.349960327148437500e+01
3.430221939086914062e+01
3.434184646606445312e+01
3.427045059204101562e+01
3.467164230346679688e+01
3.473229980468750000e+01
3.487149047851562500e+01
3.492078018188476562e+01
3.435823822021484375e+01
3.455131149291992188e+01
3.452545547485351562e+01
3.455467224121093750e+01
3.498431777954101562e+01
3.515138626098632812e+01
3.481389236450195312e+01
3.474227142333984375e+01
3.465894317626953125e+01
3.460336685180664062e+01
3.469921875000000000e+01
3.460656738281250000e+01
3.453858184814453125e+01
3.436861419677734375e+01
3.417673492431640625e+01
3.403017807006835938e+01
3.396030426025390625e+01
3.398926544189453125e+01
3.408900833129882812e+01
3.415255737304687500e+01
3.434623336791992188e+01
3.446595382690429688e+01
3.429862976074218750e+01
3.427924728393554688e+01
3.425349807739257812e+01
3.391545867919921875e+01
3.361484146118164062e+01
3.397921752929687500e+01
3.455550765991210938e+01
3.522459793090820312e+01
3.527303695678710938e+01
3.522794342041015625e+01
3.475111389160156250e+01
3.431935501098632812e+01
3.407968139648437500e+01
3.424365615844726562e+01
3.470040512084960938e+01
3.517541885375976562e+01
3.545839309692382812e+01
3.507394409179687500e+01
3.486238479614257812e+01
3.486562347412109375e+01
3.491254806518554688e+01
3.481282806396484375e+01
3.479829788208007812e+01
3.536352157592773438e+01
3.533273315429687500e+01
3.532715988159179688e+01
3.530821609497070312e+01
3.488284301757812500e+01
3.435950088500976562e+01
3.405331420898437500e+01
3.402225112915039062e+01
3.441718292236328125e+01
3.475107574462890625e+01
3.492658615112304688e+01
3.525664138793945312e+01
3.506574630737304688e+01
3.399014282226562500e+01
3.363515853881835938e+01
3.323725128173828125e+01
3.299216842651367188e+01
3.266164398193359375e+01
3.249403762817382812e+01
3.258430099487304688e+01
3.246247100830078125e+01
3.211073684692382812e+01
3.177541351318359375e+01
3.190563583374023438e+01
3.230281448364257812e+01
3.251258468627929688e+01
3.277692794799804688e+01
3.311140060424804688e+01
3.382726669311523438e+01
3.394959640502929688e+01
3.335276412963867188e+01
3.334128570556640625e+01
3.405388259887695312e+01
3.517652511596679688e+01
3.570556259155273438e+01
3.431594467163085938e+01
3.335671997070312500e+01
3.325510787963867188e+01
