3.559427261352539062e+01
3.621979522705078125e+01
3.627373886108398438e+01
3.533159255981445312e+01
3.496057891845703125e+01
3.524727249145507812e+01
3.643288040161132812e+01
3.667626953125000000e+01
3.615480422973632812e+01
3.687528991699218750e+01
3.668478012084960938e+01
3.577899169921875000e+01
3.696177291870117188e+01
3.741030502319335938e+01
3.694501113891601562e+01
3.596572113037109375e+01
3.589937210083007812e+01
3.656073760986328125e+01
3.647338104248046875e+01
3.540341949462890625e+01
3.445251083374023438e+01
3.402145767211914062e+01
3.417863845825195312e+01
3.441319656372070312e+01
3.470013427734375000e+01
3.487495803833007812e+01
3.501928710937500000e+01
3.562913131713867188e+01
3.600873184204101562e+01
3.577217864990234375e+01
3.534858703613281250e+01
3.506577682495117188e+01
3.484614562988281250e+01
3.501446151733398438e+01
3.553788375854492188e+01
3.522875595092773438e+01
3.458099365234375000e+01
3.495392608642578125e+01
3.567994308471679688e+01
3.701281738281250000e+01
3.703562927246093750e+01
3.580028152465820312e+01
3.442119979858398438e+01
3.400057983398437500e+01
3.381633758544921875e+01
3.379257583618164062e+01
3.416802215576171875e+01
3.462390518188476562e+01
3.440206146240234375e+01
3.446859359741210938e+01
3.563977813720703125e+01
3.657510375976562500e+01
3.590599441528320312e+01
3.532396316528320312e+01
3.427938842773437500e+01
3.386006546020507812e+01
3.404190063476562500e+01
3.549377822875976562e+01
3.646275329589843750e+01
3.599865341186523438e+01
3.490213775634765625e+01
3.549902725219726562e+01
3.608292770385742188e+01
3.643982696533203125e+01
3.658028793334960938e+01
3.635074996948242188e+01
3.587537002563476562e+01
3.617294692993164062e+01
3.571305465698242188e+01
3.421372985839843750e+01
3.330974197387695312e+01
3.321936798095703125e+01
3.320970535278320312e+01
3.320489501953125000e+01
3.326427459716796875e+01
3.372968292236328125e+01
3.429617691040039062e+01
3.425370025634765625e+01
3.431291961669921875e+01
3.442515945434570312e+01
3.488385009765625000e+01
3.507534408569335938e+01
3.497966766357421875e+01
3.462567901611328125e+01
3.448644638061523438e+01
3.434629821777343750e+01
3.406414413452148438e+01
3.404421234130859375e+01
3.425313949584960938e+01
3.444063568115234375e+01
3.457630538940429688e+01
3.431483459472656250e+01
3.433830261230468750e+01
3.514806747436523438e+01
3.487265014648437500e+01
3.468106842041015625e+01
3.413578033447265625e+01
3.397391128540039062e+01
3.408584213256835938e+01
3.408228302001953125e+01
