3.576863861083984375e+01
3.549221038818359375e+01
3.528361892700195312e+01
3.488317489624023438e+01
3.432698822021484375e+01
3.435132217407226562e+01
3.471057128906250000e+01
3.477459716796875000e+01
3.494685745239257812e+01
3.534674835205078125e+01
3.521566390991210938e+01
3.526150894165039062e+01
3.507594680786132812e+01
3.493667602539062500e+01
3.480168151855468750e+01
3.489751434326171875e+01
3.499322128295898438e+01
3.515998077392578125e+01
3.479278945922851562e+01
3.446727371215820312e+01
3.419805145263671875e+01
3.394918441772460938e+01
3.351607894897460938e+01
3.335554122924804688e+01
3.326526260375976562e+01
3.345570373535156250e+01
3.407592391967773438e+01
3.439919662475585938e+01
3.447617721557617188e+01
3.452130508422851562e+01
3.432586669921875000e+01
3.404929733276367188e+01
3.380265045166015625e+01
3.364910125732421875e+01
3.383837127685546875e+01
3.405085754394531250e+01
3.401605987548828125e+01
3.394647598266601562e+01
3.397232055664062500e+01
3.394305419921875000e+01
3.394754028320312500e+01
3.395998764038085938e+01
3.415452194213867188e+01
3.436339187622070312e+01
3.453561401367187500e+01
3.473099899291992188e+01
3.459997177124023438e+01
3.431510162353515625e+01
3.407637786865234375e+01
3.401716995239257812e+01
3.413799667358398438e+01
3.403752899169921875e+01
3.376267242431640625e+01
3.370083236694335938e+01
3.378310394287109375e+01
3.374030303955078125e+01
3.355111312866210938e+01
3.318208694458007812e+01
3.325645065307617188e+01
3.352409362792968750e+01
3.437731170654296875e+01
3.539606094360351562e+01
3.556694412231445312e+01
3.479944229125976562e+01
3.437397766113281250e+01
3.429948425292968750e+01
3.392686462402343750e+01
3.367431259155273438e+01
3.390273284912109375e+01
3.432044601440429688e+01
3.473663330078125000e+01
3.446886062622070312e+01
3.436515426635742188e+01
3.443769836425781250e+01
3.399055862426757812e+01
3.342448425292968750e+01
3.324620056152343750e+01
3.365253067016601562e+01
3.438962936401367188e+01
3.499502944946289062e+01
3.411201477050781250e+01
3.357155227661132812e+01
3.342517471313476562e+01
3.319584274291992188e+01
3.296192169189453125e+01
3.315936279296875000e+01
3.362739562988281250e+01
3.389239120483398438e+01
3.399252319335937500e+01
3.367622756958007812e+01
3.328669738769531250e+01
3.330834960937500000e+01
3.348341751098632812e+01
