3.005973243713378906e+01
3.019661521911621094e+01
3.021585464477539062e+01
3.042283821105957031e+01
3.005220031738281250e+01
2.994430923461914062e+01
3.036479949951171875e+01
3.069255447387695312e+01
3.081389427185058594e+01
3.051288795471191406e+01
3.034318923950195312e+01
3.042200660705566406e+01
3.026448059082031250e+01
2.993058395385742188e+01
2.951563835144042969e+01
2.922290992736816406e+01
2.924497604370117188e+01
2.912783432006835938e+01
2.889577674865722656e+01
2.872607803344726562e+01
2.853160858154296875e+01
2.832532310485839844e+01
2.831881141662597656e+01
2.859894180297851562e+01
2.893171882629394531e+01
2.916906356811523438e+01
2.940416908264160156e+01
2.955850219726562500e+01
2.945361137390136719e+01
2.929734420776367188e+01
2.923194694519042969e+01
2.932366943359375000e+01
2.950430870056152344e+01
2.945538520812988281e+01
2.927664756774902344e+01
2.918023490905761719e+01
2.889985084533691406e+01
2.859973907470703125e+01
2.854761886596679688e+01
2.882203292846679688e+01
2.880067443847656250e+01
2.857070159912109375e+01
2.843282890319824219e+01
2.840648651123046875e+01
2.851687622070312500e+01
2.884949111938476562e+01
2.901401901245117188e+01
2.927053451538085938e+01
2.948763656616210938e+01
2.972552871704101562e+01
2.975274085998535156e+01
2.975217628479003906e+01
2.978319168090820312e+01
2.974365234375000000e+01
2.949504852294921875e+01
2.935708999633789062e+01
2.913349723815917969e+01
2.899581527709960938e+01
2.885737419128417969e+01
2.869181823730468750e+01
2.868791961669921875e+01
2.890567398071289062e+01
2.905118942260742188e+01
2.900325965881347656e+01
2.902565956115722656e+01
2.913091087341308594e+01
2.928003501892089844e+01
2.933652305603027344e+01
2.917428398132324219e+01
2.903964424133300781e+01
2.878113937377929688e+01
2.849801254272460938e+01
2.859564590454101562e+01
2.823106956481933594e+01
2.783459472656250000e+01
2.777952766418457031e+01
2.776420402526855469e+01
2.765153503417968750e+01
2.768672752380371094e+01
2.790291786193847656e+01
2.825154113769531250e+01
2.825697708129882812e+01
2.832659721374511719e+01
2.791571807861328125e+01
2.766057586669921875e+01
2.763568496704101562e+01
2.775391387939453125e+01
2.791445159912109375e+01
2.799681472778320312e+01
2.798857879638671875e+01
2.778185653686523438e+01
2.753263854980468750e+01
2.759774589538574219e+01
2.790748214721679688e+01
2.823559188842773438e+01
2.885622978210449219e+01
2.950607109069824219e+01
2.971251296997070312e+01
2.950311851501464844e+01
2.903380012512207031e+01
2.846091461181640625e+01
