2.682758903503417969e+01
2.678666877746582031e+01
2.702795982360839844e+01
2.702251625061035156e+01
2.719423866271972656e+01
2.701049423217773438e+01
2.702147102355957031e+01
2.704379653930664062e+01
2.699891090393066406e+01
2.725499153137207031e+01
2.723751640319824219e+01
2.712459564208984375e+01
2.719377326965332031e+01
2.731100082397460938e+01
2.754802322387695312e+01
2.790959739685058594e+01
2.804612922668457031e+01
2.768807411193847656e+01
2.728463172912597656e+01
2.699967956542968750e+01
2.685653305053710938e+01
2.672153854370117188e+01
2.655989265441894531e+01
2.629545783996582031e+01
2.637998199462890625e+01
2.661871528625488281e+01
2.643922233581542969e+01
2.611400604248046875e+01
2.575006484985351562e+01
2.546541976928710938e+01
2.536471557617187500e+01
2.541536521911621094e+01
2.531571006774902344e+01
2.525773811340332031e+01
2.518761825561523438e+01
2.506719779968261719e+01
2.493360137939453125e+01
2.489666366577148438e+01
2.492852401733398438e+01
2.495720481872558594e+01
2.492449760437011719e+01
2.492347717285156250e+01
2.494416236877441406e+01
2.502786064147949219e+01
2.518577957153320312e+01
2.542080688476562500e+01
2.557988166809082031e+01
2.569070053100585938e+01
2.579504966735839844e+01
2.590285682678222656e+01
2.592552947998046875e+01
2.574400520324707031e+01
2.557956886291503906e+01
2.533762931823730469e+01
2.493781661987304688e+01
2.478699111938476562e+01
2.469417572021484375e+01
2.456843566894531250e+01
2.450812339782714844e+01
2.430150413513183594e+01
2.419415283203125000e+01
2.413509750366210938e+01
2.414499855041503906e+01
2.427186012268066406e+01
2.445948791503906250e+01
2.471815109252929688e+01
2.509507560729980469e+01
2.538131713867187500e+01
2.560208511352539062e+01
2.560125541687011719e+01
2.563985443115234375e+01
2.567126083374023438e+01
2.561879539489746094e+01
2.562869071960449219e+01
2.551452064514160156e+01
2.551885604858398438e+01
2.575845336914062500e+01
2.576698493957519531e+01
2.589684867858886719e+01
2.602033042907714844e+01
2.614371490478515625e+01
2.638066864013671875e+01
2.639726448059082031e+01
2.656215095520019531e+01
2.666011810302734375e+01
2.650094223022460938e+01
2.640913391113281250e+01
2.643135643005371094e+01
2.671939277648925781e+01
2.700269126892089844e+01
2.705705833435058594e+01
2.708678817749023438e+01
2.691255760192871094e+01
2.681834411621093750e+01
2.674333572387695312e+01
2.653547286987304688e+01
2.642785453796386719e+01
2.669820785522460938e+01
2.875298118591308594e+01
