3.095606803894042969e+01
2.992056083679199219e+01
3.030208015441894531e+01
3.279369735717773438e+01
3.322653198242187500e+01
3.282519149780273438e+01
2.993920326232910156e+01
3.017473030090332031e+01
3.224208450317382812e+01
3.224034500122070312e+01
3.138329887390136719e+01
3.100511741638183594e+01
3.093715667724609375e+01
3.227446365356445312e+01
3.322774887084960938e+01
3.349537277221679688e+01
3.360036849975585938e+01
3.385987091064453125e+01
3.367343139648437500e+01
3.337802886962890625e+01
3.348240280151367188e+01
3.356236648559570312e+01
3.370688629150390625e+01
3.267143630981445312e+01
3.167014884948730469e+01
3.169952583312988281e+01
3.184967231750488281e+01
3.215729522705078125e+01
3.260961151123046875e+01
3.243222808837890625e+01
3.225984954833984375e+01
3.244828414916992188e+01
3.233680343627929688e+01
3.187071990966796875e+01
3.198460006713867188e+01
3.282332992553710938e+01
3.347924804687500000e+01
3.380285263061523438e+01
3.368852615356445312e+01
3.387112045288085938e+01
3.421013641357421875e+01
3.439111709594726562e+01
3.362280654907226562e+01
3.379926681518554688e+01
3.410227584838867188e+01
3.387393951416015625e+01
3.378890228271484375e+01
3.415070724487304688e+01
3.377076339721679688e+01
3.283100891113281250e+01
3.315960693359375000e+01
3.342246246337890625e+01
3.385223388671875000e+01
3.386667633056640625e+01
3.355367660522460938e+01
3.339675521850585938e+01
3.348968124389648438e+01
3.397159576416015625e+01
3.415759277343750000e+01
3.371276855468750000e+01
3.327832794189453125e+01
3.257096862792968750e+01
3.257380676269531250e+01
3.299294662475585938e+01
3.349673461914062500e+01
3.392523193359375000e+01
3.410881042480468750e+01
3.382368087768554688e+01
3.324858093261718750e+01
3.243504333496093750e+01
3.188770866394042969e+01
3.201525878906250000e+01
3.237782287597656250e+01
3.286708068847656250e+01
3.331955337524414062e+01
3.351073455810546875e+01
3.353483200073242188e+01
3.335579681396484375e+01
3.312406921386718750e+01
3.290847778320312500e+01
3.289961624145507812e+01
3.311948776245117188e+01
3.334985733032226562e+01
3.354503631591796875e+01
3.362915802001953125e+01
3.360313034057617188e+01
3.398344039916992188e+01
3.432226562500000000e+01
3.389681243896484375e+01
3.370615386962890625e+01
3.346402359008789062e+01
3.319999694824218750e+01
3.304331588745117188e+01
3.260433959960937500e+01
3.243419647216796875e+01
3.219434356689453125e+01
3.218528366088867188e+01
3.222406768798828125e+01
3.252834320068359375e+01
3.278697204589843750e+01
3.311496353149414062e+01
3.294922256469726562e+01
3.269694137573242188e+01
3.272615814208984375e+01
3.284483718872070312e+01
3.260267639160156250e+01
