2.739680862426757812e+01
2.829611396789550781e+01
2.917729759216308594e+01
2.904551315307617188e+01
2.847432136535644531e+01
2.803723144531250000e+01
2.784367370605468750e+01
2.762362670898437500e+01
2.741704559326171875e+01
2.755254936218261719e+01
2.778884887695312500e+01
2.796503257751464844e+01
2.819933319091796875e+01
2.807420158386230469e+01
2.789791488647460938e+01
2.780113029479980469e+01
2.775125122070312500e+01
2.775312232971191406e+01
2.778255844116210938e+01
2.776837348937988281e+01
2.771043777465820312e+01
2.769166183471679688e+01
2.764536666870117188e+01
2.763601493835449219e+01
2.764958763122558594e+01
2.767934417724609375e+01
2.766757011413574219e+01
2.773344993591308594e+01
2.772854042053222656e+01
2.770058441162109375e+01
2.788792037963867188e+01
2.819095230102539062e+01
2.827751541137695312e+01
2.834766769409179688e+01
2.836205291748046875e+01
2.837521743774414062e+01
2.845326805114746094e+01
2.858016586303710938e+01
2.853732490539550781e+01
2.845806503295898438e+01
2.827692985534667969e+01
2.810597610473632812e+01
2.803154754638671875e+01
2.792889595031738281e+01
2.789440155029296875e+01
2.800282287597656250e+01
2.804640579223632812e+01
2.800739669799804688e+01
2.805642318725585938e+01
2.821220970153808594e+01
2.823241806030273438e+01
2.837799453735351562e+01
2.863590049743652344e+01
2.857515525817871094e+01
2.866456222534179688e+01
2.891310882568359375e+01
2.872020721435546875e+01
2.841504287719726562e+01
2.819104194641113281e+01
2.805185508728027344e+01
2.806096076965332031e+01
2.806855583190917969e+01
2.797021675109863281e+01
2.804566574096679688e+01
2.809724998474121094e+01
2.815147972106933594e+01
2.819623184204101562e+01
2.826180648803710938e+01
2.831947135925292969e+01
2.818846511840820312e+01
2.810519027709960938e+01
2.809764099121093750e+01
2.802358627319335938e+01
2.795738983154296875e+01
2.804225349426269531e+01
2.804209899902343750e+01
2.798480415344238281e+01
2.797236824035644531e+01
2.796871566772460938e+01
2.791092300415039062e+01
2.816444969177246094e+01
2.810725593566894531e+01
2.782258605957031250e+01
2.754297637939453125e+01
2.736181068420410156e+01
2.734217071533203125e+01
2.749577713012695312e+01
2.769157028198242188e+01
2.782365989685058594e+01
2.780874252319335938e+01
2.763932037353515625e+01
2.742248344421386719e+01
2.734118461608886719e+01
2.733197975158691406e+01
2.732596778869628906e+01
2.734718704223632812e+01
2.721563720703125000e+01
2.711612510681152344e+01
2.694946289062500000e+01
2.717470741271972656e+01
2.755022811889648438e+01
2.742129325866699219e+01
2.743286705017089844e+01
2.766024017333984375e+01
2.746494293212890625e+01
2.721871376037597656e+01
2.690084457397460938e+01
