3.558313751220703125e+01
3.684543228149414062e+01
3.707913589477539062e+01
3.693446350097656250e+01
3.669333648681640625e+01
3.670286560058593750e+01
3.676430511474609375e+01
3.678557586669921875e+01
3.696931457519531250e+01
3.715948867797851562e+01
3.701123809814453125e+01
3.695230865478515625e+01
3.689970779418945312e+01
3.707703399658203125e+01
3.708933639526367188e+01
3.686642837524414062e+01
3.653353881835937500e+01
3.614594650268554688e+01
3.613495635986328125e+01
3.640481185913085938e+01
3.637951660156250000e+01
3.588677978515625000e+01
3.571928024291992188e+01
3.592370605468750000e+01
3.604297256469726562e+01
3.611735916137695312e+01
3.598879241943359375e+01
3.598587417602539062e+01
3.661444854736328125e+01
3.685597229003906250e+01
3.658217239379882812e+01
3.607600021362304688e+01
3.564151763916015625e+01
3.565148162841796875e+01
3.504017257690429688e+01
3.431190872192382812e+01
3.465602493286132812e+01
3.530526733398437500e+01
3.563467788696289062e+01
3.549622344970703125e+01
3.542833328247070312e+01
3.506402206420898438e+01
3.408216476440429688e+01
3.401758575439453125e+01
3.423312759399414062e+01
3.427444458007812500e+01
3.411430740356445312e+01
3.421249008178710938e+01
3.405356216430664062e+01
3.399628829956054688e+01
3.390204620361328125e+01
3.400699234008789062e+01
3.431542587280273438e+01
3.556099700927734375e+01
3.584320831298828125e+01
3.591847610473632812e+01
3.589754867553710938e+01
3.585341644287109375e+01
3.556119155883789062e+01
3.525990676879882812e+01
3.550507354736328125e+01
3.581270980834960938e+01
3.584710311889648438e+01
3.580250167846679688e+01
3.568756103515625000e+01
3.511825942993164062e+01
3.483188247680664062e+01
3.419443511962890625e+01
3.431270217895507812e+01
3.445542526245117188e+01
3.437428665161132812e+01
3.425757217407226562e+01
3.428067016601562500e+01
3.528354644775390625e+01
3.466898345947265625e+01
3.365527725219726562e+01
3.293616104125976562e+01
3.253310012817382812e+01
3.254214096069335938e+01
3.284817886352539062e+01
3.317160415649414062e+01
3.342742538452148438e+01
3.372827148437500000e+01
3.337759017944335938e+01
3.324487686157226562e+01
3.308615493774414062e+01
3.312844848632812500e+01
3.340849304199218750e+01
3.381785202026367188e+01
3.422237396240234375e+01
3.441069030761718750e+01
3.513249588012695312e+01
3.454963302612304688e+01
3.391853713989257812e+01
3.379081726074218750e+01
3.370858001708984375e+01
3.341477966308593750e+01
3.304143905639648438e+01
3.301896286010742188e+01
3.459246444702148438e+01
3.595447921752929688e+01
3.497732543945312500e+01
2.972883033752441406e+01
2.764122772216796875e+01
2.715984725952148438e+01
2.676157760620117188e+01
2.685252571105957031e+01
2.763653182983398438e+01
2.870057106018066406e+01
2.893785476684570312e+01
