2.388519859313964844e+01
2.359243774414062500e+01
2.354707336425781250e+01
2.362649345397949219e+01
2.408471679687500000e+01
2.419755554199218750e+01
2.437072753906250000e+01
2.445641708374023438e+01
2.474185180664062500e+01
2.481790351867675781e+01
2.475393676757812500e+01
2.465471458435058594e+01
2.452456092834472656e+01
2.444699478149414062e+01
2.424761390686035156e+01
2.411997985839843750e+01
2.400194549560546875e+01
2.392072868347167969e+01
2.387258529663085938e+01
2.386047172546386719e+01
2.382411956787109375e+01
2.378334617614746094e+01
2.371234893798828125e+01
2.367819976806640625e+01
2.368889808654785156e+01
2.373793601989746094e+01
2.378918457031250000e+01
2.384141540527343750e+01
2.389310455322265625e+01
2.395498657226562500e+01
2.394613075256347656e+01
2.388277244567871094e+01
2.383149528503417969e+01
2.384899330139160156e+01
2.387922859191894531e+01
2.393849372863769531e+01
2.397846221923828125e+01
2.413751983642578125e+01
2.432769012451171875e+01
2.457823944091796875e+01
2.473094558715820312e+01
2.449484443664550781e+01
2.417103385925292969e+01
2.406471824645996094e+01
2.404773902893066406e+01
2.399145507812500000e+01
2.392647171020507812e+01
2.388022804260253906e+01
2.386166572570800781e+01
2.383759880065917969e+01
2.375308036804199219e+01
2.364045715332031250e+01
2.351559829711914062e+01
2.342745399475097656e+01
2.348663139343261719e+01
2.362054061889648438e+01
2.376500892639160156e+01
2.390817070007324219e+01
2.401708984375000000e+01
2.395656585693359375e+01
2.382192993164062500e+01
2.372983360290527344e+01
2.374524879455566406e+01
2.381554794311523438e+01
2.390343284606933594e+01
2.409778785705566406e+01
2.426771736145019531e+01
2.430860137939453125e+01
2.416029357910156250e+01
2.400091743469238281e+01
2.396894264221191406e+01
2.388699722290039062e+01
2.383338165283203125e+01
2.376862144470214844e+01
2.373945426940917969e+01
2.381911087036132812e+01
2.388224792480468750e+01
2.399422073364257812e+01
2.417302894592285156e+01
2.449003982543945312e+01
2.461538505554199219e+01
2.467028617858886719e+01
2.452712821960449219e+01
2.426255416870117188e+01
2.398991775512695312e+01
2.381308937072753906e+01
2.367831039428710938e+01
2.357149696350097656e+01
2.349947166442871094e+01
2.341032791137695312e+01
2.338662910461425781e+01
2.342766761779785156e+01
2.351507568359375000e+01
2.359754753112792969e+01
2.357387924194335938e+01
2.345878028869628906e+01
2.333855819702148438e+01
2.343799781799316406e+01
2.354563903808593750e+01
2.357449531555175781e+01
2.357907485961914062e+01
2.339412879943847656e+01
2.341455650329589844e+01
2.341592216491699219e+01
2.354900741577148438e+01
2.386270523071289062e+01
2.384794616699218750e+01
2.380790710449218750e+01
2.373447418212890625e+01
