2.710944175720214844e+01
2.724895858764648438e+01
2.880714607238769531e+01
3.045601654052734375e+01
3.119630622863769531e+01
3.131524848937988281e+01
3.088870429992675781e+01
3.037790679931640625e+01
2.966679573059082031e+01
2.982719612121582031e+01
3.035838127136230469e+01
3.055395507812500000e+01
3.020209121704101562e+01
3.001557731628417969e+01
2.987958908081054688e+01
2.882900428771972656e+01
2.853068161010742188e+01
2.864791870117187500e+01
3.002250480651855469e+01
3.038681411743164062e+01
2.950052452087402344e+01
2.904571151733398438e+01
2.928491020202636719e+01
3.019674873352050781e+01
2.996106719970703125e+01
2.926399993896484375e+01
2.843118095397949219e+01
2.834872627258300781e+01
2.836088752746582031e+01
2.834424591064453125e+01
2.823780822753906250e+01
2.800754928588867188e+01
2.776714324951171875e+01
2.781899833679199219e+01
2.802300262451171875e+01
2.808660507202148438e+01
2.825349807739257812e+01
2.858707809448242188e+01
2.896735572814941406e+01
2.924499130249023438e+01
2.948582267761230469e+01
2.950419616699218750e+01
2.929156303405761719e+01
2.905891990661621094e+01
2.898323631286621094e+01
2.912532806396484375e+01
2.919987869262695312e+01
2.923121261596679688e+01
2.922704505920410156e+01
2.923350524902343750e+01
2.904529380798339844e+01
2.895499610900878906e+01
2.904443168640136719e+01
2.924577713012695312e+01
2.940105628967285156e+01
2.944143676757812500e+01
2.942253875732421875e+01
2.954719924926757812e+01
2.964344024658203125e+01
2.974560356140136719e+01
2.987895202636718750e+01
2.972904777526855469e+01
2.946398735046386719e+01
2.939281272888183594e+01
2.918264770507812500e+01
2.917748260498046875e+01
2.952724647521972656e+01
2.996270561218261719e+01
2.990574264526367188e+01
2.983470726013183594e+01
2.990110015869140625e+01
3.010113143920898438e+01
3.023930168151855469e+01
3.027433967590332031e+01
3.024947547912597656e+01
3.015096664428710938e+01
3.018241310119628906e+01
3.013313865661621094e+01
3.003667640686035156e+01
2.998538017272949219e+01
2.992533874511718750e+01
2.978588867187500000e+01
2.964974594116210938e+01
2.973029136657714844e+01
2.988017845153808594e+01
2.994659805297851562e+01
3.008078002929687500e+01
3.022574615478515625e+01
3.030952644348144531e+01
3.036501693725585938e+01
3.052420425415039062e+01
3.063122940063476562e+01
3.049959754943847656e+01
3.030620765686035156e+01
3.038611602783203125e+01
2.951659584045410156e+01
2.685003662109375000e+01
2.707085037231445312e+01
2.836872673034667969e+01
3.042827033996582031e+01
3.078116035461425781e+01
