2.836184120178222656e+01
2.848609161376953125e+01
2.852692413330078125e+01
2.833157730102539062e+01
2.794340896606445312e+01
2.762529563903808594e+01
2.743283843994140625e+01
2.752460098266601562e+01
2.777759933471679688e+01
2.785292625427246094e+01
2.786233901977539062e+01
2.766026115417480469e+01
2.739271545410156250e+01
2.704773712158203125e+01
2.689514541625976562e+01
2.725802421569824219e+01
2.745198249816894531e+01
2.734220695495605469e+01
2.677780723571777344e+01
2.705042839050292969e+01
2.833661842346191406e+01
2.948559761047363281e+01
2.946198463439941406e+01
2.898571395874023438e+01
2.870543861389160156e+01
2.892486381530761719e+01
2.917079544067382812e+01
2.944027900695800781e+01
2.957238769531250000e+01
2.951822090148925781e+01
2.937075805664062500e+01
2.905655097961425781e+01
2.856677627563476562e+01
2.831763076782226562e+01
2.826237869262695312e+01
2.824368286132812500e+01
2.843622207641601562e+01
2.857395553588867188e+01
2.871739768981933594e+01
2.863315200805664062e+01
2.860095596313476562e+01
2.851398468017578125e+01
2.850514030456542969e+01
2.871889686584472656e+01
2.895830154418945312e+01
2.912506675720214844e+01
2.909849739074707031e+01
2.913463211059570312e+01
2.939490699768066406e+01
2.982204055786132812e+01
2.999105453491210938e+01
3.008589363098144531e+01
3.021336174011230469e+01
3.024801445007324219e+01
3.031298065185546875e+01
3.038288879394531250e+01
3.046808242797851562e+01
3.038920783996582031e+01
2.982318878173828125e+01
2.862069892883300781e+01
2.817704963684082031e+01
2.809675407409667969e+01
2.799967956542968750e+01
2.812753677368164062e+01
2.847554016113281250e+01
2.867319297790527344e+01
2.874594688415527344e+01
2.873427581787109375e+01
2.853160476684570312e+01
2.826292419433593750e+01
2.812830543518066406e+01
2.811268806457519531e+01
2.810472488403320312e+01
2.813778877258300781e+01
2.821889305114746094e+01
2.830121994018554688e+01
2.844342613220214844e+01
2.832896423339843750e+01
2.799106788635253906e+01
2.795386695861816406e+01
2.798669052124023438e+01
2.822562599182128906e+01
2.851540374755859375e+01
2.859947204589843750e+01
2.874670982360839844e+01
2.892762374877929688e+01
2.888641357421875000e+01
2.888906669616699219e+01
2.885370254516601562e+01
2.870270919799804688e+01
2.933702659606933594e+01
2.969387626647949219e+01
2.958685493469238281e+01
2.867690849304199219e+01
2.786436462402343750e+01
2.751057815551757812e+01
2.734492874145507812e+01
2.730850219726562500e+01
2.746160507202148438e+01
2.844894981384277344e+01
2.846505355834960938e+01
2.826659965515136719e+01
2.801667022705078125e+01
2.794170951843261719e+01
2.793879318237304688e+01
2.800324630737304688e+01
2.788591575622558594e+01
2.770600318908691406e+01
2.725098609924316406e+01
