3.390364837646484375e+01
3.359374618530273438e+01
3.349102020263671875e+01
3.315496444702148438e+01
3.345464324951171875e+01
3.364375686645507812e+01
3.333278274536132812e+01
3.319971084594726562e+01
3.301256179809570312e+01
3.286287307739257812e+01
3.301926040649414062e+01
3.267594146728515625e+01
3.257030487060546875e+01
3.290206146240234375e+01
3.354363250732421875e+01
3.312137222290039062e+01
3.200249481201171875e+01
3.156692504882812500e+01
3.156168746948242188e+01
3.158954238891601562e+01
3.169120979309082031e+01
3.183986473083496094e+01
3.181752777099609375e+01
3.189782905578613281e+01
3.229010009765625000e+01
3.244266128540039062e+01
3.199369239807128906e+01
3.194820213317871094e+01
3.199696922302246094e+01
3.204867935180664062e+01
3.203884506225585938e+01
3.177699089050292969e+01
3.153297805786132812e+01
3.180810546875000000e+01
3.188093566894531250e+01
3.181349563598632812e+01
3.193502616882324219e+01
3.232412719726562500e+01
3.265452575683593750e+01
3.252706527709960938e+01
3.247827529907226562e+01
3.239056777954101562e+01
3.233533477783203125e+01
3.227764511108398438e+01
3.241604232788085938e+01
3.233909988403320312e+01
3.217877578735351562e+01
3.212648010253906250e+01
3.222114562988281250e+01
3.186062812805175781e+01
3.152739906311035156e+01
3.189801788330078125e+01
3.208641815185546875e+01
3.220048141479492188e+01
3.261415100097656250e+01
3.235517501831054688e+01
3.203169250488281250e+01
3.203955459594726562e+01
3.196821022033691406e+01
3.195009231567382812e+01
3.189904975891113281e+01
3.198008918762207031e+01
3.195356941223144531e+01
3.190499496459960938e+01
3.190443038940429688e+01
3.206253814697265625e+01
3.200646591186523438e+01
3.226393890380859375e+01
3.253916931152343750e+01
3.259628295898437500e+01
3.244047927856445312e+01
3.231110382080078125e+01
3.236721801757812500e+01
3.248865127563476562e+01
3.223824691772460938e+01
3.227602767944335938e+01
3.235353851318359375e+01
3.242947769165039062e+01
3.266887664794921875e+01
3.293464660644531250e+01
3.277477645874023438e+01
3.266743469238281250e+01
3.245387649536132812e+01
3.239262008666992188e+01
3.251023864746093750e+01
3.248662567138671875e+01
3.240306472778320312e+01
3.240151214599609375e+01
3.263696670532226562e+01
3.295564270019531250e+01
3.359357070922851562e+01
3.359413146972656250e+01
3.363109207153320312e+01
3.337865447998046875e+01
3.331210327148437500e+01
3.288756942749023438e+01
3.275270843505859375e+01
3.281082916259765625e+01
3.284550857543945312e+01
3.276404953002929688e+01
3.281373977661132812e+01
3.278897476196289062e+01
3.285832977294921875e+01
3.318691635131835938e+01
3.317629241943359375e+01
3.293048095703125000e+01
3.234686660766601562e+01
