3.737417221069335938e+01
3.743063735961914062e+01
3.739796447753906250e+01
3.730838012695312500e+01
3.709281921386718750e+01
3.715110778808593750e+01
3.725684738159179688e+01
3.729048919677734375e+01
3.748005676269531250e+01
3.770662689208984375e+01
3.797516632080078125e+01
3.802929306030273438e+01
3.824454879760742188e+01
3.847646713256835938e+01
3.824032974243164062e+01
3.790316009521484375e+01
3.777249908447265625e+01
3.770410156250000000e+01
3.759769058227539062e+01
3.760716247558593750e+01
3.760490417480468750e+01
3.759036254882812500e+01
3.771101379394531250e+01
3.774827575683593750e+01
3.793011093139648438e+01
3.805039215087890625e+01
3.799405288696289062e+01
3.791643524169921875e+01
3.782563400268554688e+01
3.760642242431640625e+01
3.737234115600585938e+01
3.721345138549804688e+01
3.736227798461914062e+01
3.769098663330078125e+01
3.794873046875000000e+01
3.804186630249023438e+01
3.796436309814453125e+01
3.801476669311523438e+01
3.773117446899414062e+01
3.758215713500976562e+01
3.776977539062500000e+01
3.780482101440429688e+01
3.774049758911132812e+01
3.758995819091796875e+01
3.747895812988281250e+01
3.753868103027343750e+01
3.748120117187500000e+01
3.737124633789062500e+01
3.730246734619140625e+01
3.738951110839843750e+01
3.749381256103515625e+01
3.756859588623046875e+01
3.755386734008789062e+01
3.750071716308593750e+01
3.736757278442382812e+01
3.716916656494140625e+01
3.704517745971679688e+01
3.697292327880859375e+01
3.707033920288085938e+01
3.730501937866210938e+01
3.724753570556640625e+01
3.739343643188476562e+01
3.746807098388671875e+01
3.743914413452148438e+01
3.741719818115234375e+01
3.741197204589843750e+01
3.718695831298828125e+01
3.715439987182617188e+01
3.743502807617187500e+01
3.756077957153320312e+01
3.742032623291015625e+01
3.752420425415039062e+01
3.767520141601562500e+01
3.806090164184570312e+01
3.831885528564453125e+01
3.838687133789062500e+01
3.829065322875976562e+01
3.797381591796875000e+01
3.785418319702148438e+01
3.788138580322265625e+01
3.797308349609375000e+01
3.805568313598632812e+01
3.808937454223632812e+01
3.797275924682617188e+01
3.778857803344726562e+01
3.794587326049804688e+01
3.800770187377929688e+01
3.801309967041015625e+01
3.821334075927734375e+01
3.841782760620117188e+01
3.809819030761718750e+01
3.794018173217773438e+01
3.771056365966796875e+01
3.762782669067382812e+01
3.726969146728515625e+01
3.570310592651367188e+01
3.530568313598632812e+01
3.495688247680664062e+01
3.467512893676757812e+01
