2.479000473022460938e+01
2.483384323120117188e+01
2.484531211853027344e+01
2.478294563293457031e+01
2.463798904418945312e+01
2.447871208190917969e+01
2.431934547424316406e+01
2.420319557189941406e+01
2.433847808837890625e+01
2.421540260314941406e+01
2.421731567382812500e+01
2.412222099304199219e+01
2.409745979309082031e+01
2.408262443542480469e+01
2.412853622436523438e+01
2.419299507141113281e+01
2.426246452331542969e+01
2.447201156616210938e+01
2.458110618591308594e+01
2.472401809692382812e+01
2.452285766601562500e+01
2.449010467529296875e+01
2.437445449829101562e+01
2.432178115844726562e+01
2.429652976989746094e+01
2.433752250671386719e+01
2.451634979248046875e+01
2.463784217834472656e+01
2.486697769165039062e+01
2.472735977172851562e+01
2.468037605285644531e+01
2.464807701110839844e+01
2.463080406188964844e+01
2.453794288635253906e+01
2.452719688415527344e+01
2.461849021911621094e+01
2.465149688720703125e+01
2.474090766906738281e+01
2.476477241516113281e+01
2.481927108764648438e+01
2.477711868286132812e+01
2.471891975402832031e+01
2.474498558044433594e+01
2.471613311767578125e+01
2.473962020874023438e+01
2.481234359741210938e+01
2.504650497436523438e+01
2.522742843627929688e+01
2.517510032653808594e+01
2.493691635131835938e+01
2.480686759948730469e+01
2.473547935485839844e+01
2.472702407836914062e+01
2.478343772888183594e+01
2.474751853942871094e+01
2.474079513549804688e+01
2.462450599670410156e+01
2.459780693054199219e+01
2.471107101440429688e+01
2.475437355041503906e+01
2.480263710021972656e+01
2.481368255615234375e+01
2.473493766784667969e+01
2.462027549743652344e+01
2.465227699279785156e+01
2.477197837829589844e+01
2.490946769714355469e+01
2.477540779113769531e+01
2.477249908447265625e+01
2.485454750061035156e+01
2.486952590942382812e+01
2.494042968750000000e+01
2.511838340759277344e+01
2.536170578002929688e+01
2.558272743225097656e+01
2.584560775756835938e+01
2.608945274353027344e+01
2.621478271484375000e+01
2.619992828369140625e+01
2.617807960510253906e+01
2.630975341796875000e+01
2.616192245483398438e+01
2.602942466735839844e+01
2.589907836914062500e+01
2.585839843750000000e+01
2.582186317443847656e+01
2.578050041198730469e+01
2.563196372985839844e+01
2.543751907348632812e+01
2.526701545715332031e+01
2.518572807312011719e+01
2.495851325988769531e+01
2.496625328063964844e+01
2.493688392639160156e+01
2.489423942565917969e+01
2.484579467773437500e+01
2.490422058105468750e+01
2.500205421447753906e+01
2.515903854370117188e+01
2.516809654235839844e+01
2.512865829467773438e+01
2.474898719787597656e+01
2.465073013305664062e+01
2.454054832458496094e+01
2.470209312438964844e+01
2.487416839599609375e+01
2.479649353027343750e+01
