3.768636322021484375e+01
3.704897308349609375e+01
3.699135589599609375e+01
3.731834793090820312e+01
3.769234085083007812e+01
3.777623748779296875e+01
3.761344528198242188e+01
3.774647140502929688e+01
3.776772308349609375e+01
3.743004608154296875e+01
3.688686752319335938e+01
3.686116790771484375e+01
3.693878173828125000e+01
3.719161605834960938e+01
3.731232070922851562e+01
3.720389556884765625e+01
3.704884719848632812e+01
3.681808853149414062e+01
3.683764648437500000e+01
3.701996994018554688e+01
3.672296524047851562e+01
3.592868041992187500e+01
3.599483871459960938e+01
3.626650238037109375e+01
3.660678482055664062e+01
3.694768905639648438e+01
3.714014053344726562e+01
3.705005264282226562e+01
3.696924591064453125e+01
3.682570266723632812e+01
3.679771041870117188e+01
3.674699020385742188e+01
3.654010009765625000e+01
3.575689697265625000e+01
3.569384002685546875e+01
3.596369171142578125e+01
3.650397872924804688e+01
3.661224746704101562e+01
3.641795730590820312e+01
3.593548583984375000e+01
3.526098632812500000e+01
3.500360488891601562e+01
3.495129394531250000e+01
3.506307983398437500e+01
3.647374725341796875e+01
3.722805023193359375e+01
3.749104309082031250e+01
3.735299682617187500e+01
3.721808624267578125e+01
3.698065567016601562e+01
3.658141326904296875e+01
3.637427520751953125e+01
3.670940399169921875e+01
3.687165069580078125e+01
3.626358795166015625e+01
3.626671600341796875e+01
3.725611877441406250e+01
3.749806976318359375e+01
3.736997985839843750e+01
3.717875671386718750e+01
3.682308578491210938e+01
3.665591430664062500e+01
3.681811904907226562e+01
3.691738510131835938e+01
3.692554855346679688e+01
3.679491806030273438e+01
3.671781921386718750e+01
3.662502288818359375e+01
3.592257308959960938e+01
3.564118576049804688e+01
3.545020294189453125e+01
3.537364196777343750e+01
3.551840209960937500e+01
3.561103057861328125e+01
3.574064636230468750e+01
3.580452728271484375e+01
3.620052719116210938e+01
3.595589065551757812e+01
3.579688262939453125e+01
3.581425857543945312e+01
3.602732467651367188e+01
3.617931365966796875e+01
3.631407546997070312e+01
3.678817749023437500e+01
3.753080368041992188e+01
3.725798416137695312e+01
3.691699981689453125e+01
3.680761337280273438e+01
3.692084884643554688e+01
3.702007675170898438e+01
3.719988632202148438e+01
3.732460403442382812e+01
3.745856475830078125e+01
3.744678497314453125e+01
3.748786926269531250e+01
3.758591461181640625e+01
3.778519058227539062e+01
3.798065567016601562e+01
3.804925918579101562e+01
3.785074234008789062e+01
3.809712982177734375e+01
3.832075881958007812e+01
3.839381790161132812e+01
3.808684158325195312e+01
3.692888641357421875e+01
