2.737586212158203125e+01
2.763455390930175781e+01
2.779111289978027344e+01
2.756953239440917969e+01
2.701623535156250000e+01
2.672972679138183594e+01
2.698651504516601562e+01
2.742327117919921875e+01
2.746236801147460938e+01
2.716248893737792969e+01
2.702935028076171875e+01
2.668074035644531250e+01
2.658062744140625000e+01
2.638086128234863281e+01
2.648895454406738281e+01
2.688900947570800781e+01
2.750164604187011719e+01
2.733614730834960938e+01
2.696458435058593750e+01
2.701408576965332031e+01
2.650255203247070312e+01
2.681246566772460938e+01
2.714477539062500000e+01
2.742231178283691406e+01
2.751761436462402344e+01
2.740151214599609375e+01
2.733751487731933594e+01
2.712775230407714844e+01
2.713809585571289062e+01
2.718106269836425781e+01
2.719533157348632812e+01
2.724113655090332031e+01
2.737818717956542969e+01
2.753226470947265625e+01
2.761858367919921875e+01
2.784363937377929688e+01
2.745435142517089844e+01
2.720459747314453125e+01
2.722543525695800781e+01
2.730791282653808594e+01
2.717589950561523438e+01
2.691485786437988281e+01
2.680133819580078125e+01
2.667124176025390625e+01
2.661746978759765625e+01
2.680268096923828125e+01
2.690716171264648438e+01
2.702882003784179688e+01
2.730834960937500000e+01
2.753048896789550781e+01
2.764989089965820312e+01
2.776889038085937500e+01
2.760617256164550781e+01
2.732064819335937500e+01
2.713690948486328125e+01
2.712044143676757812e+01
2.717777633666992188e+01
2.737803649902343750e+01
2.762371063232421875e+01
2.740362167358398438e+01
2.702741432189941406e+01
2.686892318725585938e+01
2.678053855895996094e+01
2.669349288940429688e+01
2.662981796264648438e+01
2.677291488647460938e+01
2.687550354003906250e+01
2.695747566223144531e+01
2.700900077819824219e+01
2.709889602661132812e+01
2.723868942260742188e+01
2.724338150024414062e+01
2.715943145751953125e+01
2.719821357727050781e+01
2.723625946044921875e+01
2.729812812805175781e+01
2.728294372558593750e+01
2.731810379028320312e+01
2.724608421325683594e+01
2.717961120605468750e+01
2.722256278991699219e+01
2.736645698547363281e+01
2.741958427429199219e+01
2.729930114746093750e+01
2.672082710266113281e+01
2.630701446533203125e+01
2.639073562622070312e+01
2.647259902954101562e+01
2.657361030578613281e+01
2.671088981628417969e+01
2.679185485839843750e+01
2.694961738586425781e+01
2.701361465454101562e+01
2.677916336059570312e+01
2.640786933898925781e+01
2.654081153869628906e+01
2.660835266113281250e+01
2.669462966918945312e+01
2.698586845397949219e+01
