3.754644393920898438e+01
3.729067993164062500e+01
3.728958129882812500e+01
3.697008132934570312e+01
3.700621414184570312e+01
3.736133193969726562e+01
3.760521316528320312e+01
3.767702865600585938e+01
3.759421157836914062e+01
3.749687957763671875e+01
3.735891723632812500e+01
3.755279159545898438e+01
3.757697677612304688e+01
3.748981094360351562e+01
3.753960037231445312e+01
3.783479690551757812e+01
3.795275115966796875e+01
3.801775741577148438e+01
3.797878646850585938e+01
3.796406555175781250e+01
3.789434051513671875e+01
3.789278030395507812e+01
3.775736999511718750e+01
3.765568161010742188e+01
3.740354537963867188e+01
3.727058410644531250e+01
3.765550231933593750e+01
3.781053924560546875e+01
3.784737014770507812e+01
3.780615997314453125e+01
3.781763076782226562e+01
3.781427001953125000e+01
3.771443176269531250e+01
3.742045593261718750e+01
3.707392501831054688e+01
3.704399490356445312e+01
3.703577041625976562e+01
3.665863800048828125e+01
3.647703170776367188e+01
3.649411773681640625e+01
3.649234390258789062e+01
3.669289779663085938e+01
3.686912918090820312e+01
3.714929199218750000e+01
3.752416610717773438e+01
3.757010269165039062e+01
3.748161697387695312e+01
3.744521331787109375e+01
3.733594894409179688e+01
3.720511627197265625e+01
3.729090499877929688e+01
3.736951065063476562e+01
3.731295013427734375e+01
3.727774810791015625e+01
3.740946578979492188e+01
3.748324966430664062e+01
3.717785644531250000e+01
3.710328674316406250e+01
3.706605529785156250e+01
3.692824172973632812e+01
3.682400131225585938e+01
3.672056579589843750e+01
3.646838760375976562e+01
3.607703399658203125e+01
3.584553146362304688e+01
3.578553009033203125e+01
3.601328277587890625e+01
3.625175857543945312e+01
3.661531829833984375e+01
3.696113204956054688e+01
3.708420562744140625e+01
3.742865371704101562e+01
3.768238830566406250e+01
3.779986190795898438e+01
3.782460403442382812e+01
3.762390899658203125e+01
3.746263122558593750e+01
3.744312286376953125e+01
3.749705886840820312e+01
3.769821929931640625e+01
3.794891738891601562e+01
3.794971847534179688e+01
3.783715438842773438e+01
3.786696243286132812e+01
3.795913696289062500e+01
3.779330825805664062e+01
3.784053802490234375e+01
3.792354202270507812e+01
3.794686889648437500e+01
3.739877319335937500e+01
3.687350845336914062e+01
3.594053649902343750e+01
