3.470680618286132812e+01
3.446202087402343750e+01
3.426543426513671875e+01
3.423968887329101562e+01
3.433580398559570312e+01
3.477304840087890625e+01
3.566149520874023438e+01
3.646963882446289062e+01
3.714079284667968750e+01
3.710588455200195312e+01
3.715686035156250000e+01
3.711183166503906250e+01
3.696627044677734375e+01
3.654186248779296875e+01
3.635190582275390625e+01
3.628440093994140625e+01
3.643994140625000000e+01
3.691861724853515625e+01
3.717471313476562500e+01
3.703129577636718750e+01
3.710515975952148438e+01
3.719485473632812500e+01
3.712854003906250000e+01
3.734980773925781250e+01
3.755053710937500000e+01
3.755343627929687500e+01
3.737607574462890625e+01
3.738051605224609375e+01
3.729574584960937500e+01
3.716500854492187500e+01
3.691554260253906250e+01
3.728490066528320312e+01
3.761838912963867188e+01
3.768103408813476562e+01
3.749214172363281250e+01
3.724751281738281250e+01
3.743447494506835938e+01
3.765209960937500000e+01
3.792406845092773438e+01
3.806214904785156250e+01
3.806394577026367188e+01
3.800266647338867188e+01
3.756257629394531250e+01
3.716641235351562500e+01
3.711792373657226562e+01
3.739687347412109375e+01
3.763331985473632812e+01
3.774445724487304688e+01
3.783423614501953125e+01
3.782661437988281250e+01
3.751093673706054688e+01
3.706812667846679688e+01
3.643244552612304688e+01
3.637566375732421875e+01
3.665151214599609375e+01
3.697172927856445312e+01
3.710210800170898438e+01
3.734626007080078125e+01
3.741809463500976562e+01
3.706090927124023438e+01
3.644935989379882812e+01
3.632040786743164062e+01
3.658992767333984375e+01
3.656562805175781250e+01
3.621313476562500000e+01
3.610387039184570312e+01
3.643073272705078125e+01
3.639973449707031250e+01
3.676993560791015625e+01
3.717734527587890625e+01
3.739566421508789062e+01
3.744898223876953125e+01
3.742216110229492188e+01
3.751050567626953125e+01
3.742104721069335938e+01
3.741230773925781250e+01
3.715448760986328125e+01
3.678544235229492188e+01
3.648402023315429688e+01
3.654692459106445312e+01
3.706828308105468750e+01
3.738049316406250000e+01
3.722242355346679688e+01
3.661664962768554688e+01
3.648861694335937500e+01
3.653206253051757812e+01
3.710120010375976562e+01
3.738542556762695312e+01
3.702690505981445312e+01
3.440301513671875000e+01
3.477257537841796875e+01
3.673647308349609375e+01
3.719178390502929688e+01
3.702440643310546875e+01
3.617028427124023438e+01
3.640247344970703125e+01
3.682717895507812500e+01
3.681760406494140625e+01
3.717797470092773438e+01
3.763160324096679688e+01
3.764320373535156250e+01
3.780366134643554688e+01
3.755578231811523438e+01
3.659167861938476562e+01
3.641610336303710938e+01
3.693901062011718750e+01
3.686635589599609375e+01
