3.177050018310546875e+01
3.177389907836914062e+01
2.768885040283203125e+01
2.656305503845214844e+01
2.729989242553710938e+01
2.813372611999511719e+01
2.899982643127441406e+01
2.978844642639160156e+01
2.839456367492675781e+01
2.847657966613769531e+01
2.876018333435058594e+01
2.936166763305664062e+01
2.803220176696777344e+01
2.757356643676757812e+01
2.711777687072753906e+01
2.696963119506835938e+01
2.682888984680175781e+01
2.691802215576171875e+01
2.727770805358886719e+01
2.761797904968261719e+01
2.755020904541015625e+01
2.716481781005859375e+01
2.685301208496093750e+01
2.671834754943847656e+01
2.674109268188476562e+01
2.667685508728027344e+01
2.668123245239257812e+01
2.675695991516113281e+01
2.687549400329589844e+01
2.708780097961425781e+01
2.740209579467773438e+01
2.753832244873046875e+01
2.756027030944824219e+01
2.755454254150390625e+01
2.747423934936523438e+01
2.741971778869628906e+01
2.723571395874023438e+01
2.708787536621093750e+01
2.713122940063476562e+01
2.733046150207519531e+01
2.742998123168945312e+01
2.750658226013183594e+01
2.763138389587402344e+01
2.774419784545898438e+01
2.772319412231445312e+01
2.764185523986816406e+01
2.757182502746582031e+01
2.753745460510253906e+01
2.740799713134765625e+01
2.711546134948730469e+01
2.689184379577636719e+01
2.699005699157714844e+01
2.710506057739257812e+01
2.721363258361816406e+01
2.729625129699707031e+01
2.731375885009765625e+01
2.725621414184570312e+01
2.717927169799804688e+01
2.711509895324707031e+01
2.711983680725097656e+01
2.709502601623535156e+01
2.705346679687500000e+01
2.699348068237304688e+01
2.690524291992187500e+01
2.697899436950683594e+01
2.701435089111328125e+01
2.680459594726562500e+01
2.665567016601562500e+01
2.661016464233398438e+01
2.663544082641601562e+01
2.672375488281250000e+01
2.687196540832519531e+01
2.716879653930664062e+01
2.756263732910156250e+01
2.737492370605468750e+01
2.704773712158203125e+01
2.683583641052246094e+01
2.654710960388183594e+01
2.648933219909667969e+01
2.629112815856933594e+01
2.617281341552734375e+01
2.647191429138183594e+01
2.665555191040039062e+01
2.686096763610839844e+01
2.714801025390625000e+01
2.700282096862792969e+01
2.678155517578125000e+01
2.677531623840332031e+01
2.753767967224121094e+01
2.928324699401855469e+01
3.123291969299316406e+01
3.306070709228515625e+01
3.254491043090820312e+01
3.195233726501464844e+01
3.191146850585937500e+01
3.204959106445312500e+01
2.820481491088867188e+01
2.656447219848632812e+01
2.563054847717285156e+01
2.549145889282226562e+01
2.635502052307128906e+01
2.805917358398437500e+01
2.880143547058105469e+01
2.956696319580078125e+01
2.998046112060546875e+01
