2.932579803466796875e+01
2.925945281982421875e+01
2.898941230773925781e+01
2.918322563171386719e+01
2.913135337829589844e+01
2.866996002197265625e+01
2.823186683654785156e+01
2.840526390075683594e+01
2.827459335327148438e+01
2.980603408813476562e+01
2.982965850830078125e+01
3.099689292907714844e+01
3.191110038757324219e+01
3.186352157592773438e+01
3.144849777221679688e+01
3.166180992126464844e+01
3.193893432617187500e+01
3.183692359924316406e+01
3.170603179931640625e+01
3.162673759460449219e+01
3.177621078491210938e+01
3.200536727905273438e+01
3.213007736206054688e+01
3.217709350585937500e+01
3.183064270019531250e+01
3.157481193542480469e+01
3.150238227844238281e+01
3.162005615234375000e+01
3.192454147338867188e+01
3.228989028930664062e+01
3.254792785644531250e+01
3.257149124145507812e+01
3.248135757446289062e+01
3.217752456665039062e+01
3.204602813720703125e+01
3.203443145751953125e+01
3.212242889404296875e+01
3.183991050720214844e+01
3.210686111450195312e+01
3.214205551147460938e+01
3.228005599975585938e+01
3.234962844848632812e+01
3.238607025146484375e+01
3.239570617675781250e+01
3.253680801391601562e+01
3.264291000366210938e+01
3.260529327392578125e+01
3.254185867309570312e+01
3.250644683837890625e+01
3.250127410888671875e+01
3.232263565063476562e+01
3.237218475341796875e+01
3.240608596801757812e+01
3.263255310058593750e+01
3.263128280639648438e+01
3.245879364013671875e+01
3.276254272460937500e+01
3.278117370605468750e+01
3.279648590087890625e+01
3.283244705200195312e+01
3.276311874389648438e+01
3.256514358520507812e+01
3.256127548217773438e+01
3.254805755615234375e+01
3.269477081298828125e+01
3.260332107543945312e+01
3.246026229858398438e+01
3.257901000976562500e+01
3.275900268554687500e+01
3.248780822753906250e+01
3.221195983886718750e+01
3.225131607055664062e+01
3.247114562988281250e+01
3.272747802734375000e+01
3.255623245239257812e+01
3.214602279663085938e+01
3.188203430175781250e+01
3.180725097656250000e+01
3.217294692993164062e+01
3.218204116821289062e+01
3.213426208496093750e+01
3.221178436279296875e+01
3.218969345092773438e+01
3.220354080200195312e+01
3.220855331420898438e+01
3.250989913940429688e+01
3.265430831909179688e+01
3.264029693603515625e+01
3.249443817138671875e+01
3.266829681396484375e+01
3.283193206787109375e+01
3.272476959228515625e+01
3.258205413818359375e+01
3.253119277954101562e+01
3.236743927001953125e+01
3.222011947631835938e+01
3.219821548461914062e+01
3.227638626098632812e+01
3.210912704467773438e+01
3.214474105834960938e+01
3.227103805541992188e+01
3.231923294067382812e+01
3.244959259033203125e+01
3.241012573242187500e+01
3.235438537597656250e+01
3.224079895019531250e+01
