3.542164230346679688e+01
3.550411224365234375e+01
3.584035491943359375e+01
3.632230377197265625e+01
3.677000427246093750e+01
3.703727340698242188e+01
3.713735961914062500e+01
3.729720687866210938e+01
3.732738876342773438e+01
3.737280273437500000e+01
3.740505599975585938e+01
3.745294952392578125e+01
3.747578811645507812e+01
3.752274703979492188e+01
3.750759506225585938e+01
3.754596710205078125e+01
3.778603744506835938e+01
3.794961547851562500e+01
3.795485687255859375e+01
3.785639190673828125e+01
3.784863281250000000e+01
3.787102508544921875e+01
3.787302780151367188e+01
3.782394790649414062e+01
3.772678756713867188e+01
3.763231658935546875e+01
3.753513717651367188e+01
3.750162124633789062e+01
3.746886825561523438e+01
3.724235534667968750e+01
3.686958694458007812e+01
3.631978607177734375e+01
3.636340332031250000e+01
3.633837509155273438e+01
3.725508499145507812e+01
3.759935379028320312e+01
3.768780517578125000e+01
3.772828674316406250e+01
3.771591949462890625e+01
3.756440734863281250e+01
3.743540954589843750e+01
3.729041671752929688e+01
3.723053359985351562e+01
3.733809661865234375e+01
3.741434860229492188e+01
3.734258651733398438e+01
3.737460708618164062e+01
3.737516021728515625e+01
3.728574371337890625e+01
3.715288543701171875e+01
3.705209350585937500e+01
3.713343811035156250e+01
3.733937072753906250e+01
3.742005538940429688e+01
3.740534973144531250e+01
3.740039062500000000e+01
3.742071151733398438e+01
3.762516784667968750e+01
3.775225830078125000e+01
3.763339233398437500e+01
3.740601348876953125e+01
3.734911727905273438e+01
3.743105697631835938e+01
3.741292572021484375e+01
3.741688537597656250e+01
3.750156021118164062e+01
3.760387420654296875e+01
3.759778976440429688e+01
3.747572326660156250e+01
3.737000274658203125e+01
3.742105102539062500e+01
3.745471954345703125e+01
3.733872985839843750e+01
3.712322616577148438e+01
3.715959548950195312e+01
3.732122802734375000e+01
3.738665771484375000e+01
3.751441955566406250e+01
3.764048004150390625e+01
3.764863586425781250e+01
3.764611816406250000e+01
3.762917327880859375e+01
3.768383789062500000e+01
3.769981384277343750e+01
3.755473709106445312e+01
3.743920898437500000e+01
3.739975738525390625e+01
3.747112655639648438e+01
3.746726989746093750e+01
3.741168975830078125e+01
3.720969772338867188e+01
3.703708648681640625e+01
3.700359725952148438e+01
3.694178771972656250e+01
3.704391098022460938e+01
3.713040924072265625e+01
3.724832916259765625e+01
3.736183929443359375e+01
3.746867752075195312e+01
3.760883331298828125e+01
3.751374053955078125e+01
3.726004028320312500e+01
3.726975250244140625e+01
