2.464206695556640625e+01
2.445846939086914062e+01
2.427888488769531250e+01
2.425200653076171875e+01
2.419866180419921875e+01
2.358314704895019531e+01
2.278476524353027344e+01
2.268014907836914062e+01
2.319682693481445312e+01
2.393520545959472656e+01
2.447283363342285156e+01
2.439907073974609375e+01
2.387763977050781250e+01
2.359532356262207031e+01
2.371108627319335938e+01
2.390639495849609375e+01
2.440419387817382812e+01
2.506094741821289062e+01
2.565125465393066406e+01
2.602723121643066406e+01
2.613404273986816406e+01
2.618429946899414062e+01
2.617534446716308594e+01
2.609092712402343750e+01
2.586416816711425781e+01
2.567159461975097656e+01
2.554787254333496094e+01
2.542528533935546875e+01
2.546557044982910156e+01
2.543457221984863281e+01
2.528032875061035156e+01
2.506142234802246094e+01
2.491441535949707031e+01
2.478286933898925781e+01
2.449619102478027344e+01
2.402207565307617188e+01
2.351705932617187500e+01
2.328102302551269531e+01
2.338834190368652344e+01
2.387286758422851562e+01
2.462346076965332031e+01
2.478914451599121094e+01
2.486909866333007812e+01
2.515704727172851562e+01
2.520577049255371094e+01
2.506970787048339844e+01
2.500655746459960938e+01
2.517860794067382812e+01
2.567724800109863281e+01
2.618415832519531250e+01
2.629809570312500000e+01
2.623310470581054688e+01
2.612195587158203125e+01
2.604829597473144531e+01
2.614951515197753906e+01
2.624864387512207031e+01
2.629476165771484375e+01
2.635870742797851562e+01
2.626001358032226562e+01
2.595186424255371094e+01
2.567931556701660156e+01
2.548489189147949219e+01
2.532417869567871094e+01
2.526268005371093750e+01
2.532031059265136719e+01
2.548061943054199219e+01
2.543759536743164062e+01
2.549378967285156250e+01
2.549067115783691406e+01
2.544934654235839844e+01
2.539763832092285156e+01
2.533120346069335938e+01
2.522177124023437500e+01
2.511825561523437500e+01
2.505910301208496094e+01
2.502525138854980469e+01
2.495755958557128906e+01
2.500374412536621094e+01
2.516068649291992188e+01
2.534730720520019531e+01
2.545496749877929688e+01
2.542337989807128906e+01
2.540752983093261719e+01
2.560774612426757812e+01
2.584194755554199219e+01
2.600729179382324219e+01
2.597502326965332031e+01
2.574168395996093750e+01
2.539083671569824219e+01
2.511546325683593750e+01
2.504645729064941406e+01
2.503304481506347656e+01
2.511816215515136719e+01
2.527362060546875000e+01
2.543004989624023438e+01
2.556270217895507812e+01
2.558810424804687500e+01
2.533213615417480469e+01
2.507844352722167969e+01
2.476247978210449219e+01
2.453446388244628906e+01
2.446596908569335938e+01
2.419428825378417969e+01
2.422532653808593750e+01
2.454262351989746094e+01
