3.838385009765625000e+01
3.806141281127929688e+01
3.761319732666015625e+01
3.776270675659179688e+01
3.783892440795898438e+01
3.789072418212890625e+01
3.769527435302734375e+01
3.740090179443359375e+01
3.746808624267578125e+01
3.770203781127929688e+01
3.789206314086914062e+01
3.803622436523437500e+01
3.798911666870117188e+01
3.802367782592773438e+01
3.804197311401367188e+01
3.830008697509765625e+01
3.829133605957031250e+01
3.796720504760742188e+01
3.773564910888671875e+01
3.765007781982421875e+01
3.740225601196289062e+01
3.716822433471679688e+01
3.719901657104492188e+01
3.722112655639648438e+01
3.734909439086914062e+01
3.772032165527343750e+01
3.772640991210937500e+01
3.759237670898437500e+01
3.757089614868164062e+01
3.777827072143554688e+01
3.769614028930664062e+01
3.763737106323242188e+01
3.776135253906250000e+01
3.755153656005859375e+01
3.744620895385742188e+01
3.749366378784179688e+01
3.779151535034179688e+01
3.776444244384765625e+01
3.796479034423828125e+01
3.786405563354492188e+01
3.758697128295898438e+01
3.751340484619140625e+01
3.756708908081054688e+01
3.760702133178710938e+01
3.757256317138671875e+01
3.766723632812500000e+01
3.790657043457031250e+01
3.761835861206054688e+01
3.775325775146484375e+01
3.773462677001953125e+01
3.753362274169921875e+01
3.771079635620117188e+01
3.786702728271484375e+01
3.802491378784179688e+01
3.805583953857421875e+01
3.798993682861328125e+01
3.800648117065429688e+01
3.807105255126953125e+01
3.804050064086914062e+01
3.764006805419921875e+01
3.739159011840820312e+01
3.745426559448242188e+01
3.740061187744140625e+01
3.738968658447265625e+01
3.755218887329101562e+01
3.762866973876953125e+01
3.772061920166015625e+01
3.758851623535156250e+01
3.780600738525390625e+01
3.769559097290039062e+01
3.737443161010742188e+01
3.716503906250000000e+01
3.701166152954101562e+01
3.717189407348632812e+01
3.729555130004882812e+01
3.753166961669921875e+01
3.752989578247070312e+01
3.718093490600585938e+01
3.678509140014648438e+01
3.663680267333984375e+01
3.683656692504882812e+01
3.681337738037109375e+01
3.702737045288085938e+01
3.683112716674804688e+01
3.671826553344726562e+01
3.666775131225585938e+01
3.630460357666015625e+01
3.623528289794921875e+01
3.669771957397460938e+01
3.663704681396484375e+01
3.658817291259765625e+01
3.643841934204101562e+01
3.644921875000000000e+01
3.662485504150390625e+01
3.674908447265625000e+01
3.667232513427734375e+01
3.658871459960937500e+01
3.688276672363281250e+01
3.688006591796875000e+01
3.700444030761718750e+01
3.709350967407226562e+01
3.627321243286132812e+01
3.692819213867187500e+01
3.716015243530273438e+01
3.705978012084960938e+01
3.692775344848632812e+01
3.682790756225585938e+01
