2.864917755126953125e+01
2.859216117858886719e+01
2.884456253051757812e+01
2.883608436584472656e+01
2.846706581115722656e+01
2.816545104980468750e+01
2.859309959411621094e+01
2.890911293029785156e+01
2.888258934020996094e+01
2.870181655883789062e+01
2.859893035888671875e+01
2.857521820068359375e+01
2.865314292907714844e+01
2.867062759399414062e+01
2.876755905151367188e+01
2.878380584716796875e+01
2.886948585510253906e+01
2.870808792114257812e+01
2.860658454895019531e+01
2.865899467468261719e+01
2.877830123901367188e+01
2.884638786315917969e+01
2.873294258117675781e+01
2.850548744201660156e+01
2.814783859252929688e+01
2.787210655212402344e+01
2.787189292907714844e+01
2.789599609375000000e+01
2.788141632080078125e+01
2.785106849670410156e+01
2.786536407470703125e+01
2.796602249145507812e+01
2.809832000732421875e+01
2.819825935363769531e+01
2.824166870117187500e+01
2.819843864440917969e+01
2.808877182006835938e+01
2.788991737365722656e+01
2.765821838378906250e+01
2.739701461791992188e+01
2.722220611572265625e+01
2.715053176879882812e+01
2.719420433044433594e+01
2.740093612670898438e+01
2.756485176086425781e+01
2.767600822448730469e+01
2.773156929016113281e+01
2.778440856933593750e+01
2.787676811218261719e+01
2.802185249328613281e+01
2.818648147583007812e+01
2.819209098815917969e+01
2.808133888244628906e+01
2.794636535644531250e+01
2.788502883911132812e+01
2.785488700866699219e+01
2.781366539001464844e+01
2.773988723754882812e+01
2.772974967956542969e+01
2.783827018737792969e+01
2.800249671936035156e+01
2.819797325134277344e+01
2.823704528808593750e+01
2.810931205749511719e+01
2.801242065429687500e+01
2.797384071350097656e+01
2.817916297912597656e+01
2.825488090515136719e+01
2.838228607177734375e+01
2.841691780090332031e+01
2.837549018859863281e+01
2.839245986938476562e+01
2.841644287109375000e+01
2.838968467712402344e+01
2.836652565002441406e+01
2.820808029174804688e+01
2.801985931396484375e+01
2.793213081359863281e+01
2.800930786132812500e+01
2.810060310363769531e+01
2.819730567932128906e+01
2.833835792541503906e+01
2.845044326782226562e+01
2.828264045715332031e+01
2.811073875427246094e+01
2.806155776977539062e+01
2.798645973205566406e+01
2.781522369384765625e+01
2.770059013366699219e+01
2.776926040649414062e+01
2.777270126342773438e+01
2.766278648376464844e+01
2.764257049560546875e+01
2.758006286621093750e+01
2.753773880004882812e+01
2.754700660705566406e+01
2.754821777343750000e+01
2.757865715026855469e+01
2.767849349975585938e+01
2.789246177673339844e+01
2.783498382568359375e+01
