3.777571105957031250e+01
3.815952682495117188e+01
3.809022140502929688e+01
3.802193832397460938e+01
3.811568069458007812e+01
3.816504669189453125e+01
3.811972045898437500e+01
3.806985092163085938e+01
3.804274749755859375e+01
3.821044540405273438e+01
3.810942459106445312e+01
3.808379745483398438e+01
3.827024841308593750e+01
3.841593170166015625e+01
3.831448364257812500e+01
3.816266632080078125e+01
3.799819564819335938e+01
3.797297286987304688e+01
3.786631011962890625e+01
3.775554656982421875e+01
3.761384582519531250e+01
3.791170883178710938e+01
3.828013229370117188e+01
3.816011810302734375e+01
3.818458938598632812e+01
3.822926712036132812e+01
3.819432449340820312e+01
3.809810638427734375e+01
3.794076156616210938e+01
3.787043762207031250e+01
3.778408813476562500e+01
3.782316970825195312e+01
3.791891479492187500e+01
3.796850204467773438e+01
3.777450180053710938e+01
3.778024673461914062e+01
3.792502593994140625e+01
3.804849243164062500e+01
3.800997161865234375e+01
3.787251663208007812e+01
3.784989547729492188e+01
3.793411254882812500e+01
3.802606964111328125e+01
3.815464401245117188e+01
3.800931167602539062e+01
3.754825210571289062e+01
3.711971282958984375e+01
3.663571929931640625e+01
3.651876449584960938e+01
3.666293716430664062e+01
3.664210891723632812e+01
3.662607574462890625e+01
3.704971694946289062e+01
3.695222854614257812e+01
3.644081878662109375e+01
3.591805648803710938e+01
3.643001174926757812e+01
3.685074234008789062e+01
3.677225112915039062e+01
3.697296524047851562e+01
3.734229660034179688e+01
3.762063217163085938e+01
3.744786071777343750e+01
3.700525283813476562e+01
3.591355514526367188e+01
3.529587554931640625e+01
3.528137969970703125e+01
3.552489089965820312e+01
3.570084381103515625e+01
3.605940628051757812e+01
3.576494216918945312e+01
3.511533355712890625e+01
3.544301986694335938e+01
3.632123184204101562e+01
3.638463973999023438e+01
3.624432373046875000e+01
3.636974716186523438e+01
3.620055389404296875e+01
3.606489944458007812e+01
3.623021316528320312e+01
3.663446044921875000e+01
3.712584304809570312e+01
3.730169296264648438e+01
3.753994369506835938e+01
3.754874038696289062e+01
3.737860488891601562e+01
3.727298736572265625e+01
3.701608657836914062e+01
3.702923583984375000e+01
3.672261810302734375e+01
3.682604980468750000e+01
3.721014785766601562e+01
3.695525741577148438e+01
3.676766967773437500e+01
3.606010055541992188e+01
3.529300308227539062e+01
3.619499206542968750e+01
3.652462768554687500e+01
3.693785095214843750e+01
3.692582321166992188e+01
3.692857742309570312e+01
3.684537506103515625e+01
3.674041748046875000e+01
