2.366703033447265625e+01
2.377827453613281250e+01
2.358593940734863281e+01
2.338664627075195312e+01
2.334280776977539062e+01
2.328470802307128906e+01
2.318629264831542969e+01
2.302836799621582031e+01
2.292707633972167969e+01
2.298968887329101562e+01
2.307855606079101562e+01
2.319184303283691406e+01
2.328277397155761719e+01
2.330979728698730469e+01
2.321912193298339844e+01
2.312338447570800781e+01
2.300578498840332031e+01
2.300610351562500000e+01
2.297637557983398438e+01
2.301601600646972656e+01
2.301237487792968750e+01
2.295540428161621094e+01
2.283666229248046875e+01
2.267300605773925781e+01
2.257882499694824219e+01
2.230482101440429688e+01
2.214964675903320312e+01
2.202462005615234375e+01
2.210712242126464844e+01
2.221943855285644531e+01
2.231536865234375000e+01
2.246868133544921875e+01
2.244870948791503906e+01
2.248808097839355469e+01
2.240840911865234375e+01
2.239926338195800781e+01
2.242107200622558594e+01
2.244679641723632812e+01
2.252289772033691406e+01
2.256212425231933594e+01
2.262958335876464844e+01
2.271137046813964844e+01
2.281458473205566406e+01
2.289276695251464844e+01
2.300396347045898438e+01
2.311152839660644531e+01
2.321707916259765625e+01
2.333504676818847656e+01
2.341007423400878906e+01
2.337774848937988281e+01
2.333793830871582031e+01
2.333045578002929688e+01
2.340619277954101562e+01
2.343459510803222656e+01
2.348774909973144531e+01
2.343403625488281250e+01
2.340996742248535156e+01
2.338916206359863281e+01
2.330109024047851562e+01
2.318352890014648438e+01
2.302865409851074219e+01
2.287212753295898438e+01
2.277048301696777344e+01
2.260780525207519531e+01
2.248606109619140625e+01
2.247722625732421875e+01
2.250699996948242188e+01
2.249312973022460938e+01
2.239954757690429688e+01
2.224000358581542969e+01
2.211685371398925781e+01
2.203332519531250000e+01
2.197056388854980469e+01
2.202458381652832031e+01
2.198704719543457031e+01
2.195043945312500000e+01
2.177264595031738281e+01
2.177694702148437500e+01
2.184609794616699219e+01
2.195564460754394531e+01
2.207403373718261719e+01
2.209271621704101562e+01
2.209510803222656250e+01
2.199457359313964844e+01
2.192889976501464844e+01
2.188642311096191406e+01
2.185542106628417969e+01
2.184801292419433594e+01
2.183361625671386719e+01
2.190933036804199219e+01
2.196426582336425781e+01
2.205930709838867188e+01
2.213824081420898438e+01
2.226018524169921875e+01
2.244583129882812500e+01
2.252678108215332031e+01
2.258126449584960938e+01
2.257412338256835938e+01
2.238380813598632812e+01
2.222334671020507812e+01
2.204072761535644531e+01
2.193503761291503906e+01
2.196954727172851562e+01
2.194768142700195312e+01
2.230026245117187500e+01
2.264340019226074219e+01
2.272262954711914062e+01
