2.216431427001953125e+01
2.236206245422363281e+01
2.245967102050781250e+01
2.235472106933593750e+01
2.234211158752441406e+01
2.229823493957519531e+01
2.237244606018066406e+01
2.242538452148437500e+01
2.252302932739257812e+01
2.234640884399414062e+01
2.228116989135742188e+01
2.235191154479980469e+01
2.250617218017578125e+01
2.272110748291015625e+01
2.278645706176757812e+01
2.286763000488281250e+01
2.288583183288574219e+01
2.293231201171875000e+01
2.295318222045898438e+01
2.292518424987792969e+01
2.286080169677734375e+01
2.282152557373046875e+01
2.286430358886718750e+01
2.287239074707031250e+01
2.288943672180175781e+01
2.289827728271484375e+01
2.290759658813476562e+01
2.299879646301269531e+01
2.302865219116210938e+01
2.295824050903320312e+01
2.287071800231933594e+01
2.289842796325683594e+01
2.291146659851074219e+01
2.296702194213867188e+01
2.302778244018554688e+01
2.307383918762207031e+01
2.305494499206542969e+01
2.300450515747070312e+01
2.289458274841308594e+01
2.279258155822753906e+01
2.270295333862304688e+01
2.262248039245605469e+01
2.254246139526367188e+01
2.246565628051757812e+01
2.243820953369140625e+01
2.241506767272949219e+01
2.241318321228027344e+01
2.241394805908203125e+01
2.244696235656738281e+01
2.241415786743164062e+01
2.239173889160156250e+01
2.234118270874023438e+01
2.236329460144042969e+01
2.238267517089843750e+01
2.239694404602050781e+01
2.234516143798828125e+01
2.233655166625976562e+01
2.234967994689941406e+01
2.235612297058105469e+01
2.243157386779785156e+01
2.253932762145996094e+01
2.268313980102539062e+01
2.287535858154296875e+01
2.315090560913085938e+01
2.323750686645507812e+01
2.324008750915527344e+01
2.311100006103515625e+01
2.301338958740234375e+01
2.289337539672851562e+01
2.279519271850585938e+01
2.289172363281250000e+01
2.307520294189453125e+01
2.317924118041992188e+01
2.321927261352539062e+01
2.320177078247070312e+01
2.322859001159667969e+01
2.325040245056152344e+01
2.310268974304199219e+01
2.301354026794433594e+01
2.295074844360351562e+01
2.306461524963378906e+01
2.313900184631347656e+01
2.336322784423828125e+01
2.355135536193847656e+01
2.375577354431152344e+01
2.385697555541992188e+01
2.314398384094238281e+01
2.256925582885742188e+01
2.209346961975097656e+01
2.261203002929687500e+01
2.299712181091308594e+01
2.331607818603515625e+01
