3.513639831542968750e+01
3.489665603637695312e+01
3.395717239379882812e+01
3.351551437377929688e+01
3.330249023437500000e+01
3.350740051269531250e+01
3.346972656250000000e+01
3.347475051879882812e+01
3.361232376098632812e+01
3.360572814941406250e+01
3.340535354614257812e+01
3.299726486206054688e+01
3.283906173706054688e+01
3.285888290405273438e+01
3.311816406250000000e+01
3.322511672973632812e+01
3.349923706054687500e+01
3.331664276123046875e+01
3.298894500732421875e+01
3.314905929565429688e+01
3.320088958740234375e+01
3.338369369506835938e+01
3.341839218139648438e+01
3.348666000366210938e+01
3.374138641357421875e+01
3.371191787719726562e+01
3.371098327636718750e+01
3.378014755249023438e+01
3.368541336059570312e+01
3.355661010742187500e+01
3.348169708251953125e+01
3.334871673583984375e+01
3.320774459838867188e+01
3.310601806640625000e+01
3.316490554809570312e+01
3.316162872314453125e+01
3.328964996337890625e+01
3.329251480102539062e+01
3.313355255126953125e+01
3.296501159667968750e+01
3.319283294677734375e+01
3.352771377563476562e+01
3.370267868041992188e+01
3.373198699951171875e+01
3.364587020874023438e+01
3.343316650390625000e+01
3.325971603393554688e+01
3.341535186767578125e+01
3.370720291137695312e+01
3.387767791748046875e+01
3.367341613769531250e+01
3.340183639526367188e+01
3.338505172729492188e+01
3.333942413330078125e+01
3.326398468017578125e+01
3.316160964965820312e+01
3.300793075561523438e+01
3.299637222290039062e+01
3.297458648681640625e+01
3.290382385253906250e+01
3.275174331665039062e+01
3.269824981689453125e+01
3.287450790405273438e+01
3.300795745849609375e+01
3.296133804321289062e+01
3.272697448730468750e+01
3.272462463378906250e+01
3.286004257202148438e+01
3.296889495849609375e+01
3.326353073120117188e+01
3.333651351928710938e+01
3.348661041259765625e+01
3.362268447875976562e+01
3.372657775878906250e+01
3.373688507080078125e+01
3.361952590942382812e+01
3.330792999267578125e+01
3.313700485229492188e+01
3.332316589355468750e+01
3.373072433471679688e+01
3.394120788574218750e+01
3.391291046142578125e+01
3.388383865356445312e+01
3.381601715087890625e+01
3.372258377075195312e+01
3.373649978637695312e+01
3.368470382690429688e+01
3.365976333618164062e+01
3.355522918701171875e+01
3.345394897460937500e+01
3.346398162841796875e+01
3.369037246704101562e+01
3.392127990722656250e+01
3.439638137817382812e+01
3.440202713012695312e+01
3.363579940795898438e+01
3.297224426269531250e+01
3.232449722290039062e+01
3.187064933776855469e+01
3.164260864257812500e+01
3.107609176635742188e+01
