2.659326171875000000e+01
2.712839317321777344e+01
2.760494804382324219e+01
2.763915824890136719e+01
2.763726425170898438e+01
2.752853965759277344e+01
2.737252426147460938e+01
2.693540763854980469e+01
2.660820960998535156e+01
2.647464370727539062e+01
2.643502807617187500e+01
2.639492416381835938e+01
2.638898277282714844e+01
2.646532440185546875e+01
2.649103736877441406e+01
2.633842468261718750e+01
2.640466308593750000e+01
2.645692253112792969e+01
2.639462852478027344e+01
2.650455665588378906e+01
2.661149787902832031e+01
2.681589508056640625e+01
2.705138587951660156e+01
2.745758247375488281e+01
2.764352798461914062e+01
2.732085609436035156e+01
2.708253669738769531e+01
2.699373817443847656e+01
2.689435768127441406e+01
2.684815597534179688e+01
2.658743667602539062e+01
2.647776985168457031e+01
2.648635101318359375e+01
2.652194213867187500e+01
2.652004623413085938e+01
2.664100646972656250e+01
2.653771209716796875e+01
2.658904266357421875e+01
2.685849952697753906e+01
2.686440658569335938e+01
2.669722366333007812e+01
2.684693717956542969e+01
2.703515434265136719e+01
2.718579292297363281e+01
2.725611686706542969e+01
2.744897842407226562e+01
2.748725700378417969e+01
2.734305000305175781e+01
2.700482749938964844e+01
2.694441413879394531e+01
2.711859893798828125e+01
2.728604698181152344e+01
2.734293174743652344e+01
2.793429756164550781e+01
2.807515716552734375e+01
2.849918746948242188e+01
2.874901390075683594e+01
2.871573257446289062e+01
2.868373680114746094e+01
2.835725593566894531e+01
2.806570625305175781e+01
2.806929206848144531e+01
2.817492294311523438e+01
2.830961608886718750e+01
2.825868797302246094e+01
2.811652565002441406e+01
2.783988571166992188e+01
2.754915428161621094e+01
2.733391952514648438e+01
2.701804161071777344e+01
2.692597770690917969e+01
2.688484573364257812e+01
2.702984809875488281e+01
2.730788230895996094e+01
2.729240417480468750e+01
2.702721214294433594e+01
2.666719627380371094e+01
2.649901390075683594e+01
2.645371246337890625e+01
2.652585983276367188e+01
2.674695777893066406e+01
2.703840446472167969e+01
2.721494102478027344e+01
2.730694198608398438e+01
2.739085578918457031e+01
2.755236244201660156e+01
2.795288276672363281e+01
2.817626190185546875e+01
2.822105598449707031e+01
2.781543922424316406e+01
2.753778457641601562e+01
2.737771034240722656e+01
2.714260864257812500e+01
2.705334091186523438e+01
2.715070915222167969e+01
2.722918510437011719e+01
2.753668403625488281e+01
2.786318206787109375e+01
2.784526824951171875e+01
2.772878265380859375e+01
2.764271545410156250e+01
2.777172088623046875e+01
2.829375839233398438e+01
2.887917709350585938e+01
2.937545013427734375e+01
2.929321479797363281e+01
2.814345359802246094e+01
