3.153587722778320312e+01
3.167694091796875000e+01
3.199792098999023438e+01
3.208375167846679688e+01
3.164145660400390625e+01
3.174905967712402344e+01
3.209051132202148438e+01
3.233184051513671875e+01
3.256018447875976562e+01
3.242058944702148438e+01
3.241004562377929688e+01
3.274558639526367188e+01
3.315151596069335938e+01
3.369599151611328125e+01
3.414256286621093750e+01
3.439968109130859375e+01
3.442590713500976562e+01
3.428092575073242188e+01
3.429565811157226562e+01
3.431666564941406250e+01
3.428236007690429688e+01
3.426905441284179688e+01
3.423651123046875000e+01
3.421933364868164062e+01
3.439290618896484375e+01
3.445813369750976562e+01
3.429671478271484375e+01
3.415332031250000000e+01
3.400008010864257812e+01
3.396946716308593750e+01
3.406317901611328125e+01
3.405001831054687500e+01
3.407286453247070312e+01
3.403910064697265625e+01
3.395251846313476562e+01
3.400084686279296875e+01
3.387699508666992188e+01
3.387726974487304688e+01
3.395948028564453125e+01
3.422630691528320312e+01
3.451771545410156250e+01
3.469880676269531250e+01
3.475577545166015625e+01
3.487722015380859375e+01
3.475781250000000000e+01
3.461745452880859375e+01
3.459326171875000000e+01
3.447455215454101562e+01
3.440212249755859375e+01
3.445587539672851562e+01
3.457738876342773438e+01
3.471495819091796875e+01
3.479934310913085938e+01
3.471517944335937500e+01
3.461973571777343750e+01
3.472187042236328125e+01
3.472140884399414062e+01
3.468425369262695312e+01
3.471265792846679688e+01
3.466521835327148438e+01
3.472819519042968750e+01
3.465129852294921875e+01
3.443032836914062500e+01
3.415314865112304688e+01
3.401161193847656250e+01
3.392524337768554688e+01
3.389370346069335938e+01
3.396710586547851562e+01
3.397375869750976562e+01
3.394172668457031250e+01
3.392000579833984375e+01
3.396089935302734375e+01
3.401152038574218750e+01
3.399961090087890625e+01
3.396010971069335938e+01
3.397904968261718750e+01
3.394877624511718750e+01
3.364698028564453125e+01
3.359639358520507812e+01
3.380979537963867188e+01
3.399178314208984375e+01
3.403150939941406250e+01
3.392185211181640625e+01
3.368003082275390625e+01
3.356212997436523438e+01
3.359630584716796875e+01
3.379574584960937500e+01
3.343816375732421875e+01
3.323753738403320312e+01
3.301903533935546875e+01
3.308293533325195312e+01
3.333199691772460938e+01
3.358567428588867188e+01
3.395775604248046875e+01
3.398894500732421875e+01
3.404593276977539062e+01
3.420849609375000000e+01
3.397294235229492188e+01
3.380576324462890625e+01
3.362345504760742188e+01
3.330567550659179688e+01
3.263830566406250000e+01
3.091212654113769531e+01
3.060806846618652344e+01
3.097554016113281250e+01
3.202333068847656250e+01
