3.144721221923828125e+01
3.102476501464843750e+01
3.046430206298828125e+01
3.053268432617187500e+01
3.059529876708984375e+01
3.050242996215820312e+01
3.021883010864257812e+01
3.027217292785644531e+01
3.071456336975097656e+01
3.133417701721191406e+01
3.131137275695800781e+01
3.079569435119628906e+01
3.035918235778808594e+01
3.045855331420898438e+01
3.040090179443359375e+01
3.013321113586425781e+01
2.978486442565917969e+01
2.974596214294433594e+01
3.002540397644042969e+01
3.009510421752929688e+01
3.016309356689453125e+01
3.030868721008300781e+01
3.034197807312011719e+01
3.023004913330078125e+01
3.001803779602050781e+01
2.982377815246582031e+01
2.978811264038085938e+01
2.992645645141601562e+01
3.026054382324218750e+01
3.029353904724121094e+01
2.995917510986328125e+01
2.965027999877929688e+01
2.957266998291015625e+01
2.949624824523925781e+01
2.949406814575195312e+01
2.945009803771972656e+01
2.938224411010742188e+01
2.930255889892578125e+01
2.927714538574218750e+01
2.935072708129882812e+01
2.954881668090820312e+01
2.958886146545410156e+01
2.929557609558105469e+01
2.893073844909667969e+01
2.870851135253906250e+01
2.851200866699218750e+01
2.855409049987792969e+01
2.866592979431152344e+01
2.940036392211914062e+01
3.089664840698242188e+01
3.183345413208007812e+01
3.209691238403320312e+01
3.225494384765625000e+01
3.211506652832031250e+01
3.167452239990234375e+01
3.081443786621093750e+01
3.019701194763183594e+01
2.933770179748535156e+01
2.882751464843750000e+01
2.938965225219726562e+01
2.984166336059570312e+01
3.001252937316894531e+01
3.002392578125000000e+01
2.994277954101562500e+01
3.010996818542480469e+01
3.046990013122558594e+01
3.047423744201660156e+01
3.025535774230957031e+01
3.000050735473632812e+01
2.984906387329101562e+01
2.986498260498046875e+01
2.987741470336914062e+01
3.005553054809570312e+01
3.015252685546875000e+01
3.010633659362792969e+01
3.010205078125000000e+01
2.988977432250976562e+01
2.969903373718261719e+01
2.975797843933105469e+01
2.989513778686523438e+01
2.991043090820312500e+01
2.978603744506835938e+01
2.961090278625488281e+01
2.951090049743652344e+01
2.952729415893554688e+01
2.961626243591308594e+01
2.978896522521972656e+01
2.993227005004882812e+01
3.022466278076171875e+01
3.052803611755371094e+01
3.079861640930175781e+01
3.097217178344726562e+01
3.114499092102050781e+01
3.086342430114746094e+01
3.071204566955566406e+01
3.084394836425781250e+01
3.124067878723144531e+01
3.121508789062500000e+01
3.122438240051269531e+01
3.129778289794921875e+01
3.158168792724609375e+01
3.193129539489746094e+01
3.147165489196777344e+01
3.149372291564941406e+01
3.169797897338867188e+01
3.192430114746093750e+01
