3.142826843261718750e+01
3.154162406921386719e+01
3.177603340148925781e+01
3.206511306762695312e+01
3.238889312744140625e+01
3.246990203857421875e+01
3.280048370361328125e+01
3.305838012695312500e+01
3.283818435668945312e+01
3.271684646606445312e+01
3.261675262451171875e+01
3.282717895507812500e+01
3.291974639892578125e+01
3.277796554565429688e+01
3.266578292846679688e+01
3.248438262939453125e+01
3.245111083984375000e+01
3.254006195068359375e+01
3.279199218750000000e+01
3.270023345947265625e+01
3.235490417480468750e+01
3.237937927246093750e+01
3.264295196533203125e+01
3.286049652099609375e+01
3.300587844848632812e+01
3.296741485595703125e+01
3.307457351684570312e+01
3.312468338012695312e+01
3.311220169067382812e+01
3.313443374633789062e+01
3.323514556884765625e+01
3.321819686889648438e+01
3.331334686279296875e+01
3.327417373657226562e+01
3.314140701293945312e+01
3.305722808837890625e+01
3.300159454345703125e+01
3.304898452758789062e+01
3.304130935668945312e+01
3.302406311035156250e+01
3.298004150390625000e+01
3.295451736450195312e+01
3.307476806640625000e+01
3.308768844604492188e+01
3.297634506225585938e+01
3.283271408081054688e+01
3.268948745727539062e+01
3.257455062866210938e+01
3.251942825317382812e+01
3.242992782592773438e+01
3.233411788940429688e+01
3.220573425292968750e+01
3.214805221557617188e+01
3.215606307983398438e+01
3.214071655273437500e+01
3.215312576293945312e+01
3.219937133789062500e+01
3.220486450195312500e+01
3.212242126464843750e+01
3.207827377319335938e+01
3.201570129394531250e+01
3.190667152404785156e+01
3.180020523071289062e+01
3.174213600158691406e+01
3.167690467834472656e+01
3.153488349914550781e+01
3.164487457275390625e+01
3.166104698181152344e+01
3.159864616394042969e+01
3.158182907104492188e+01
3.183573913574218750e+01
3.229177474975585938e+01
3.259067535400390625e+01
3.287505340576171875e+01
3.300954818725585938e+01
3.276962661743164062e+01
3.257781982421875000e+01
3.242624282836914062e+01
3.255468750000000000e+01
3.289416885375976562e+01
3.282490539550781250e+01
3.273797607421875000e+01
3.263343811035156250e+01
3.260323333740234375e+01
3.285945892333984375e+01
3.251313400268554688e+01
3.226613235473632812e+01
3.229661178588867188e+01
