3.271904754638671875e+01
3.302525329589843750e+01
3.329938888549804688e+01
3.335457992553710938e+01
3.333573532104492188e+01
3.361349868774414062e+01
3.408423233032226562e+01
3.413687133789062500e+01
3.408054733276367188e+01
3.437886047363281250e+01
3.465342712402343750e+01
3.429797744750976562e+01
3.382153320312500000e+01
3.373522949218750000e+01
3.375552368164062500e+01
3.372489929199218750e+01
3.435652923583984375e+01
3.416296005249023438e+01
3.414034652709960938e+01
3.366092681884765625e+01
3.377347946166992188e+01
3.424556350708007812e+01
3.426213836669921875e+01
3.391843795776367188e+01
3.400179672241210938e+01
3.493589019775390625e+01
3.584104537963867188e+01
3.538672637939453125e+01
3.505337142944335938e+01
3.474934768676757812e+01
3.468692398071289062e+01
3.425232696533203125e+01
3.429036712646484375e+01
3.467685317993164062e+01
3.430250930786132812e+01
3.411357498168945312e+01
3.412579345703125000e+01
3.413935852050781250e+01
3.398109436035156250e+01
3.386066436767578125e+01
3.374184036254882812e+01
3.394441986083984375e+01
3.418061828613281250e+01
3.408110427856445312e+01
3.407749557495117188e+01
3.423465728759765625e+01
3.425716781616210938e+01
3.388602447509765625e+01
3.442069625854492188e+01
3.434124755859375000e+01
3.356295394897460938e+01
3.354380416870117188e+01
3.347279739379882812e+01
3.379306411743164062e+01
3.406265258789062500e+01
3.448593521118164062e+01
3.490270614624023438e+01
3.483739089965820312e+01
3.471702575683593750e+01
3.429351806640625000e+01
3.443062210083007812e+01
3.449852752685546875e+01
3.456810379028320312e+01
3.482406997680664062e+01
3.506914520263671875e+01
3.475836181640625000e+01
3.461285781860351562e+01
3.471217727661132812e+01
3.479722595214843750e+01
3.481515884399414062e+01
3.601618957519531250e+01
3.600405883789062500e+01
3.475327682495117188e+01
3.468081665039062500e+01
3.493692779541015625e+01
3.518135452270507812e+01
3.479032135009765625e+01
3.485843276977539062e+01
3.572554779052734375e+01
3.540362167358398438e+01
3.471164321899414062e+01
3.392983627319335938e+01
3.341827774047851562e+01
3.317641067504882812e+01
3.331420516967773438e+01
3.329980087280273438e+01
3.327441024780273438e+01
3.335042190551757812e+01
3.350071716308593750e+01
3.365719223022460938e+01
3.410183334350585938e+01
3.430435943603515625e+01
3.442357254028320312e+01
3.473378372192382812e+01
3.562973022460937500e+01
3.537881469726562500e+01
3.420080947875976562e+01
3.351379013061523438e+01
3.362639999389648438e+01
3.363483428955078125e+01
3.344313430786132812e+01
3.300719833374023438e+01
3.286785125732421875e+01
3.254378890991210938e+01
