3.465561294555664062e+01
3.622104644775390625e+01
3.631640243530273438e+01
3.653447723388671875e+01
3.696445846557617188e+01
3.713421630859375000e+01
3.704788208007812500e+01
3.684564590454101562e+01
3.698035430908203125e+01
3.718141937255859375e+01
3.659659576416015625e+01
3.672073364257812500e+01
3.697999572753906250e+01
3.691328430175781250e+01
3.730356979370117188e+01
3.784672546386718750e+01
3.795359039306640625e+01
3.776471710205078125e+01
3.794942092895507812e+01
3.815946197509765625e+01
3.785387420654296875e+01
3.570050048828125000e+01
3.538861465454101562e+01
3.534443664550781250e+01
3.514716720581054688e+01
3.550786590576171875e+01
3.644884490966796875e+01
3.655591964721679688e+01
3.736101913452148438e+01
3.748688888549804688e+01
3.763130569458007812e+01
3.736688232421875000e+01
3.700659561157226562e+01
3.723041534423828125e+01
3.730877304077148438e+01
3.689817428588867188e+01
3.584059143066406250e+01
3.654750442504882812e+01
3.680906677246093750e+01
3.672614288330078125e+01
3.611232757568359375e+01
3.633209228515625000e+01
3.651866912841796875e+01
3.674100875854492188e+01
3.686416625976562500e+01
3.697098541259765625e+01
3.693627929687500000e+01
3.666588973999023438e+01
3.653337478637695312e+01
3.660961151123046875e+01
3.655256271362304688e+01
3.643635559082031250e+01
3.588958740234375000e+01
3.498899459838867188e+01
3.485018157958984375e+01
3.533903884887695312e+01
3.588669586181640625e+01
3.619468688964843750e+01
3.617870330810546875e+01
3.609897232055664062e+01
3.655061340332031250e+01
3.677369689941406250e+01
3.612406158447265625e+01
3.590432739257812500e+01
3.647629165649414062e+01
3.699066543579101562e+01
3.719561386108398438e+01
3.730963134765625000e+01
3.738378143310546875e+01
3.735958099365234375e+01
3.723922729492187500e+01
3.718033218383789062e+01
3.713204574584960938e+01
3.712652587890625000e+01
3.722492980957031250e+01
3.715351104736328125e+01
3.708106613159179688e+01
3.694612503051757812e+01
3.686323165893554688e+01
3.662727737426757812e+01
3.647074127197265625e+01
3.680458831787109375e+01
3.713154983520507812e+01
3.736048126220703125e+01
3.774423599243164062e+01
3.781543731689453125e+01
3.738544845581054688e+01
3.759564208984375000e+01
3.724512863159179688e+01
3.701204681396484375e+01
3.681611251831054688e+01
3.661021423339843750e+01
3.643324661254882812e+01
3.664679718017578125e+01
3.691226959228515625e+01
3.692220306396484375e+01
3.658946990966796875e+01
3.611790084838867188e+01
