2.740126419067382812e+01
2.705317497253417969e+01
2.698019599914550781e+01
2.739516258239746094e+01
2.765964126586914062e+01
2.784882926940917969e+01
2.799736785888671875e+01
2.796658134460449219e+01
2.753942298889160156e+01
2.706896781921386719e+01
2.699796867370605469e+01
2.712530517578125000e+01
2.726449966430664062e+01
2.752451133728027344e+01
2.770594787597656250e+01
2.780605888366699219e+01
2.780207443237304688e+01
2.768746376037597656e+01
2.766606903076171875e+01
2.770471000671386719e+01
2.776005172729492188e+01
2.771431732177734375e+01
2.760227203369140625e+01
2.740562057495117188e+01
2.728860092163085938e+01
2.720174980163574219e+01
2.704793548583984375e+01
2.684397506713867188e+01
2.668444633483886719e+01
2.651926994323730469e+01
2.652421188354492188e+01
2.662306785583496094e+01
2.667386054992675781e+01
2.677050590515136719e+01
2.686302566528320312e+01
2.695376777648925781e+01
2.701474952697753906e+01
2.708392333984375000e+01
2.705332565307617188e+01
2.695885086059570312e+01
2.695450973510742188e+01
2.692093086242675781e+01
2.704292106628417969e+01
2.737095832824707031e+01
2.761417388916015625e+01
2.771628761291503906e+01
2.764604759216308594e+01
2.749243545532226562e+01
2.741154479980468750e+01
2.740060806274414062e+01
2.742594909667968750e+01
2.760239219665527344e+01
2.774256515502929688e+01
2.782221794128417969e+01
2.787229919433593750e+01
2.791746902465820312e+01
2.790732955932617188e+01
2.789804077148437500e+01
2.792840957641601562e+01
2.800653839111328125e+01
2.819838333129882812e+01
2.831151771545410156e+01
2.833888244628906250e+01
2.845922851562500000e+01
2.844025802612304688e+01
2.845926094055175781e+01
2.823916625976562500e+01
2.778601455688476562e+01
2.755101013183593750e+01
2.751995849609375000e+01
2.751124000549316406e+01
2.767302513122558594e+01
2.780904769897460938e+01
2.773110961914062500e+01
2.768837738037109375e+01
2.765915107727050781e+01
2.759520339965820312e+01
2.749201011657714844e+01
2.735676574707031250e+01
2.723438453674316406e+01
2.715778732299804688e+01
2.709757423400878906e+01
2.716201972961425781e+01
2.707034492492675781e+01
2.711561775207519531e+01
2.728895568847656250e+01
2.741445732116699219e+01
2.734276199340820312e+01
2.715892219543457031e+01
2.698406600952148438e+01
2.687834930419921875e+01
2.684339904785156250e+01
2.691250801086425781e+01
2.691766738891601562e+01
2.700923156738281250e+01
2.713957023620605469e+01
2.746774291992187500e+01
2.764600372314453125e+01
2.782342529296875000e+01
2.814335250854492188e+01
2.822904205322265625e+01
2.830156707763671875e+01
2.764363861083984375e+01
2.778662490844726562e+01
2.805123519897460938e+01
2.802225112915039062e+01
