2.947301864624023438e+01
2.986721038818359375e+01
2.978449058532714844e+01
2.960984420776367188e+01
2.963610839843750000e+01
2.996950721740722656e+01
3.019930648803710938e+01
3.026014137268066406e+01
3.002417755126953125e+01
2.956683349609375000e+01
2.931033706665039062e+01
2.918404769897460938e+01
2.922710990905761719e+01
2.916747474670410156e+01
2.913123512268066406e+01
2.914477920532226562e+01
2.911367797851562500e+01
2.896887969970703125e+01
2.872194480895996094e+01
2.854231071472167969e+01
2.851682281494140625e+01
2.871915817260742188e+01
2.890049362182617188e+01
2.901342391967773438e+01
2.898505020141601562e+01
2.888610839843750000e+01
2.875185585021972656e+01
2.870689010620117188e+01
2.869690704345703125e+01
2.865233230590820312e+01
2.852400588989257812e+01
2.849055099487304688e+01
2.853035926818847656e+01
2.878014755249023438e+01
2.905715179443359375e+01
2.903591156005859375e+01
2.910262107849121094e+01
2.909741783142089844e+01
2.914314460754394531e+01
2.906738090515136719e+01
2.894132995605468750e+01
2.889288711547851562e+01
2.890261840820312500e+01
2.882384109497070312e+01
2.879805374145507812e+01
2.874625587463378906e+01
2.862918853759765625e+01
2.868260002136230469e+01
2.843421363830566406e+01
2.845687484741210938e+01
2.852156829833984375e+01
2.826174163818359375e+01
2.827040100097656250e+01
2.853661346435546875e+01
2.845725822448730469e+01
2.822401428222656250e+01
2.812314987182617188e+01
2.811629486083984375e+01
2.838401412963867188e+01
2.866329574584960938e+01
2.873204231262207031e+01
2.883702659606933594e+01
2.897569847106933594e+01
2.893130111694335938e+01
2.880234527587890625e+01
2.867922210693359375e+01
2.860553359985351562e+01
2.858825683593750000e+01
2.858286666870117188e+01
2.869198036193847656e+01
2.880765342712402344e+01
2.905031013488769531e+01
2.927309036254882812e+01
2.923318862915039062e+01
2.915686798095703125e+01
2.914041709899902344e+01
2.934783554077148438e+01
2.935728263854980469e+01
2.916499900817871094e+01
2.904722595214843750e+01
2.918414688110351562e+01
2.925815963745117188e+01
2.918910980224609375e+01
2.917669296264648438e+01
2.876860427856445312e+01
2.822832870483398438e+01
2.806065177917480469e+01
2.830116653442382812e+01
2.864105415344238281e+01
2.893634796142578125e+01
2.903361320495605469e+01
2.911540222167968750e+01
2.931653785705566406e+01
2.957719612121582031e+01
2.994046401977539062e+01
3.011363792419433594e+01
3.026288032531738281e+01
3.012708663940429688e+01
2.948951530456542969e+01
2.910708999633789062e+01
2.900385856628417969e+01
2.876736831665039062e+01
2.874379158020019531e+01
2.863662147521972656e+01
2.824382972717285156e+01
