3.233328628540039062e+01
2.936367416381835938e+01
2.837465476989746094e+01
2.849672889709472656e+01
2.921465682983398438e+01
2.868971252441406250e+01
2.750284385681152344e+01
2.718057060241699219e+01
2.730809593200683594e+01
2.760518074035644531e+01
2.775672721862792969e+01
2.790310096740722656e+01
2.790056610107421875e+01
2.806228256225585938e+01
2.819498825073242188e+01
2.820956993103027344e+01
2.842392921447753906e+01
2.869012451171875000e+01
2.859478569030761719e+01
2.835981369018554688e+01
2.804424858093261719e+01
2.783029937744140625e+01
2.784718322753906250e+01
2.785526275634765625e+01
2.793102645874023438e+01
2.821666336059570312e+01
2.848044967651367188e+01
2.871989631652832031e+01
2.888376426696777344e+01
2.834431266784667969e+01
2.795951843261718750e+01
2.777718734741210938e+01
2.779991722106933594e+01
2.793560600280761719e+01
2.795079994201660156e+01
2.788909530639648438e+01
2.798047256469726562e+01
2.818275260925292969e+01
2.834981918334960938e+01
2.840445327758789062e+01
2.842608451843261719e+01
2.825796890258789062e+01
2.804660415649414062e+01
2.785765266418457031e+01
2.779586982727050781e+01
2.773947715759277344e+01
2.773779678344726562e+01
2.768925857543945312e+01
2.760632324218750000e+01
2.754938316345214844e+01
2.754190063476562500e+01
2.766352653503417969e+01
2.780818367004394531e+01
2.785642623901367188e+01
2.785280990600585938e+01
2.787471961975097656e+01
2.787039947509765625e+01
2.792732620239257812e+01
2.794846916198730469e+01
2.793766784667968750e+01
2.787418365478515625e+01
2.786663436889648438e+01
2.785686111450195312e+01
2.788222503662109375e+01
2.785761451721191406e+01
2.784610366821289062e+01
2.788867950439453125e+01
2.794328498840332031e+01
2.792950820922851562e+01
2.789000511169433594e+01
2.786024665832519531e+01
2.778474235534667969e+01
2.775117683410644531e+01
2.785956764221191406e+01
2.781596755981445312e+01
2.769080734252929688e+01
2.762462234497070312e+01
2.762374305725097656e+01
2.758432579040527344e+01
2.742943000793457031e+01
2.726137924194335938e+01
2.720305442810058594e+01
2.718756484985351562e+01
2.732060050964355469e+01
2.789230918884277344e+01
2.957360267639160156e+01
3.095821571350097656e+01
3.061811065673828125e+01
2.911841583251953125e+01
2.746734809875488281e+01
2.699383735656738281e+01
2.702335166931152344e+01
2.734081649780273438e+01
2.787402725219726562e+01
2.892400932312011719e+01
3.005207252502441406e+01
3.083487701416015625e+01
3.011877059936523438e+01
2.919276618957519531e+01
2.909844589233398438e+01
2.885421180725097656e+01
2.946125411987304688e+01
3.042569351196289062e+01
3.051557159423828125e+01
