3.764377593994140625e+01
3.780160522460937500e+01
3.779927825927734375e+01
3.804780960083007812e+01
3.831293487548828125e+01
3.801374053955078125e+01
3.767195892333984375e+01
3.732683944702148438e+01
3.763321304321289062e+01
3.790962219238281250e+01
3.802145385742187500e+01
3.797636795043945312e+01
3.798291778564453125e+01
3.819516754150390625e+01
3.810820007324218750e+01
3.787150955200195312e+01
3.785708236694335938e+01
3.790876007080078125e+01
3.751884460449218750e+01
3.736864852905273438e+01
3.735464859008789062e+01
3.755037307739257812e+01
3.771893692016601562e+01
3.764540481567382812e+01
3.712491989135742188e+01
3.701854705810546875e+01
3.704251480102539062e+01
3.725772094726562500e+01
3.734836578369140625e+01
3.728811264038085938e+01
3.717963790893554688e+01
3.710660171508789062e+01
3.704523849487304688e+01
3.705832672119140625e+01
3.689335250854492188e+01
3.696963882446289062e+01
3.701167297363281250e+01
3.710005950927734375e+01
3.721053695678710938e+01
3.721052932739257812e+01
3.728843307495117188e+01
3.734710311889648438e+01
3.729428100585937500e+01
3.724703598022460938e+01
3.725613784790039062e+01
3.724287033081054688e+01
3.724174118041992188e+01
3.712402725219726562e+01
3.698447418212890625e+01
3.700487899780273438e+01
3.713842773437500000e+01
3.707392120361328125e+01
3.700993728637695312e+01
3.698097610473632812e+01
3.693694305419921875e+01
3.673102188110351562e+01
3.673845672607421875e+01
3.699390411376953125e+01
3.716909027099609375e+01
3.720300292968750000e+01
3.716736221313476562e+01
3.728071975708007812e+01
3.700543975830078125e+01
3.668622589111328125e+01
3.716595458984375000e+01
3.719205093383789062e+01
3.700496292114257812e+01
3.707725143432617188e+01
3.698243331909179688e+01
3.689673995971679688e+01
3.707683563232421875e+01
3.691215896606445312e+01
3.680953216552734375e+01
3.668452072143554688e+01
3.575468826293945312e+01
3.627683258056640625e+01
3.697211074829101562e+01
3.696582794189453125e+01
3.696112442016601562e+01
3.696137237548828125e+01
3.701522064208984375e+01
3.696752548217773438e+01
3.672443389892578125e+01
3.684100723266601562e+01
3.692267990112304688e+01
3.676323699951171875e+01
3.659614944458007812e+01
3.692422485351562500e+01
3.712073898315429688e+01
3.719046401977539062e+01
3.735485839843750000e+01
3.726026535034179688e+01
3.700305938720703125e+01
3.610752487182617188e+01
3.652801513671875000e+01
3.596881484985351562e+01
3.653486251831054688e+01
3.663991546630859375e+01
3.666576004028320312e+01
3.720489883422851562e+01
