3.525224685668945312e+01
3.479386138916015625e+01
3.511219406127929688e+01
3.549031066894531250e+01
3.533710098266601562e+01
3.608487319946289062e+01
3.716893005371093750e+01
3.744032669067382812e+01
3.744962310791015625e+01
3.738771057128906250e+01
3.677959060668945312e+01
3.631943511962890625e+01
3.589751052856445312e+01
3.550166702270507812e+01
3.513523864746093750e+01
3.553872680664062500e+01
3.641349029541015625e+01
3.665729522705078125e+01
3.694621658325195312e+01
3.663661575317382812e+01
3.632444000244140625e+01
3.613360595703125000e+01
3.593169784545898438e+01
3.578889465332031250e+01
3.594878768920898438e+01
3.589913940429687500e+01
3.589451980590820312e+01
3.612351226806640625e+01
3.604521942138671875e+01
3.553577804565429688e+01
3.541672515869140625e+01
3.553670120239257812e+01
3.519487380981445312e+01
3.497704315185546875e+01
3.489501571655273438e+01
3.493336868286132812e+01
3.482990646362304688e+01
3.446303176879882812e+01
3.419696426391601562e+01
3.405890274047851562e+01
3.400069046020507812e+01
3.394368362426757812e+01
3.398458099365234375e+01
3.426635742187500000e+01
3.458191299438476562e+01
3.438766098022460938e+01
3.421808242797851562e+01
3.458238983154296875e+01
3.510358428955078125e+01
3.525605010986328125e+01
3.424497604370117188e+01
3.418201065063476562e+01
3.456715774536132812e+01
3.484993362426757812e+01
3.468239593505859375e+01
3.436259841918945312e+01
3.393920516967773438e+01
3.344707870483398438e+01
3.352626419067382812e+01
3.363779067993164062e+01
3.406641769409179688e+01
3.438270950317382812e+01
3.427204513549804688e+01
3.439198303222656250e+01
3.445140075683593750e+01
3.453816986083984375e+01
3.425323104858398438e+01
3.418880081176757812e+01
3.396194076538085938e+01
3.367488479614257812e+01
3.373950195312500000e+01
3.402127838134765625e+01
3.444020462036132812e+01
3.473005676269531250e+01
3.476790618896484375e+01
3.454193115234375000e+01
3.436857604980468750e+01
3.418674468994140625e+01
3.398099517822265625e+01
3.403414154052734375e+01
3.430224227905273438e+01
3.454587554931640625e+01
3.489377212524414062e+01
3.534363937377929688e+01
3.544219589233398438e+01
3.544271469116210938e+01
3.551961135864257812e+01
3.535653305053710938e+01
3.612195205688476562e+01
3.608830261230468750e+01
3.555905151367187500e+01
3.501124191284179688e+01
3.489232635498046875e+01
3.468996429443359375e+01
3.442998886108398438e+01
3.464033889770507812e+01
3.496993637084960938e+01
3.530680847167968750e+01
3.571816635131835938e+01
3.593045043945312500e+01
3.616431045532226562e+01
3.597073364257812500e+01
3.559418869018554688e+01
3.596186447143554688e+01
3.574026489257812500e+01
