3.849209976196289062e+01
3.848116683959960938e+01
3.818906402587890625e+01
3.765153121948242188e+01
3.754761505126953125e+01
3.723418045043945312e+01
3.668127059936523438e+01
3.678949737548828125e+01
3.750499343872070312e+01
3.760986709594726562e+01
3.742579650878906250e+01
3.736882400512695312e+01
3.721153259277343750e+01
3.720652770996093750e+01
3.701583862304687500e+01
3.695249176025390625e+01
3.683136749267578125e+01
3.711598587036132812e+01
3.726151275634765625e+01
3.701719284057617188e+01
3.712107086181640625e+01
3.718172836303710938e+01
3.727992630004882812e+01
3.696990966796875000e+01
3.708825302124023438e+01
3.739728546142578125e+01
3.745847702026367188e+01
3.732957839965820312e+01
3.739242935180664062e+01
3.748601913452148438e+01
3.742111968994140625e+01
3.748065948486328125e+01
3.757586669921875000e+01
3.770701599121093750e+01
3.777441024780273438e+01
3.784680175781250000e+01
3.795832824707031250e+01
3.802423095703125000e+01
3.813164520263671875e+01
3.801333236694335938e+01
3.791661453247070312e+01
3.779756546020507812e+01
3.759120178222656250e+01
3.752051544189453125e+01
3.747925186157226562e+01
3.744419097900390625e+01
3.720745468139648438e+01
3.728948974609375000e+01
3.767429351806640625e+01
3.768935012817382812e+01
3.737230682373046875e+01
3.720714950561523438e+01
3.715327072143554688e+01
3.720211029052734375e+01
3.748203277587890625e+01
3.745649337768554688e+01
3.716699218750000000e+01
3.654894256591796875e+01
3.697282028198242188e+01
3.724768447875976562e+01
3.734111022949218750e+01
3.728177642822265625e+01
3.717776870727539062e+01
3.718998718261718750e+01
3.740259552001953125e+01
3.741601943969726562e+01
3.741065216064453125e+01
3.751127243041992188e+01
3.751770782470703125e+01
3.770932388305664062e+01
3.787594223022460938e+01
3.764214324951171875e+01
3.673857116699218750e+01
3.513918304443359375e+01
3.495328140258789062e+01
3.578022766113281250e+01
3.678300857543945312e+01
3.693170547485351562e+01
3.681827163696289062e+01
3.696735000610351562e+01
3.698717498779296875e+01
3.672485351562500000e+01
3.553263473510742188e+01
3.563839721679687500e+01
3.676654052734375000e+01
3.721467590332031250e+01
3.704129791259765625e+01
3.710356521606445312e+01
3.726575469970703125e+01
3.735490798950195312e+01
3.719098281860351562e+01
3.698450851440429688e+01
3.690812683105468750e+01
3.684748077392578125e+01
3.660439300537109375e+01
3.628871917724609375e+01
3.616261291503906250e+01
3.624119186401367188e+01
3.644543457031250000e+01
3.658537292480468750e+01
3.680346679687500000e+01
3.696735000610351562e+01
3.748631286621093750e+01
3.720339584350585938e+01
3.703309249877929688e+01
3.701460647583007812e+01
