2.781713867187500000e+01
2.755227470397949219e+01
2.729585266113281250e+01
2.702050209045410156e+01
2.722806167602539062e+01
2.746631431579589844e+01
2.860724449157714844e+01
2.930422019958496094e+01
2.771494293212890625e+01
2.653061103820800781e+01
2.649886322021484375e+01
2.676833534240722656e+01
2.727458763122558594e+01
2.776314544677734375e+01
2.751470375061035156e+01
2.754809761047363281e+01
2.789299201965332031e+01
2.819489669799804688e+01
2.836583137512207031e+01
2.862834358215332031e+01
2.915332412719726562e+01
2.926425361633300781e+01
2.860676765441894531e+01
2.810449790954589844e+01
2.776769256591796875e+01
2.770486640930175781e+01
2.756422615051269531e+01
2.747917747497558594e+01
2.748441505432128906e+01
2.741781997680664062e+01
2.725579643249511719e+01
2.708455085754394531e+01
2.698183441162109375e+01
2.689906501770019531e+01
2.691967010498046875e+01
2.689290618896484375e+01
2.699050521850585938e+01
2.712912940979003906e+01
2.716598892211914062e+01
2.708086585998535156e+01
2.700829696655273438e+01
2.700537681579589844e+01
2.698627662658691406e+01
2.683841705322265625e+01
2.676452064514160156e+01
2.667910957336425781e+01
2.649723052978515625e+01
2.640091896057128906e+01
2.637103271484375000e+01
2.628959274291992188e+01
2.604536247253417969e+01
2.579873657226562500e+01
2.570183372497558594e+01
2.577114677429199219e+01
2.595858955383300781e+01
2.625536918640136719e+01
2.644165802001953125e+01
2.669765663146972656e+01
2.692376327514648438e+01
2.702190017700195312e+01
2.702967453002929688e+01
2.700248718261718750e+01
2.691332435607910156e+01
2.673344421386718750e+01
2.677676391601562500e+01
2.696112632751464844e+01
2.718036842346191406e+01
2.738289833068847656e+01
2.744078254699707031e+01
2.744628143310546875e+01
2.749553489685058594e+01
2.737970924377441406e+01
2.694012069702148438e+01
2.681567955017089844e+01
2.679190254211425781e+01
2.698972320556640625e+01
2.712937545776367188e+01
2.723041725158691406e+01
2.711106300354003906e+01
2.686559104919433594e+01
2.671501350402832031e+01
2.676968002319335938e+01
2.684053611755371094e+01
2.685194969177246094e+01
2.680840110778808594e+01
2.662312698364257812e+01
2.659143257141113281e+01
2.674583625793457031e+01
2.674251747131347656e+01
2.675941467285156250e+01
2.684428215026855469e+01
2.691979217529296875e+01
2.699772262573242188e+01
2.702494430541992188e+01
2.706046104431152344e+01
2.689233016967773438e+01
