2.819208335876464844e+01
2.841650390625000000e+01
2.864110183715820312e+01
2.852960968017578125e+01
2.811772537231445312e+01
2.792253303527832031e+01
2.757419395446777344e+01
2.736900520324707031e+01
2.727150726318359375e+01
2.728704833984375000e+01
2.733618545532226562e+01
2.723211860656738281e+01
2.718072700500488281e+01
2.730200004577636719e+01
2.744902038574218750e+01
2.755440330505371094e+01
2.755307006835937500e+01
2.751032638549804688e+01
2.751383972167968750e+01
2.753297805786132812e+01
2.760312271118164062e+01
2.768299102783203125e+01
2.757777214050292969e+01
2.749682807922363281e+01
2.750699615478515625e+01
2.773578834533691406e+01
2.801402282714843750e+01
2.814196586608886719e+01
2.820708656311035156e+01
2.827181625366210938e+01
2.822005081176757812e+01
2.816968727111816406e+01
2.815919685363769531e+01
2.814023017883300781e+01
2.817403411865234375e+01
2.817430114746093750e+01
2.819284629821777344e+01
2.817779541015625000e+01
2.820560455322265625e+01
2.826967430114746094e+01
2.833146667480468750e+01
2.844936370849609375e+01
2.852181816101074219e+01
2.848966407775878906e+01
2.843513870239257812e+01
2.831881141662597656e+01
2.819400405883789062e+01
2.815073013305664062e+01
2.822307014465332031e+01
2.814153671264648438e+01
2.805662345886230469e+01
2.791897964477539062e+01
2.769647598266601562e+01
2.750446701049804688e+01
2.745466995239257812e+01
2.743629074096679688e+01
2.740110588073730469e+01
2.765819358825683594e+01
2.804413032531738281e+01
2.837162208557128906e+01
2.855282211303710938e+01
2.876360321044921875e+01
2.882767295837402344e+01
2.879639816284179688e+01
2.880857276916503906e+01
2.882792854309082031e+01
2.884219360351562500e+01
2.870261383056640625e+01
2.857850265502929688e+01
2.845124435424804688e+01
2.825733947753906250e+01
2.811994361877441406e+01
2.805105590820312500e+01
2.802085113525390625e+01
2.801727867126464844e+01
2.803364372253417969e+01
2.797231483459472656e+01
2.796901321411132812e+01
2.795871734619140625e+01
2.792675781250000000e+01
2.785595893859863281e+01
2.785616111755371094e+01
2.791442871093750000e+01
2.797373771667480469e+01
2.795921707153320312e+01
2.788011360168457031e+01
2.771200942993164062e+01
2.759503936767578125e+01
2.754863739013671875e+01
2.736548233032226562e+01
2.710678100585937500e+01
2.679652214050292969e+01
2.672607040405273438e+01
2.679443740844726562e+01
2.691253280639648438e+01
2.715756988525390625e+01
2.737865257263183594e+01
2.741148948669433594e+01
2.739821243286132812e+01
2.737646675109863281e+01
2.746754837036132812e+01
2.726626777648925781e+01
2.722105026245117188e+01
2.722008514404296875e+01
2.719043159484863281e+01
