2.826547050476074219e+01
2.805084991455078125e+01
2.794785690307617188e+01
2.825694847106933594e+01
2.859328460693359375e+01
2.873088455200195312e+01
2.860022544860839844e+01
2.830362129211425781e+01
2.811027526855468750e+01
2.814500808715820312e+01
2.833609771728515625e+01
2.860534667968750000e+01
2.897719764709472656e+01
2.875151443481445312e+01
2.864353561401367188e+01
2.844051170349121094e+01
2.821104431152343750e+01
2.787556266784667969e+01
2.747812080383300781e+01
2.717405891418457031e+01
2.719408035278320312e+01
2.713997077941894531e+01
2.731461143493652344e+01
2.750939178466796875e+01
2.772136497497558594e+01
2.791076087951660156e+01
2.814491081237792969e+01
2.843225669860839844e+01
2.857420539855957031e+01
2.871133422851562500e+01
2.897040367126464844e+01
2.881000328063964844e+01
2.848613929748535156e+01
2.831874847412109375e+01
2.809877395629882812e+01
2.790917778015136719e+01
2.798908042907714844e+01
2.807587242126464844e+01
2.815637397766113281e+01
2.831203269958496094e+01
2.866620635986328125e+01
2.875800132751464844e+01
2.881383132934570312e+01
2.860549163818359375e+01
2.853223800659179688e+01
2.841586112976074219e+01
2.828746223449707031e+01
2.825067520141601562e+01
2.811521911621093750e+01
2.819877243041992188e+01
2.837616157531738281e+01
2.853526878356933594e+01
2.860713958740234375e+01
2.854218482971191406e+01
2.835585784912109375e+01
2.828068923950195312e+01
2.803121948242187500e+01
2.777609825134277344e+01
2.760320281982421875e+01
2.748171806335449219e+01
2.747805786132812500e+01
2.762071990966796875e+01
2.759134292602539062e+01
2.761688041687011719e+01
2.782734870910644531e+01
2.797373771667480469e+01
2.805042266845703125e+01
2.817185211181640625e+01
2.834645843505859375e+01
2.849888992309570312e+01
2.846488761901855469e+01
2.831192970275878906e+01
2.822929954528808594e+01
2.803089332580566406e+01
2.780029678344726562e+01
2.769398307800292969e+01
2.757756996154785156e+01
2.746816062927246094e+01
2.748718261718750000e+01
2.740727615356445312e+01
2.722479057312011719e+01
2.707970046997070312e+01
2.719300270080566406e+01
2.722855377197265625e+01
2.716361045837402344e+01
2.701978683471679688e+01
2.706776618957519531e+01
2.741737937927246094e+01
2.758840370178222656e+01
2.757585525512695312e+01
2.741411018371582031e+01
2.732570075988769531e+01
2.738653182983398438e+01
2.749194908142089844e+01
2.772126197814941406e+01
2.792667198181152344e+01
2.802479171752929688e+01
2.793661499023437500e+01
2.791654968261718750e+01
2.809220123291015625e+01
2.811820411682128906e+01
2.845745468139648438e+01
2.867624664306640625e+01
2.894290161132812500e+01
2.912659835815429688e+01
