3.770618438720703125e+01
3.756599807739257812e+01
3.746478271484375000e+01
3.747466278076171875e+01
3.712771606445312500e+01
3.690982818603515625e+01
3.693241119384765625e+01
3.732460021972656250e+01
3.761388778686523438e+01
3.804257583618164062e+01
3.811294555664062500e+01
3.792978668212890625e+01
3.792458343505859375e+01
3.825400924682617188e+01
3.853899002075195312e+01
3.847175598144531250e+01
3.796620178222656250e+01
3.680695724487304688e+01
3.658031845092773438e+01
3.689064025878906250e+01
3.718059158325195312e+01
3.686549377441406250e+01
3.666678619384765625e+01
3.712699508666992188e+01
3.754968261718750000e+01
3.737205886840820312e+01
3.718069458007812500e+01
3.717960357666015625e+01
3.747883605957031250e+01
3.791382598876953125e+01
3.800791168212890625e+01
3.758765792846679688e+01
3.712855148315429688e+01
3.705935668945312500e+01
3.716783142089843750e+01
3.734879302978515625e+01
3.723860549926757812e+01
3.720516204833984375e+01
3.751088714599609375e+01
3.730955123901367188e+01
3.702695083618164062e+01
3.728516006469726562e+01
3.659584808349609375e+01
3.635393905639648438e+01
3.593721771240234375e+01
3.553541564941406250e+01
3.592176437377929688e+01
3.625601577758789062e+01
3.591222763061523438e+01
3.551290130615234375e+01
3.547161483764648438e+01
3.533321762084960938e+01
3.609061431884765625e+01
3.667721176147460938e+01
3.693808746337890625e+01
3.728900527954101562e+01
3.732402038574218750e+01
3.713840103149414062e+01
3.662455368041992188e+01
3.657446670532226562e+01
3.646117401123046875e+01
3.605931854248046875e+01
3.615293884277343750e+01
3.634109878540039062e+01
3.680552673339843750e+01
3.640530014038085938e+01
3.584608459472656250e+01
3.558268737792968750e+01
3.550314331054687500e+01
3.533261108398437500e+01
3.523974609375000000e+01
3.535017776489257812e+01
3.537897491455078125e+01
3.580400466918945312e+01
3.607608795166015625e+01
3.616271591186523438e+01
3.622769927978515625e+01
3.638584518432617188e+01
3.638467407226562500e+01
3.668470382690429688e+01
3.680954360961914062e+01
3.682649612426757812e+01
3.696863555908203125e+01
3.682177734375000000e+01
3.671246719360351562e+01
3.681118392944335938e+01
3.711723709106445312e+01
3.704499053955078125e+01
3.699682617187500000e+01
3.681219863891601562e+01
3.675015258789062500e+01
3.708917236328125000e+01
3.711250686645507812e+01
3.737312316894531250e+01
3.751043319702148438e+01
3.755188751220703125e+01
3.746706390380859375e+01
3.726343154907226562e+01
3.744821929931640625e+01
3.732786560058593750e+01
3.691953659057617188e+01
3.664099121093750000e+01
3.653330230712890625e+01
3.695551300048828125e+01
3.727001571655273438e+01
