3.599211120605468750e+01
3.653306961059570312e+01
3.698678970336914062e+01
3.721024703979492188e+01
3.720076370239257812e+01
3.724454879760742188e+01
3.727402877807617188e+01
3.703663635253906250e+01
3.663274383544921875e+01
3.647036361694335938e+01
3.656077957153320312e+01
3.670801544189453125e+01
3.704008102416992188e+01
3.748920822143554688e+01
3.755900955200195312e+01
3.738498687744140625e+01
3.725396347045898438e+01
3.724449920654296875e+01
3.726446914672851562e+01
3.714653778076171875e+01
3.677121734619140625e+01
3.658655166625976562e+01
3.640560150146484375e+01
3.629632949829101562e+01
3.634720993041992188e+01
3.672751617431640625e+01
3.736781692504882812e+01
3.741011047363281250e+01
3.738138580322265625e+01
3.726440048217773438e+01
3.703839492797851562e+01
3.611035919189453125e+01
3.491555023193359375e+01
3.478560638427734375e+01
3.472865295410156250e+01
3.464060974121093750e+01
3.492563629150390625e+01
3.530816268920898438e+01
3.560840988159179688e+01
3.603633499145507812e+01
3.653329467773437500e+01
3.708559036254882812e+01
3.709949874877929688e+01
3.710781860351562500e+01
3.686662292480468750e+01
3.641596603393554688e+01
3.588612747192382812e+01
3.511252593994140625e+01
3.500268554687500000e+01
3.490495681762695312e+01
3.484085464477539062e+01
3.505030059814453125e+01
3.494962692260742188e+01
3.509695053100585938e+01
3.530810546875000000e+01
3.542963027954101562e+01
3.555684280395507812e+01
3.584127426147460938e+01
3.612570190429687500e+01
3.639078903198242188e+01
3.663930130004882812e+01
3.680133056640625000e+01
3.683725738525390625e+01
3.655627822875976562e+01
3.602957916259765625e+01
3.564975357055664062e+01
3.518383407592773438e+01
3.487975311279296875e+01
3.474790191650390625e+01
3.473355484008789062e+01
3.467551040649414062e+01
3.482923889160156250e+01
3.505924224853515625e+01
3.532410049438476562e+01
3.592975616455078125e+01
3.624476242065429688e+01
3.630617904663085938e+01
3.624378204345703125e+01
3.613433837890625000e+01
3.611389160156250000e+01
3.609769821166992188e+01
3.595411682128906250e+01
3.599291610717773438e+01
3.632595062255859375e+01
3.672657394409179688e+01
3.663612747192382812e+01
3.640289306640625000e+01
3.636605834960937500e+01
3.621378326416015625e+01
3.538976287841796875e+01
3.446357345581054688e+01
3.456648635864257812e+01
3.582517623901367188e+01
3.636328887939453125e+01
3.669773864746093750e+01
3.700025558471679688e+01
3.701484298706054688e+01
3.693495559692382812e+01
3.692974090576171875e+01
3.699939346313476562e+01
3.710404586791992188e+01
3.731993103027343750e+01
3.750997543334960938e+01
3.775212860107421875e+01
