2.541628837585449219e+01
2.541672515869140625e+01
2.516701698303222656e+01
2.511726951599121094e+01
2.539056587219238281e+01
2.578776168823242188e+01
2.600893974304199219e+01
2.599473190307617188e+01
2.611023521423339844e+01
2.591196632385253906e+01
2.579558563232421875e+01
2.563175010681152344e+01
2.563962745666503906e+01
2.590145111083984375e+01
2.609951400756835938e+01
2.612916564941406250e+01
2.607095909118652344e+01
2.614307594299316406e+01
2.620814323425292969e+01
2.608515167236328125e+01
2.602776908874511719e+01
2.597340393066406250e+01
2.581180763244628906e+01
2.584058380126953125e+01
2.588163948059082031e+01
2.618700599670410156e+01
2.631583595275878906e+01
2.620366477966308594e+01
2.610062217712402344e+01
2.597393608093261719e+01
2.594158172607421875e+01
2.604620742797851562e+01
2.602215194702148438e+01
2.605331993103027344e+01
2.603459358215332031e+01
2.589595603942871094e+01
2.542630004882812500e+01
2.503554344177246094e+01
2.491915512084960938e+01
2.477856063842773438e+01
2.490189361572265625e+01
2.524746704101562500e+01
2.590380859375000000e+01
2.648784637451171875e+01
2.669222259521484375e+01
2.682509040832519531e+01
2.690555000305175781e+01
2.685637664794921875e+01
2.681369590759277344e+01
2.675745391845703125e+01
2.668187713623046875e+01
2.665030097961425781e+01
2.683662986755371094e+01
2.703980827331542969e+01
2.718161964416503906e+01
2.695888519287109375e+01
2.692444610595703125e+01
2.696224212646484375e+01
2.709961509704589844e+01
2.719960021972656250e+01
2.742395019531250000e+01
2.745618820190429688e+01
2.746550369262695312e+01
2.732599449157714844e+01
2.709293746948242188e+01
2.681304740905761719e+01
2.663647651672363281e+01
2.655670356750488281e+01
2.646478080749511719e+01
2.639669990539550781e+01
2.630591964721679688e+01
2.620015525817871094e+01
2.600161552429199219e+01
2.591601371765136719e+01
2.597002220153808594e+01
2.603501319885253906e+01
2.601058006286621094e+01
2.591202735900878906e+01
2.590353012084960938e+01
2.608188247680664062e+01
2.623268318176269531e+01
2.627350044250488281e+01
2.619678878784179688e+01
2.607932281494140625e+01
2.597142219543457031e+01
2.590803146362304688e+01
2.599643898010253906e+01
2.619132804870605469e+01
2.624432182312011719e+01
2.631410598754882812e+01
2.627565574645996094e+01
2.635161781311035156e+01
2.628568077087402344e+01
2.625148773193359375e+01
2.617289543151855469e+01
2.631869506835937500e+01
2.658088874816894531e+01
2.686750602722167969e+01
2.689221954345703125e+01
2.703711891174316406e+01
2.693386268615722656e+01
2.712227439880371094e+01
2.725398254394531250e+01
2.718264007568359375e+01
2.687833786010742188e+01
2.653174591064453125e+01
2.625671005249023438e+01
