2.903554725646972656e+01
2.901466751098632812e+01
2.899253845214843750e+01
2.914032745361328125e+01
2.944029617309570312e+01
2.945603370666503906e+01
2.938215065002441406e+01
2.932114028930664062e+01
2.942256736755371094e+01
2.963976478576660156e+01
2.984281349182128906e+01
3.013290596008300781e+01
3.016974639892578125e+01
3.006183052062988281e+01
2.969203758239746094e+01
2.945929527282714844e+01
2.936575508117675781e+01
2.908317375183105469e+01
2.883088874816894531e+01
2.851350975036621094e+01
2.821992874145507812e+01
2.808309364318847656e+01
2.810444450378417969e+01
2.816128730773925781e+01
2.820391082763671875e+01
2.817997932434082031e+01
2.824709701538085938e+01
2.833224296569824219e+01
2.824753952026367188e+01
2.815986061096191406e+01
2.811860275268554688e+01
2.813477897644042969e+01
2.808900833129882812e+01
2.804394721984863281e+01
2.796194648742675781e+01
2.783790206909179688e+01
2.786335945129394531e+01
2.807147979736328125e+01
2.831557464599609375e+01
2.857239913940429688e+01
2.862538719177246094e+01
2.864568519592285156e+01
2.877408790588378906e+01
2.879804039001464844e+01
2.864614868164062500e+01
2.844858551025390625e+01
2.824089813232421875e+01
2.846577262878417969e+01
2.872878265380859375e+01
2.881351470947265625e+01
2.873701286315917969e+01
2.880464744567871094e+01
2.908201408386230469e+01
2.937146377563476562e+01
2.955268859863281250e+01
2.933361625671386719e+01
2.911991310119628906e+01
2.912438201904296875e+01
2.914636039733886719e+01
2.943184280395507812e+01
2.961934471130371094e+01
2.982834243774414062e+01
2.998932266235351562e+01
3.004706764221191406e+01
3.001842880249023438e+01
2.985863304138183594e+01
2.966496467590332031e+01
2.947398567199707031e+01
2.933707618713378906e+01
2.920806312561035156e+01
2.910686874389648438e+01
2.904931640625000000e+01
2.899247741699218750e+01
2.904798507690429688e+01
2.911789512634277344e+01
2.916569519042968750e+01
2.913154792785644531e+01
2.912129402160644531e+01
2.918788719177246094e+01
2.928124046325683594e+01
2.922054862976074219e+01
2.914621162414550781e+01
2.909010505676269531e+01
2.907575035095214844e+01
2.904934501647949219e+01
2.905901718139648438e+01
2.915190315246582031e+01
2.923486900329589844e+01
2.939766120910644531e+01
2.953410339355468750e+01
2.959416389465332031e+01
2.962802314758300781e+01
2.981369590759277344e+01
3.012048721313476562e+01
3.032887077331542969e+01
3.001642036437988281e+01
2.967583847045898438e+01
2.957410621643066406e+01
2.952464675903320312e+01
2.954442787170410156e+01
2.989338874816894531e+01
3.053150939941406250e+01
3.098247718811035156e+01
3.109873771667480469e+01
3.090785980224609375e+01
3.018419265747070312e+01
2.971497917175292969e+01
2.932940101623535156e+01
