3.263269805908203125e+01
3.305267333984375000e+01
3.325600814819335938e+01
3.328455734252929688e+01
3.311898422241210938e+01
3.257978439331054688e+01
3.227135848999023438e+01
3.205013656616210938e+01
3.196775054931640625e+01
3.231642532348632812e+01
3.252055358886718750e+01
3.253316879272460938e+01
3.284223175048828125e+01
3.290431213378906250e+01
3.239398193359375000e+01
3.218246078491210938e+01
3.252658843994140625e+01
3.268825912475585938e+01
3.306770706176757812e+01
3.322790145874023438e+01
3.322945785522460938e+01
3.333591842651367188e+01
3.346466827392578125e+01
3.356663894653320312e+01
3.368878555297851562e+01
3.375608825683593750e+01
3.364254379272460938e+01
3.344266891479492188e+01
3.330791091918945312e+01
3.343220901489257812e+01
3.366940689086914062e+01
3.364469528198242188e+01
3.328420639038085938e+01
3.281089401245117188e+01
3.245029067993164062e+01
3.243249511718750000e+01
3.237097549438476562e+01
3.195033073425292969e+01
3.148147392272949219e+01
3.153264999389648438e+01
3.193169975280761719e+01
3.202904510498046875e+01
3.236327362060546875e+01
3.285749435424804688e+01
3.265772628784179688e+01
3.230461120605468750e+01
3.222624969482421875e+01
3.229932785034179688e+01
3.253551101684570312e+01
3.291262435913085938e+01
3.320030975341796875e+01
3.318803787231445312e+01
3.325698852539062500e+01
3.324566650390625000e+01
3.311111450195312500e+01
3.284867858886718750e+01
3.297285461425781250e+01
3.300754928588867188e+01
3.299032592773437500e+01
3.295859527587890625e+01
3.292138290405273438e+01
3.257839202880859375e+01
3.234485626220703125e+01
3.228414154052734375e+01
3.232958602905273438e+01
3.287712097167968750e+01
3.338135528564453125e+01
3.351296615600585938e+01
3.338567352294921875e+01
3.328562545776367188e+01
3.325381088256835938e+01
3.342103576660156250e+01
3.364593887329101562e+01
3.369009780883789062e+01
3.369987869262695312e+01
3.384689712524414062e+01
3.401074981689453125e+01
3.401950836181640625e+01
3.403094863891601562e+01
3.379204940795898438e+01
3.356156921386718750e+01
3.326562118530273438e+01
3.331601715087890625e+01
3.336183929443359375e+01
3.338176727294921875e+01
3.347489166259765625e+01
3.330597686767578125e+01
3.346552276611328125e+01
3.354668426513671875e+01
3.365057754516601562e+01
3.374090957641601562e+01
3.372888565063476562e+01
3.375388336181640625e+01
3.366040420532226562e+01
3.361611938476562500e+01
3.355894088745117188e+01
3.342223358154296875e+01
3.341224288940429688e+01
3.326354598999023438e+01
3.289613723754882812e+01
3.258568572998046875e+01
3.235360336303710938e+01
