2.730586814880371094e+01
2.735372161865234375e+01
2.771896362304687500e+01
2.802105522155761719e+01
2.799950599670410156e+01
2.750229454040527344e+01
2.752854537963867188e+01
2.786438751220703125e+01
2.774551963806152344e+01
2.776644706726074219e+01
2.810804557800292969e+01
2.858662414550781250e+01
2.856929016113281250e+01
2.828303527832031250e+01
2.759347343444824219e+01
2.677420043945312500e+01
2.659002685546875000e+01
2.676410293579101562e+01
2.650538635253906250e+01
2.606314659118652344e+01
2.632845878601074219e+01
2.668420600891113281e+01
2.692355537414550781e+01
2.696802902221679688e+01
2.684943008422851562e+01
2.683755111694335938e+01
2.670687866210937500e+01
2.674388122558593750e+01
2.692117881774902344e+01
2.707082557678222656e+01
2.730214500427246094e+01
2.731265449523925781e+01
2.744787406921386719e+01
2.792854690551757812e+01
2.838046836853027344e+01
2.824986648559570312e+01
2.809570884704589844e+01
2.801973724365234375e+01
2.807410240173339844e+01
2.826776504516601562e+01
2.861249732971191406e+01
2.867220115661621094e+01
2.870126342773437500e+01
2.883858489990234375e+01
2.894259643554687500e+01
2.919291877746582031e+01
2.921315956115722656e+01
2.910632514953613281e+01
2.895967483520507812e+01
2.870408821105957031e+01
2.851263046264648438e+01
2.861677742004394531e+01
2.882741928100585938e+01
2.893744850158691406e+01
2.887803649902343750e+01
2.883219528198242188e+01
2.878391647338867188e+01
2.870382499694824219e+01
2.864727783203125000e+01
2.857107734680175781e+01
2.841989898681640625e+01
2.837805557250976562e+01
2.845721244812011719e+01
2.858656883239746094e+01
2.855791854858398438e+01
2.847433090209960938e+01
2.844331359863281250e+01
2.850286674499511719e+01
2.857652664184570312e+01
2.873043251037597656e+01
2.875053596496582031e+01
2.865092468261718750e+01
2.865465736389160156e+01
2.870342636108398438e+01
2.881663322448730469e+01
2.869935035705566406e+01
2.846896553039550781e+01
2.803345489501953125e+01
2.758273124694824219e+01
2.749180412292480469e+01
2.736735916137695312e+01
2.733171653747558594e+01
2.745288085937500000e+01
2.752525138854980469e+01
2.739798355102539062e+01
2.739380836486816406e+01
2.735746192932128906e+01
2.745235443115234375e+01
2.750652122497558594e+01
2.771696662902832031e+01
2.807381629943847656e+01
2.810899543762207031e+01
2.795001602172851562e+01
2.773016357421875000e+01
2.785001564025878906e+01
2.790157127380371094e+01
2.780334663391113281e+01
2.784465026855468750e+01
2.807225227355957031e+01
2.812541580200195312e+01
2.806958007812500000e+01
2.832750320434570312e+01
2.901226234436035156e+01
2.915711021423339844e+01
2.834318161010742188e+01
2.732051658630371094e+01
2.624148750305175781e+01
2.600296592712402344e+01
2.589846611022949219e+01
