2.491797828674316406e+01
2.476801490783691406e+01
2.521140098571777344e+01
2.470807838439941406e+01
2.424921035766601562e+01
2.368176460266113281e+01
2.286742019653320312e+01
2.238949775695800781e+01
2.209089088439941406e+01
2.210940361022949219e+01
2.184286689758300781e+01
2.165473937988281250e+01
2.155662155151367188e+01
2.149829673767089844e+01
2.142060661315917969e+01
2.147801589965820312e+01
2.160024070739746094e+01
2.183692741394042969e+01
2.164690971374511719e+01
2.193911552429199219e+01
2.186428451538085938e+01
2.201823806762695312e+01
2.189021301269531250e+01
2.185824775695800781e+01
2.205422019958496094e+01
2.238162040710449219e+01
2.240454864501953125e+01
2.266654205322265625e+01
2.278089904785156250e+01
2.289805793762207031e+01
2.342156791687011719e+01
2.364636039733886719e+01
2.361237525939941406e+01
2.368764686584472656e+01
2.374813270568847656e+01
2.371052742004394531e+01
2.352650451660156250e+01
2.358655548095703125e+01
2.350897789001464844e+01
2.307358741760253906e+01
2.267401313781738281e+01
2.234049797058105469e+01
2.233880043029785156e+01
2.223436927795410156e+01
2.223998260498046875e+01
2.267678833007812500e+01
2.318978309631347656e+01
2.369801139831542969e+01
2.410856437683105469e+01
2.417750358581542969e+01
2.430058288574218750e+01
2.437174224853515625e+01
2.473876380920410156e+01
2.439603042602539062e+01
2.401589965820312500e+01
2.331759643554687500e+01
2.285610198974609375e+01
2.277246665954589844e+01
2.295129966735839844e+01
2.324827003479003906e+01
2.335098648071289062e+01
2.355249214172363281e+01
2.369347190856933594e+01
2.401477432250976562e+01
2.408971595764160156e+01
2.424966430664062500e+01
2.472567558288574219e+01
2.504344558715820312e+01
2.527106666564941406e+01
2.539805221557617188e+01
2.548274230957031250e+01
2.555257034301757812e+01
2.546671867370605469e+01
2.540240097045898438e+01
2.522569656372070312e+01
2.510532951354980469e+01
2.494266891479492188e+01
2.498075485229492188e+01
2.520031547546386719e+01
2.526814651489257812e+01
2.531555938720703125e+01
2.558739662170410156e+01
2.564416122436523438e+01
2.593653106689453125e+01
2.595877838134765625e+01
2.600919914245605469e+01
2.548330879211425781e+01
2.523994445800781250e+01
2.499686241149902344e+01
2.502307128906250000e+01
2.489893341064453125e+01
2.501796722412109375e+01
2.508291435241699219e+01
2.524626731872558594e+01
2.550054359436035156e+01
2.580445480346679688e+01
2.593864440917968750e+01
2.584618186950683594e+01
2.585570335388183594e+01
