3.378015518188476562e+01
3.404869079589843750e+01
3.524128341674804688e+01
3.553715515136718750e+01
3.500716781616210938e+01
3.474937820434570312e+01
3.492147064208984375e+01
3.507513809204101562e+01
3.561052322387695312e+01
3.613167190551757812e+01
3.621011352539062500e+01
3.630831909179687500e+01
3.596834564208984375e+01
3.548315048217773438e+01
3.534565734863281250e+01
3.507532501220703125e+01
3.482729721069335938e+01
3.513024520874023438e+01
3.577416229248046875e+01
3.598885726928710938e+01
3.615353393554687500e+01
3.628851318359375000e+01
3.630123901367187500e+01
3.607032012939453125e+01
3.601663589477539062e+01
3.585438537597656250e+01
3.539824295043945312e+01
3.553406906127929688e+01
3.610181045532226562e+01
3.662915420532226562e+01
3.664008712768554688e+01
3.608230590820312500e+01
3.537474060058593750e+01
3.526422882080078125e+01
3.548412322998046875e+01
3.569299316406250000e+01
3.617991638183593750e+01
3.593989181518554688e+01
3.542583465576171875e+01
3.565577697753906250e+01
3.569317626953125000e+01
3.601440811157226562e+01
3.622483062744140625e+01
3.635503005981445312e+01
3.642849349975585938e+01
3.653852844238281250e+01
3.649287414550781250e+01
3.623128890991210938e+01
3.594230651855468750e+01
3.547325897216796875e+01
3.529508590698242188e+01
3.519567108154296875e+01
3.525166320800781250e+01
3.541587448120117188e+01
3.581257629394531250e+01
3.581887054443359375e+01
3.600498962402343750e+01
3.631261444091796875e+01
3.634033966064453125e+01
3.632128143310546875e+01
3.626115798950195312e+01
3.610824966430664062e+01
3.577819061279296875e+01
3.511433792114257812e+01
3.482371520996093750e+01
3.492291259765625000e+01
3.557331085205078125e+01
3.614055252075195312e+01
3.649009323120117188e+01
3.669900512695312500e+01
3.684194564819335938e+01
3.682962036132812500e+01
3.682615661621093750e+01
3.696983337402343750e+01
3.678900527954101562e+01
3.650948333740234375e+01
3.634083175659179688e+01
3.545716857910156250e+01
3.543500518798828125e+01
3.569549560546875000e+01
3.584614181518554688e+01
3.622953796386718750e+01
3.669008636474609375e+01
3.700049591064453125e+01
3.701263809204101562e+01
3.665601730346679688e+01
3.609208297729492188e+01
3.526846313476562500e+01
3.475653457641601562e+01
3.462484741210937500e+01
3.464789581298828125e+01
3.474089431762695312e+01
3.505836105346679688e+01
3.573698806762695312e+01
3.560948562622070312e+01
3.510230255126953125e+01
3.492829132080078125e+01
3.486523818969726562e+01
3.490242004394531250e+01
3.484770965576171875e+01
3.485486221313476562e+01
3.468614196777343750e+01
3.412454223632812500e+01
3.402013015747070312e+01
3.414344787597656250e+01
