3.311512756347656250e+01
3.380171585083007812e+01
3.392955780029296875e+01
3.424708938598632812e+01
3.359385681152343750e+01
3.399359893798828125e+01
3.427920532226562500e+01
3.390484237670898438e+01
3.393644332885742188e+01
3.472513580322265625e+01
3.520816421508789062e+01
3.545424270629882812e+01
3.552076339721679688e+01
3.516469955444335938e+01
3.504606628417968750e+01
3.528702926635742188e+01
3.574386215209960938e+01
3.606980895996093750e+01
3.605315017700195312e+01
3.593320465087890625e+01
3.517969512939453125e+01
3.418220138549804688e+01
3.380353164672851562e+01
3.384710311889648438e+01
3.385031509399414062e+01
3.423863601684570312e+01
3.409005737304687500e+01
3.373240280151367188e+01
3.393691253662109375e+01
3.450925827026367188e+01
3.491787719726562500e+01
3.442983245849609375e+01
3.383563613891601562e+01
3.340717697143554688e+01
3.378024673461914062e+01
3.411552047729492188e+01
3.364491271972656250e+01
3.324158477783203125e+01
3.331447219848632812e+01
3.402614212036132812e+01
3.461423110961914062e+01
3.455590438842773438e+01
3.436216735839843750e+01
3.420378494262695312e+01
3.460645675659179688e+01
3.494691085815429688e+01
3.449694061279296875e+01
3.411291503906250000e+01
3.399789810180664062e+01
3.401350021362304688e+01
3.389863204956054688e+01
3.409822082519531250e+01
3.418350982666015625e+01
3.427525711059570312e+01
3.465739440917968750e+01
3.482489776611328125e+01
3.424418258666992188e+01
3.336212539672851562e+01
3.309749603271484375e+01
3.332251358032226562e+01
3.373346328735351562e+01
3.393613052368164062e+01
3.377020645141601562e+01
3.384107971191406250e+01
3.392855453491210938e+01
3.362273025512695312e+01
3.336671447753906250e+01
3.340774917602539062e+01
3.392390441894531250e+01
3.437565231323242188e+01
3.442255783081054688e+01
3.466271972656250000e+01
3.438359832763671875e+01
3.435558319091796875e+01
3.522807693481445312e+01
3.554893112182617188e+01
3.537652206420898438e+01
3.500105667114257812e+01
3.501104354858398438e+01
3.454636001586914062e+01
3.379544448852539062e+01
3.312507247924804688e+01
3.282004928588867188e+01
3.233374404907226562e+01
3.249177932739257812e+01
3.330068588256835938e+01
3.322697830200195312e+01
3.322534942626953125e+01
3.232958602905273438e+01
3.172460174560546875e+01
3.154633331298828125e+01
3.178915786743164062e+01
3.220494079589843750e+01
3.221337127685546875e+01
3.250436019897460938e+01
3.275062942504882812e+01
3.294417190551757812e+01
3.255156707763671875e+01
3.224053573608398438e+01
3.182252502441406250e+01
3.175704383850097656e+01
