3.523128890991210938e+01
3.454030227661132812e+01
3.412554168701171875e+01
3.428245925903320312e+01
3.433162689208984375e+01
3.395667266845703125e+01
3.395151519775390625e+01
3.398141860961914062e+01
3.408883285522460938e+01
3.423558044433593750e+01
3.436060714721679688e+01
3.450608825683593750e+01
3.442864227294921875e+01
3.431921768188476562e+01
3.435228729248046875e+01
3.438323593139648438e+01
3.427628707885742188e+01
3.385118103027343750e+01
3.375255966186523438e+01
3.356056976318359375e+01
3.339860534667968750e+01
3.361965560913085938e+01
3.406617736816406250e+01
3.461982345581054688e+01
3.476674270629882812e+01
3.483566665649414062e+01
3.496723937988281250e+01
3.490216445922851562e+01
3.481107330322265625e+01
3.465161132812500000e+01
3.461841201782226562e+01
3.461574554443359375e+01
3.464674758911132812e+01
3.460666275024414062e+01
3.453393936157226562e+01
3.462961959838867188e+01
3.477098464965820312e+01
3.488590240478515625e+01
3.520567321777343750e+01
3.512141418457031250e+01
3.519569396972656250e+01
3.541679763793945312e+01
3.559252548217773438e+01
3.530612182617187500e+01
3.470384979248046875e+01
3.431824493408203125e+01
3.407218551635742188e+01
3.392391586303710938e+01
3.391803359985351562e+01
3.387231826782226562e+01
3.381575775146484375e+01
3.372770690917968750e+01
3.359624481201171875e+01
3.367775344848632812e+01
3.371856689453125000e+01
3.372605133056640625e+01
3.366136169433593750e+01
3.363043975830078125e+01
3.365243911743164062e+01
3.366498184204101562e+01
3.367985916137695312e+01
3.386685180664062500e+01
3.410987854003906250e+01
3.434906005859375000e+01
3.426983261108398438e+01
3.422465515136718750e+01
3.410760116577148438e+01
3.394478225708007812e+01
3.376977920532226562e+01
3.365050125122070312e+01
3.360445404052734375e+01
3.345730209350585938e+01
3.341868209838867188e+01
3.356684875488281250e+01
3.361621856689453125e+01
3.351317977905273438e+01
3.357818222045898438e+01
3.357697296142578125e+01
3.348313522338867188e+01
3.345722961425781250e+01
3.355068588256835938e+01
3.377616500854492188e+01
3.404786300659179688e+01
3.413949584960937500e+01
3.401835632324218750e+01
3.391800689697265625e+01
3.401442337036132812e+01
3.394009399414062500e+01
3.388113021850585938e+01
3.396674728393554688e+01
3.422224807739257812e+01
3.452795410156250000e+01
3.476303482055664062e+01
3.548054504394531250e+01
3.574197006225585938e+01
3.631522750854492188e+01
3.527907562255859375e+01
3.364972686767578125e+01
3.252149963378906250e+01
3.220627212524414062e+01
