3.222202682495117188e+01
3.198467445373535156e+01
3.243847274780273438e+01
3.230905914306640625e+01
3.187618637084960938e+01
3.197062110900878906e+01
3.176616477966308594e+01
3.194582748413085938e+01
3.206556701660156250e+01
3.196451377868652344e+01
3.222114562988281250e+01
3.268254089355468750e+01
3.283411407470703125e+01
3.271748733520507812e+01
3.283303833007812500e+01
3.260778045654296875e+01
3.246993637084960938e+01
3.242289352416992188e+01
3.246321105957031250e+01
3.269380187988281250e+01
3.249739837646484375e+01
3.214961242675781250e+01
3.239775848388671875e+01
3.264716720581054688e+01
3.278704833984375000e+01
3.281613540649414062e+01
3.281459808349609375e+01
3.276368713378906250e+01
3.291836166381835938e+01
3.310328674316406250e+01
3.356887435913085938e+01
3.411595916748046875e+01
3.409889984130859375e+01
3.370432662963867188e+01
3.356301498413085938e+01
3.346009826660156250e+01
3.334757614135742188e+01
3.338525772094726562e+01
3.344313049316406250e+01
3.343668365478515625e+01
3.346713256835937500e+01
3.347805404663085938e+01
3.313687515258789062e+01
3.277955245971679688e+01
3.280779266357421875e+01
3.307457351684570312e+01
3.312390899658203125e+01
3.315198516845703125e+01
3.287816238403320312e+01
3.278392410278320312e+01
3.291014862060546875e+01
3.286712265014648438e+01
3.274794006347656250e+01
3.232544326782226562e+01
3.199208068847656250e+01
3.214174270629882812e+01
3.260535812377929688e+01
3.294836044311523438e+01
3.318029785156250000e+01
3.352746200561523438e+01
3.370540618896484375e+01
3.350598144531250000e+01
3.319039916992187500e+01
3.320757293701171875e+01
3.340190887451171875e+01
3.373122024536132812e+01
3.398984527587890625e+01
3.403411483764648438e+01
3.416260147094726562e+01
3.408546829223632812e+01
3.375378036499023438e+01
3.356598663330078125e+01
3.341689682006835938e+01
3.344529342651367188e+01
3.362204742431640625e+01
3.384235763549804688e+01
3.388174819946289062e+01
3.380214691162109375e+01
3.395053863525390625e+01
3.368790435791015625e+01
3.336684036254882812e+01
3.325775146484375000e+01
3.339786911010742188e+01
3.367781829833984375e+01
3.371899414062500000e+01
3.351641464233398438e+01
3.317656707763671875e+01
3.301014328002929688e+01
3.230747985839843750e+01
3.200012207031250000e+01
3.216156768798828125e+01
3.244485092163085938e+01
3.267232513427734375e+01
3.264057540893554688e+01
3.244171142578125000e+01
3.231897735595703125e+01
3.221102142333984375e+01
3.207573318481445312e+01
3.203896713256835938e+01
3.182685470581054688e+01
3.164345550537109375e+01
3.166075706481933594e+01
3.177733802795410156e+01
3.234968566894531250e+01
3.245888519287109375e+01
3.221455764770507812e+01
3.294449234008789062e+01
3.421977996826171875e+01
3.373497772216796875e+01
3.355760955810546875e+01
