2.888450431823730469e+01
2.856923866271972656e+01
2.838217735290527344e+01
2.821475982666015625e+01
2.772129821777343750e+01
2.761376380920410156e+01
2.750752449035644531e+01
2.728281593322753906e+01
2.713212203979492188e+01
2.733345222473144531e+01
2.730745315551757812e+01
2.722955513000488281e+01
2.720232582092285156e+01
2.713331604003906250e+01
2.718221282958984375e+01
2.731545257568359375e+01
2.738109016418457031e+01
2.747819137573242188e+01
2.752153968811035156e+01
2.775997543334960938e+01
2.788936805725097656e+01
2.782052612304687500e+01
2.775754165649414062e+01
2.771319389343261719e+01
2.764884567260742188e+01
2.760086631774902344e+01
2.764164924621582031e+01
2.771074676513671875e+01
2.777884292602539062e+01
2.791021347045898438e+01
2.814549827575683594e+01
2.843117332458496094e+01
2.848078155517578125e+01
2.839491462707519531e+01
2.827335357666015625e+01
2.807215690612792969e+01
2.790621566772460938e+01
2.767744827270507812e+01
2.745954513549804688e+01
2.720529365539550781e+01
2.724471855163574219e+01
2.738103485107421875e+01
2.749205589294433594e+01
2.742614173889160156e+01
2.747217559814453125e+01
2.758556556701660156e+01
2.754788780212402344e+01
2.719606208801269531e+01
2.700761985778808594e+01
2.703166389465332031e+01
2.709522819519042969e+01
2.708792114257812500e+01
2.708185577392578125e+01
2.709039115905761719e+01
2.725350570678710938e+01
2.754707145690917969e+01
2.749561119079589844e+01
2.736649322509765625e+01
2.733897399902343750e+01
2.735246086120605469e+01
2.745479393005371094e+01
2.763223457336425781e+01
2.747238349914550781e+01
2.713788223266601562e+01
2.683638572692871094e+01
2.679312324523925781e+01
2.689123725891113281e+01
2.702620697021484375e+01
2.723882675170898438e+01
2.740232849121093750e+01
2.747774505615234375e+01
2.745953941345214844e+01
2.742517280578613281e+01
2.737044143676757812e+01
2.732810592651367188e+01
2.728998184204101562e+01
2.719627189636230469e+01
2.713268089294433594e+01
2.710527038574218750e+01
2.721682929992675781e+01
2.734832191467285156e+01
2.739999198913574219e+01
2.754430198669433594e+01
2.760188102722167969e+01
2.756273460388183594e+01
2.746484947204589844e+01
2.724819946289062500e+01
2.710814666748046875e+01
2.701088523864746094e+01
2.691718482971191406e+01
2.681936645507812500e+01
2.675306129455566406e+01
2.665184974670410156e+01
2.669034767150878906e+01
2.669613456726074219e+01
2.677895927429199219e+01
2.660666656494140625e+01
2.654834175109863281e+01
2.656648254394531250e+01
2.646299934387207031e+01
2.652210807800292969e+01
2.666607856750488281e+01
2.665395164489746094e+01
2.595577049255371094e+01
2.527432632446289062e+01
2.521371841430664062e+01
