3.768206405639648438e+01
3.783070755004882812e+01
3.769519042968750000e+01
3.768241882324218750e+01
3.748785400390625000e+01
3.717185974121093750e+01
3.675537109375000000e+01
3.565888595581054688e+01
3.525896453857421875e+01
3.552324295043945312e+01
3.573075103759765625e+01
3.619580459594726562e+01
3.791023635864257812e+01
3.670993041992187500e+01
3.655300903320312500e+01
3.681462097167968750e+01
3.600870132446289062e+01
3.606317138671875000e+01
3.581248092651367188e+01
3.577397918701171875e+01
3.590773010253906250e+01
3.552505111694335938e+01
3.523671722412109375e+01
3.524819183349609375e+01
3.516358566284179688e+01
3.497124481201171875e+01
3.520765686035156250e+01
3.592454910278320312e+01
3.656792831420898438e+01
3.733849334716796875e+01
3.776404953002929688e+01
3.811493301391601562e+01
3.792527389526367188e+01
3.795692062377929688e+01
3.803059387207031250e+01
3.806732177734375000e+01
3.783023834228515625e+01
3.754320526123046875e+01
3.741206359863281250e+01
3.741847991943359375e+01
3.704238510131835938e+01
3.637892150878906250e+01
3.565662384033203125e+01
3.544153213500976562e+01
3.559645843505859375e+01
3.662291717529296875e+01
3.682748794555664062e+01
3.604116439819335938e+01
3.579317855834960938e+01
3.626577758789062500e+01
3.683826828002929688e+01
3.665844726562500000e+01
3.704255676269531250e+01
3.728659439086914062e+01
3.721471786499023438e+01
3.707720947265625000e+01
3.700545120239257812e+01
3.691063690185546875e+01
3.707450485229492188e+01
3.723551177978515625e+01
3.718504333496093750e+01
3.709942626953125000e+01
3.716032791137695312e+01
3.737549972534179688e+01
3.748476028442382812e+01
3.728662109375000000e+01
3.717919158935546875e+01
3.690102386474609375e+01
3.677642059326171875e+01
3.688179397583007812e+01
3.682972335815429688e+01
3.684100341796875000e+01
3.668172454833984375e+01
3.651737976074218750e+01
3.589752197265625000e+01
3.649715423583984375e+01
3.658040618896484375e+01
3.642461395263671875e+01
3.606212234497070312e+01
3.644050979614257812e+01
3.606547164916992188e+01
3.628679275512695312e+01
3.655997085571289062e+01
3.644992065429687500e+01
3.720229339599609375e+01
3.735021972656250000e+01
3.727450180053710938e+01
3.748683166503906250e+01
3.734415435791015625e+01
3.661503601074218750e+01
3.605731582641601562e+01
3.708446121215820312e+01
3.726608276367187500e+01
3.739716720581054688e+01
3.754042053222656250e+01
3.759972000122070312e+01
3.761565399169921875e+01
3.742086791992187500e+01
3.702915573120117188e+01
3.727447891235351562e+01
3.744340515136718750e+01
3.765075683593750000e+01
3.754657745361328125e+01
3.721731567382812500e+01
3.655962371826171875e+01
3.704453659057617188e+01
