3.354670333862304688e+01
3.387265396118164062e+01
3.413026809692382812e+01
3.424986267089843750e+01
3.455086898803710938e+01
3.513200759887695312e+01
3.569825363159179688e+01
3.622499465942382812e+01
3.642236709594726562e+01
3.631850051879882812e+01
3.671197509765625000e+01
3.673088836669921875e+01
3.661395645141601562e+01
3.655624008178710938e+01
3.640505218505859375e+01
3.624307250976562500e+01
3.619408416748046875e+01
3.612422561645507812e+01
3.631517791748046875e+01
3.653595733642578125e+01
3.672402954101562500e+01
3.679171371459960938e+01
3.681919860839843750e+01
3.702087783813476562e+01
3.702986145019531250e+01
3.676159667968750000e+01
3.653540802001953125e+01
3.673271942138671875e+01
3.667198944091796875e+01
3.644183731079101562e+01
3.629224777221679688e+01
3.581371688842773438e+01
3.528939819335937500e+01
3.499777603149414062e+01
3.497172164916992188e+01
3.529539489746093750e+01
3.572079086303710938e+01
3.582029342651367188e+01
3.567848587036132812e+01
3.543243789672851562e+01
3.528981399536132812e+01
3.535716247558593750e+01
3.535542297363281250e+01
3.547982406616210938e+01
3.569367599487304688e+01
3.595543670654296875e+01
3.637205886840820312e+01
3.707970809936523438e+01
3.746478652954101562e+01
3.764947128295898438e+01
3.767376327514648438e+01
3.768579483032226562e+01
3.759502410888671875e+01
3.735255813598632812e+01
3.708081817626953125e+01
3.682799530029296875e+01
3.662151336669921875e+01
3.627121353149414062e+01
3.593512344360351562e+01
3.596247482299804688e+01
3.619250488281250000e+01
3.665034866333007812e+01
3.698519515991210938e+01
3.710054779052734375e+01
3.717335128784179688e+01
3.714927673339843750e+01
3.705745697021484375e+01
3.690293121337890625e+01
3.664017105102539062e+01
3.645673370361328125e+01
3.644089889526367188e+01
3.656666564941406250e+01
3.670579147338867188e+01
3.673847198486328125e+01
3.671606063842773438e+01
3.650515365600585938e+01
3.589590835571289062e+01
3.540120697021484375e+01
3.507293701171875000e+01
3.507327651977539062e+01
3.554323577880859375e+01
3.575619125366210938e+01
3.576087570190429688e+01
3.606085968017578125e+01
3.650241088867187500e+01
3.672682189941406250e+01
3.677012252807617188e+01
3.642535018920898438e+01
3.623576736450195312e+01
3.607469940185546875e+01
3.601918792724609375e+01
3.608694458007812500e+01
3.626084518432617188e+01
3.626601409912109375e+01
3.645677566528320312e+01
3.670154953002929688e+01
3.662093734741210938e+01
3.642326736450195312e+01
3.608815765380859375e+01
