3.441349792480468750e+01
3.442961120605468750e+01
3.444288253784179688e+01
3.439897537231445312e+01
3.425251770019531250e+01
3.428680038452148438e+01
3.434992980957031250e+01
3.438253021240234375e+01
3.481250000000000000e+01
3.491408538818359375e+01
3.483214187622070312e+01
3.510865783691406250e+01
3.570631790161132812e+01
3.538874816894531250e+01
3.519340896606445312e+01
3.521730041503906250e+01
3.514960479736328125e+01
3.500912094116210938e+01
3.483777618408203125e+01
3.451650619506835938e+01
3.443873596191406250e+01
3.453276062011718750e+01
3.463140869140625000e+01
3.471219635009765625e+01
3.471752929687500000e+01
3.478274536132812500e+01
3.477845001220703125e+01
3.461519622802734375e+01
3.438592529296875000e+01
3.421126556396484375e+01
3.413348007202148438e+01
3.407874298095703125e+01
3.387446975708007812e+01
3.373324584960937500e+01
3.381145858764648438e+01
3.396594238281250000e+01
3.420915985107421875e+01
3.443350601196289062e+01
3.456497192382812500e+01
3.449344253540039062e+01
3.435530090332031250e+01
3.425203323364257812e+01
3.425794982910156250e+01
3.418668746948242188e+01
3.432494354248046875e+01
3.440729522705078125e+01
3.416975784301757812e+01
3.380857467651367188e+01
3.310343170166015625e+01
3.295121383666992188e+01
3.326558685302734375e+01
3.349724578857421875e+01
3.381414413452148438e+01
3.468689727783203125e+01
3.495721054077148438e+01
3.507975006103515625e+01
3.525922393798828125e+01
3.531228637695312500e+01
3.516936874389648438e+01
3.511900329589843750e+01
3.516902923583984375e+01
3.551036453247070312e+01
3.585906982421875000e+01
3.574309158325195312e+01
3.531767654418945312e+01
3.534388732910156250e+01
3.516433715820312500e+01
3.478408432006835938e+01
3.473520278930664062e+01
3.482781219482421875e+01
3.495438003540039062e+01
3.486355590820312500e+01
3.479316711425781250e+01
3.494789886474609375e+01
3.509321212768554688e+01
3.511022949218750000e+01
3.523244476318359375e+01
3.518819808959960938e+01
3.502717971801757812e+01
3.490961456298828125e+01
3.486222457885742188e+01
3.474114990234375000e+01
3.480908966064453125e+01
3.510396575927734375e+01
3.504202270507812500e+01
3.482876586914062500e+01
3.475276565551757812e+01
3.488311386108398438e+01
3.499417114257812500e+01
3.493939590454101562e+01
3.481010437011718750e+01
3.488090515136718750e+01
3.494282150268554688e+01
3.497245025634765625e+01
3.469401931762695312e+01
3.454780197143554688e+01
3.418413925170898438e+01
3.393176269531250000e+01
3.386285400390625000e+01
3.395274353027343750e+01
3.406253433227539062e+01
3.415302658081054688e+01
3.404869079589843750e+01
3.377774429321289062e+01
3.365277862548828125e+01
3.373517990112304688e+01
3.374553298950195312e+01
3.411823272705078125e+01
3.456696319580078125e+01
3.472815704345703125e+01
