3.719894027709960938e+01
3.757381820678710938e+01
3.752647399902343750e+01
3.742824172973632812e+01
3.728389358520507812e+01
3.730818939208984375e+01
3.747335815429687500e+01
3.731489181518554688e+01
3.738729095458984375e+01
3.731696319580078125e+01
3.766712951660156250e+01
3.783995437622070312e+01
3.794442367553710938e+01
3.785850143432617188e+01
3.779442596435546875e+01
3.764861679077148438e+01
3.729793167114257812e+01
3.712242126464843750e+01
3.715826797485351562e+01
3.722235107421875000e+01
3.733123016357421875e+01
3.734175872802734375e+01
3.734477996826171875e+01
3.727371978759765625e+01
3.703599166870117188e+01
3.649703216552734375e+01
3.533512115478515625e+01
3.523318481445312500e+01
3.513513183593750000e+01
3.523151016235351562e+01
3.521337890625000000e+01
3.541741943359375000e+01
3.630475234985351562e+01
3.685794067382812500e+01
3.676822280883789062e+01
3.674409866333007812e+01
3.711804199218750000e+01
3.718122482299804688e+01
3.709492492675781250e+01
3.700281906127929688e+01
3.697643280029296875e+01
3.678845596313476562e+01
3.664063262939453125e+01
3.652415084838867188e+01
3.644134140014648438e+01
3.667904663085937500e+01
3.691783523559570312e+01
3.718840408325195312e+01
3.729575729370117188e+01
3.733841323852539062e+01
3.741029739379882812e+01
3.729470825195312500e+01
3.714214324951171875e+01
3.698213577270507812e+01
3.710492324829101562e+01
3.718504333496093750e+01
3.725749969482421875e+01
3.728607559204101562e+01
3.705139160156250000e+01
3.682403182983398438e+01
3.672612762451171875e+01
3.654192733764648438e+01
3.658855056762695312e+01
3.641402816772460938e+01
3.653879547119140625e+01
3.650364685058593750e+01
3.606607437133789062e+01
3.577043533325195312e+01
3.624098205566406250e+01
3.568399429321289062e+01
3.488457107543945312e+01
3.476292419433593750e+01
3.480912399291992188e+01
3.476709365844726562e+01
3.479433822631835938e+01
3.494284439086914062e+01
3.550011825561523438e+01
3.528698730468750000e+01
3.453459548950195312e+01
3.438959121704101562e+01
3.417881393432617188e+01
3.399832153320312500e+01
3.394979858398437500e+01
3.414314270019531250e+01
3.560445404052734375e+01
3.666949081420898438e+01
3.688545227050781250e+01
3.700076293945312500e+01
3.716616439819335938e+01
3.723203659057617188e+01
3.723866653442382812e+01
3.722566986083984375e+01
3.718896865844726562e+01
3.711870193481445312e+01
3.718616104125976562e+01
3.723514556884765625e+01
3.724822616577148438e+01
3.731975555419921875e+01
3.747364807128906250e+01
3.765566253662109375e+01
3.758238220214843750e+01
3.746866607666015625e+01
3.738613510131835938e+01
3.734926605224609375e+01
