3.331756210327148438e+01
3.332295227050781250e+01
3.366160583496093750e+01
3.466968917846679688e+01
3.489084243774414062e+01
3.453881454467773438e+01
3.444882965087890625e+01
3.470181274414062500e+01
3.579691314697265625e+01
3.594795608520507812e+01
3.502135467529296875e+01
3.396853637695312500e+01
3.399139404296875000e+01
3.411128997802734375e+01
3.493319320678710938e+01
3.554502487182617188e+01
3.502209472656250000e+01
3.409647369384765625e+01
3.339002609252929688e+01
3.301855087280273438e+01
3.312780380249023438e+01
3.299937820434570312e+01
3.343642425537109375e+01
3.375682067871093750e+01
3.414680099487304688e+01
3.405270767211914062e+01
3.435089874267578125e+01
3.426590347290039062e+01
3.361839675903320312e+01
3.342070770263671875e+01
3.358375167846679688e+01
3.419912719726562500e+01
3.426272964477539062e+01
3.460316848754882812e+01
3.462882995605468750e+01
3.434339904785156250e+01
3.443294906616210938e+01
3.434863281250000000e+01
3.450511932373046875e+01
3.452547073364257812e+01
3.451991271972656250e+01
3.452212905883789062e+01
3.424188232421875000e+01
3.394180297851562500e+01
3.360406875610351562e+01
3.379387664794921875e+01
3.423063278198242188e+01
3.443297195434570312e+01
3.500768280029296875e+01
3.508102798461914062e+01
3.481962585449218750e+01
3.462233352661132812e+01
3.435541534423828125e+01
3.397826766967773438e+01
3.380096817016601562e+01
3.375968170166015625e+01
3.368457794189453125e+01
3.349027252197265625e+01
3.329813385009765625e+01
3.321718215942382812e+01
3.341706466674804688e+01
3.382488632202148438e+01
3.388301467895507812e+01
3.370468521118164062e+01
3.374961853027343750e+01
3.411941146850585938e+01
3.423841094970703125e+01
3.411214065551757812e+01
3.414133071899414062e+01
3.464935684204101562e+01
3.494706344604492188e+01
3.507395172119140625e+01
3.498144149780273438e+01
3.457938766479492188e+01
3.478830337524414062e+01
3.481596374511718750e+01
3.485252380371093750e+01
3.435899734497070312e+01
3.412251281738281250e+01
3.407043457031250000e+01
3.409635925292968750e+01
3.383415985107421875e+01
3.409661102294921875e+01
3.439962768554687500e+01
3.473717880249023438e+01
3.493231201171875000e+01
3.457607269287109375e+01
3.427095413208007812e+01
3.418695449829101562e+01
3.406966018676757812e+01
3.404983139038085938e+01
3.419232940673828125e+01
3.431753540039062500e+01
3.443172836303710938e+01
3.445992279052734375e+01
3.409080123901367188e+01
3.377096557617187500e+01
3.409019088745117188e+01
3.479442977905273438e+01
3.569778442382812500e+01
3.531933212280273438e+01
3.451552963256835938e+01
3.385739135742187500e+01
3.378073501586914062e+01
