3.562467193603515625e+01
3.497719573974609375e+01
3.646717834472656250e+01
3.431767272949218750e+01
3.421061325073242188e+01
3.472212982177734375e+01
3.490325927734375000e+01
3.521736145019531250e+01
3.496528625488281250e+01
3.415618515014648438e+01
3.416640853881835938e+01
3.422698593139648438e+01
3.458021926879882812e+01
3.685433197021484375e+01
3.726660919189453125e+01
3.720569610595703125e+01
3.721527099609375000e+01
3.716976547241210938e+01
3.725475692749023438e+01
3.715842056274414062e+01
3.693582534790039062e+01
3.647916793823242188e+01
3.633282852172851562e+01
3.509898757934570312e+01
3.565900802612304688e+01
3.647889709472656250e+01
3.698284530639648438e+01
3.686068344116210938e+01
3.676853561401367188e+01
3.633025741577148438e+01
3.502351760864257812e+01
3.469050216674804688e+01
3.495975494384765625e+01
3.689074325561523438e+01
3.669952011108398438e+01
3.630486679077148438e+01
3.648662948608398438e+01
3.630566024780273438e+01
3.461893081665039062e+01
3.430014419555664062e+01
3.397619628906250000e+01
3.387833786010742188e+01
3.377064132690429688e+01
3.372599792480468750e+01
3.358043289184570312e+01
3.327494430541992188e+01
3.337786865234375000e+01
3.369398498535156250e+01
3.386631393432617188e+01
3.373521423339843750e+01
3.363175201416015625e+01
3.368700790405273438e+01
3.374024581909179688e+01
3.386411285400390625e+01
3.451108169555664062e+01
3.568390655517578125e+01
3.489918136596679688e+01
3.453886032104492188e+01
3.436721420288085938e+01
3.420570755004882812e+01
3.422481918334960938e+01
3.438910293579101562e+01
3.472580337524414062e+01
3.489871215820312500e+01
3.501214599609375000e+01
3.475009155273437500e+01
3.423461532592773438e+01
3.434037399291992188e+01
3.406302642822265625e+01
3.495031738281250000e+01
3.539334106445312500e+01
3.528773880004882812e+01
3.534181976318359375e+01
3.494476699829101562e+01
3.443071365356445312e+01
3.424788284301757812e+01
3.419564437866210938e+01
3.393222045898437500e+01
3.353139495849609375e+01
3.381375503540039062e+01
3.371112442016601562e+01
3.332615661621093750e+01
3.317205810546875000e+01
3.323947906494140625e+01
3.352633285522460938e+01
3.379234695434570312e+01
3.449836349487304688e+01
3.633388519287109375e+01
3.624290084838867188e+01
3.527150344848632812e+01
3.490848541259765625e+01
3.489083099365234375e+01
3.432946014404296875e+01
3.392471313476562500e+01
3.397610855102539062e+01
3.408785629272460938e+01
3.412890243530273438e+01
3.473199844360351562e+01
3.490132904052734375e+01
3.405816268920898438e+01
3.437846374511718750e+01
