2.696007156372070312e+01
2.707094192504882812e+01
2.662288475036621094e+01
2.636333274841308594e+01
2.625235557556152344e+01
2.606688499450683594e+01
2.570672416687011719e+01
2.614552688598632812e+01
2.676226806640625000e+01
2.678599357604980469e+01
2.692120742797851562e+01
2.699006462097167969e+01
2.697846603393554688e+01
2.679288482666015625e+01
2.664281845092773438e+01
2.656974792480468750e+01
2.660706710815429688e+01
2.658765029907226562e+01
2.673013877868652344e+01
2.645510101318359375e+01
2.636339950561523438e+01
2.655708885192871094e+01
2.677102851867675781e+01
2.647956657409667969e+01
2.635377502441406250e+01
2.633536148071289062e+01
2.642856216430664062e+01
2.663277435302734375e+01
2.690137100219726562e+01
2.708838462829589844e+01
2.709865570068359375e+01
2.714415550231933594e+01
2.698596763610839844e+01
2.696933174133300781e+01
2.698513412475585938e+01
2.684395790100097656e+01
2.666873741149902344e+01
2.656903839111328125e+01
2.639258766174316406e+01
2.634223365783691406e+01
2.620144271850585938e+01
2.612136077880859375e+01
2.604215431213378906e+01
2.594120407104492188e+01
2.592878723144531250e+01
2.583974456787109375e+01
2.597445869445800781e+01
2.624958610534667969e+01
2.631920623779296875e+01
2.636316108703613281e+01
2.641690254211425781e+01
2.649516105651855469e+01
2.664277648925781250e+01
2.661804962158203125e+01
2.656061744689941406e+01
2.653564643859863281e+01
2.643567466735839844e+01
2.640209007263183594e+01
2.635359191894531250e+01
2.636664962768554688e+01
2.613163375854492188e+01
2.589736175537109375e+01
2.576496505737304688e+01
2.559427261352539062e+01
2.553318214416503906e+01
2.550227737426757812e+01
2.536060905456542969e+01
2.533803176879882812e+01
2.543702888488769531e+01
2.564548492431640625e+01
2.573876571655273438e+01
2.575908851623535156e+01
2.579963493347167969e+01
2.583561706542968750e+01
2.591063690185546875e+01
2.598032379150390625e+01
2.595344543457031250e+01
2.601952362060546875e+01
2.608873748779296875e+01
2.601640319824218750e+01
2.595539283752441406e+01
2.592704391479492188e+01
2.584655189514160156e+01
2.570814704895019531e+01
2.548066711425781250e+01
2.539868545532226562e+01
2.543458938598632812e+01
2.553872299194335938e+01
2.552597999572753906e+01
2.536713027954101562e+01
2.530850982666015625e+01
2.542128944396972656e+01
2.566289901733398438e+01
2.597034454345703125e+01
2.638850975036621094e+01
2.678215217590332031e+01
2.661347961425781250e+01
2.675416564941406250e+01
2.684238433837890625e+01
2.678842544555664062e+01
2.690464973449707031e+01
2.743086433410644531e+01
2.770189476013183594e+01
2.758287811279296875e+01
2.762749290466308594e+01
2.771131515502929688e+01
