3.761691284179687500e+01
3.727466583251953125e+01
3.660111999511718750e+01
3.532744979858398438e+01
3.598548126220703125e+01
3.621609497070312500e+01
3.603910827636718750e+01
3.486818695068359375e+01
3.449533462524414062e+01
3.482356643676757812e+01
3.506004714965820312e+01
3.516199874877929688e+01
3.496366882324218750e+01
3.505307388305664062e+01
3.516169738769531250e+01
3.492235565185546875e+01
3.410217285156250000e+01
3.350914382934570312e+01
3.358456420898437500e+01
3.401384353637695312e+01
3.476939773559570312e+01
3.495800018310546875e+01
3.495588684082031250e+01
3.490716552734375000e+01
3.503252029418945312e+01
3.512889099121093750e+01
3.543783950805664062e+01
3.568746185302734375e+01
3.561206054687500000e+01
3.565401840209960938e+01
3.577445983886718750e+01
3.610300064086914062e+01
3.596866989135742188e+01
3.557026290893554688e+01
3.513358306884765625e+01
3.481495666503906250e+01
3.492087936401367188e+01
3.492721939086914062e+01
3.485932540893554688e+01
3.500687408447265625e+01
3.523711395263671875e+01
3.512984085083007812e+01
3.520161056518554688e+01
3.607349014282226562e+01
3.640539932250976562e+01
3.613170623779296875e+01
3.584672164916992188e+01
3.542179489135742188e+01
3.504441833496093750e+01
3.560670852661132812e+01
3.579334259033203125e+01
3.525379180908203125e+01
3.463985824584960938e+01
3.455651092529296875e+01
3.449075698852539062e+01
3.437738418579101562e+01
3.489789962768554688e+01
3.526932907104492188e+01
3.520874786376953125e+01
3.539507675170898438e+01
3.571753311157226562e+01
3.572887039184570312e+01
3.567413330078125000e+01
3.512995910644531250e+01
3.486062240600585938e+01
3.517383575439453125e+01
3.526578903198242188e+01
3.479431915283203125e+01
3.426813125610351562e+01
3.422549819946289062e+01
3.464648437500000000e+01
3.480121612548828125e+01
3.465319442749023438e+01
3.463503265380859375e+01
3.440670776367187500e+01
3.439172744750976562e+01
3.417744445800781250e+01
3.398467636108398438e+01
3.397615814208984375e+01
3.422950744628906250e+01
3.458475112915039062e+01
3.536940002441406250e+01
3.595593261718750000e+01
3.621644973754882812e+01
3.643471527099609375e+01
3.636677932739257812e+01
3.593185806274414062e+01
3.529730606079101562e+01
3.512877655029296875e+01
3.509469223022460938e+01
3.580821228027343750e+01
3.521966552734375000e+01
3.477714538574218750e+01
3.478550338745117188e+01
3.474887466430664062e+01
3.439936828613281250e+01
3.487511444091796875e+01
3.562772750854492188e+01
3.625098419189453125e+01
3.685603332519531250e+01
3.717549514770507812e+01
3.738462448120117188e+01
3.735259246826171875e+01
3.727874755859375000e+01
3.725760269165039062e+01
3.686439895629882812e+01
