3.767162704467773438e+01
3.761101531982421875e+01
3.778093338012695312e+01
3.799413681030273438e+01
3.811686706542968750e+01
3.809875106811523438e+01
3.809592056274414062e+01
3.809869766235351562e+01
3.796460342407226562e+01
3.806207275390625000e+01
3.804071807861328125e+01
3.809478759765625000e+01
3.811730194091796875e+01
3.811448287963867188e+01
3.805485534667968750e+01
3.802676773071289062e+01
3.796934127807617188e+01
3.797859191894531250e+01
3.789095306396484375e+01
3.777423095703125000e+01
3.791043090820312500e+01
3.755827331542968750e+01
3.727376174926757812e+01
3.717655563354492188e+01
3.748323059082031250e+01
3.723523330688476562e+01
3.769271087646484375e+01
3.817001342773437500e+01
3.808338928222656250e+01
3.761210250854492188e+01
3.743823623657226562e+01
3.741424942016601562e+01
3.734437942504882812e+01
3.720380401611328125e+01
3.730658340454101562e+01
3.786896896362304688e+01
3.830163192749023438e+01
3.822383117675781250e+01
3.803892135620117188e+01
3.796139907836914062e+01
3.786069107055664062e+01
3.790278244018554688e+01
3.830514526367187500e+01
3.826586532592773438e+01
3.796392440795898438e+01
3.751934432983398438e+01
3.698852539062500000e+01
3.729323196411132812e+01
3.763342666625976562e+01
3.765301895141601562e+01
3.712715530395507812e+01
3.768596267700195312e+01
3.766150283813476562e+01
3.767192077636718750e+01
3.770422744750976562e+01
3.787001800537109375e+01
3.806891632080078125e+01
3.813523101806640625e+01
3.815418243408203125e+01
3.795019149780273438e+01
3.803651809692382812e+01
3.803392410278320312e+01
3.781805419921875000e+01
3.767860412597656250e+01
3.751091003417968750e+01
3.740597152709960938e+01
3.739894104003906250e+01
3.741644287109375000e+01
3.736519622802734375e+01
3.781046295166015625e+01
3.816081619262695312e+01
3.830726623535156250e+01
3.818844223022460938e+01
3.800043869018554688e+01
3.795910263061523438e+01
3.796126937866210938e+01
3.804930877685546875e+01
3.818792343139648438e+01
3.816649627685546875e+01
3.809752655029296875e+01
3.796243667602539062e+01
3.781031417846679688e+01
3.774058151245117188e+01
3.782089996337890625e+01
3.774700164794921875e+01
3.744129943847656250e+01
3.779954147338867188e+01
3.792422866821289062e+01
3.811941909790039062e+01
3.828864288330078125e+01
3.833591842651367188e+01
3.827671432495117188e+01
3.834029769897460938e+01
3.840091705322265625e+01
3.855158996582031250e+01
3.858087921142578125e+01
3.844454956054687500e+01
