3.788938522338867188e+01
3.785895919799804688e+01
3.759656906127929688e+01
3.752754592895507812e+01
3.746124267578125000e+01
3.755558395385742188e+01
3.773251724243164062e+01
3.793089294433593750e+01
3.800448226928710938e+01
3.798621749877929688e+01
3.806362152099609375e+01
3.819860458374023438e+01
3.814212799072265625e+01
3.796025848388671875e+01
3.782097244262695312e+01
3.762298965454101562e+01
3.777184677124023438e+01
3.789471435546875000e+01
3.788811874389648438e+01
3.787252044677734375e+01
3.783646774291992188e+01
3.773756408691406250e+01
3.767261123657226562e+01
3.765287780761718750e+01
3.729753494262695312e+01
3.724991607666015625e+01
3.723361968994140625e+01
3.739749145507812500e+01
3.748857116699218750e+01
3.743928146362304688e+01
3.718289566040039062e+01
3.682104492187500000e+01
3.655604934692382812e+01
3.680012512207031250e+01
3.708729553222656250e+01
3.702534103393554688e+01
3.652449035644531250e+01
3.567119979858398438e+01
3.571805191040039062e+01
3.644113159179687500e+01
3.715199279785156250e+01
3.700625610351562500e+01
3.637520599365234375e+01
3.567855072021484375e+01
3.525669860839843750e+01
3.503158569335937500e+01
3.493150329589843750e+01
3.474040603637695312e+01
3.447779083251953125e+01
3.391688156127929688e+01
3.372009277343750000e+01
3.379715728759765625e+01
3.419561386108398438e+01
3.488724136352539062e+01
3.530618667602539062e+01
3.581939697265625000e+01
3.651897811889648438e+01
3.672930908203125000e+01
3.676625061035156250e+01
3.644018554687500000e+01
3.558993530273437500e+01
3.516656875610351562e+01
3.503420257568359375e+01
3.526712036132812500e+01
3.557367324829101562e+01
3.551327133178710938e+01
3.547680282592773438e+01
3.541920852661132812e+01
3.554885101318359375e+01
3.581888580322265625e+01
3.580359268188476562e+01
3.562788009643554688e+01
3.554036331176757812e+01
3.538240814208984375e+01
3.513985443115234375e+01
3.510914611816406250e+01
3.505641937255859375e+01
3.531039047241210938e+01
3.618801879882812500e+01
3.699507522583007812e+01
3.717362976074218750e+01
3.721949005126953125e+01
3.699452590942382812e+01
3.695977783203125000e+01
3.721081924438476562e+01
3.744989013671875000e+01
3.744810104370117188e+01
3.739187622070312500e+01
3.732762908935546875e+01
3.746689987182617188e+01
3.765544128417968750e+01
3.776630020141601562e+01
3.767691802978515625e+01
3.750854110717773438e+01
3.737167358398437500e+01
3.704258728027343750e+01
3.697305679321289062e+01
3.699617004394531250e+01
3.702462387084960938e+01
3.688961791992187500e+01
3.665887832641601562e+01
3.725344467163085938e+01
