2.812076950073242188e+01
2.833398628234863281e+01
2.832237815856933594e+01
2.827417373657226562e+01
2.832821846008300781e+01
2.833550262451171875e+01
2.821018600463867188e+01
2.819066238403320312e+01
2.824508666992187500e+01
2.814531135559082031e+01
2.805090332031250000e+01
2.813442611694335938e+01
2.814482498168945312e+01
2.819122123718261719e+01
2.827762603759765625e+01
2.824260711669921875e+01
2.831752395629882812e+01
2.829345130920410156e+01
2.815807533264160156e+01
2.813227844238281250e+01
2.830249214172363281e+01
2.838613891601562500e+01
2.843561744689941406e+01
2.847966384887695312e+01
2.862441062927246094e+01
2.877066993713378906e+01
2.891468238830566406e+01
2.905211257934570312e+01
2.911931610107421875e+01
2.912380218505859375e+01
2.915710830688476562e+01
2.926656341552734375e+01
2.938362503051757812e+01
2.944101142883300781e+01
2.951016807556152344e+01
2.949523162841796875e+01
2.929875755310058594e+01
2.912797355651855469e+01
2.905656814575195312e+01
2.902419090270996094e+01
2.903820419311523438e+01
2.896279335021972656e+01
2.873181724548339844e+01
2.848518562316894531e+01
2.851238632202148438e+01
2.852874946594238281e+01
2.857034873962402344e+01
2.885621452331542969e+01
2.897856903076171875e+01
2.921377372741699219e+01
2.923077392578125000e+01
2.910248184204101562e+01
2.903789901733398438e+01
2.914352416992187500e+01
2.922481727600097656e+01
2.902402305603027344e+01
2.877488136291503906e+01
2.854250335693359375e+01
2.846479034423828125e+01
2.863259124755859375e+01
2.883060264587402344e+01
2.897775459289550781e+01
2.912272644042968750e+01
2.923252677917480469e+01
2.934626388549804688e+01
2.941788673400878906e+01
2.948249435424804688e+01
2.945416641235351562e+01
2.947142982482910156e+01
2.941670036315917969e+01
2.938515853881835938e+01
2.940082550048828125e+01
2.941185188293457031e+01
2.939520645141601562e+01
2.930112838745117188e+01
2.915745353698730469e+01
2.907048416137695312e+01
2.898160552978515625e+01
2.891074371337890625e+01
2.892672920227050781e+01
2.901615333557128906e+01
2.893970108032226562e+01
2.878693771362304688e+01
2.878630447387695312e+01
2.879763412475585938e+01
2.869489860534667969e+01
2.866695022583007812e+01
2.864115905761718750e+01
2.859105682373046875e+01
2.867621040344238281e+01
2.888899993896484375e+01
2.888317298889160156e+01
2.891636276245117188e+01
2.872569465637207031e+01
2.855389976501464844e+01
2.850292587280273438e+01
2.847229194641113281e+01
2.850884628295898438e+01
2.852069282531738281e+01
2.832296371459960938e+01
2.817446136474609375e+01
2.808447837829589844e+01
2.795330429077148438e+01
2.827014160156250000e+01
2.896121788024902344e+01
