2.849774360656738281e+01
2.789784431457519531e+01
2.786491203308105469e+01
2.800970268249511719e+01
2.801926040649414062e+01
2.805223655700683594e+01
2.819987678527832031e+01
2.779660415649414062e+01
2.755348014831542969e+01
2.746527481079101562e+01
2.743255424499511719e+01
2.720483970642089844e+01
2.699600791931152344e+01
2.708288764953613281e+01
2.686182022094726562e+01
2.757324981689453125e+01
2.776102638244628906e+01
2.712336158752441406e+01
2.696321678161621094e+01
2.719524383544921875e+01
2.719425964355468750e+01
2.740318107604980469e+01
2.757440185546875000e+01
2.745735549926757812e+01
2.729825973510742188e+01
2.755441093444824219e+01
2.757384300231933594e+01
2.793987083435058594e+01
2.838419342041015625e+01
2.836721611022949219e+01
2.821921157836914062e+01
2.819912338256835938e+01
2.818304634094238281e+01
2.805470275878906250e+01
2.789169120788574219e+01
2.768130874633789062e+01
2.746165657043457031e+01
2.734453201293945312e+01
2.726662635803222656e+01
2.717039489746093750e+01
2.709491348266601562e+01
2.691192054748535156e+01
2.685293769836425781e+01
2.706347656250000000e+01
2.732428550720214844e+01
2.729883575439453125e+01
2.724788856506347656e+01
2.756496238708496094e+01
2.775261116027832031e+01
2.776565170288085938e+01
2.780376815795898438e+01
2.807665824890136719e+01
2.837502861022949219e+01
2.831378936767578125e+01
2.823407363891601562e+01
2.799302291870117188e+01
2.753881835937500000e+01
2.709265708923339844e+01
2.693962097167968750e+01
2.709976005554199219e+01
2.750962829589843750e+01
2.799559402465820312e+01
2.853374481201171875e+01
2.872124099731445312e+01
2.850237274169921875e+01
2.835688209533691406e+01
2.805189704895019531e+01
2.785327911376953125e+01
2.770854568481445312e+01
2.743979835510253906e+01
2.731154632568359375e+01
2.745960807800292969e+01
2.758807754516601562e+01
2.747597122192382812e+01
2.752029609680175781e+01
2.784029960632324219e+01
2.787266349792480469e+01
2.788925933837890625e+01
2.794901466369628906e+01
2.792040443420410156e+01
2.815774345397949219e+01
2.832012176513671875e+01
2.804863166809082031e+01
2.765013694763183594e+01
2.746119499206542969e+01
2.734888458251953125e+01
2.736215019226074219e+01
2.752365875244140625e+01
2.730274581909179688e+01
2.730312538146972656e+01
2.730061721801757812e+01
