3.101343727111816406e+01
3.193838882446289062e+01
3.286570739746093750e+01
3.278223037719726562e+01
3.248622131347656250e+01
3.246408843994140625e+01
3.267743682861328125e+01
3.299859619140625000e+01
3.298531723022460938e+01
3.302967071533203125e+01
3.277345657348632812e+01
3.254018402099609375e+01
3.271838378906250000e+01
3.267559432983398438e+01
3.253197479248046875e+01
3.265061569213867188e+01
3.254244613647460938e+01
3.236762619018554688e+01
3.198961830139160156e+01
3.185817909240722656e+01
3.201420593261718750e+01
3.205342483520507812e+01
3.230805587768554688e+01
3.224425888061523438e+01
3.228036117553710938e+01
3.234911727905273438e+01
3.228269195556640625e+01
3.190060806274414062e+01
3.161627769470214844e+01
3.163802528381347656e+01
3.170973014831542969e+01
3.142509269714355469e+01
3.123289871215820312e+01
3.117592811584472656e+01
3.121186065673828125e+01
3.142182922363281250e+01
3.168753433227539062e+01
3.174199295043945312e+01
3.180251884460449219e+01
3.223245239257812500e+01
3.245678329467773438e+01
3.193906593322753906e+01
3.154037475585937500e+01
3.139683341979980469e+01
3.128988265991210938e+01
3.120496368408203125e+01
3.121930885314941406e+01
3.112587928771972656e+01
3.117899322509765625e+01
3.120031356811523438e+01
3.197369575500488281e+01
3.147547340393066406e+01
3.073430442810058594e+01
3.057254600524902344e+01
3.065215873718261719e+01
3.066880416870117188e+01
3.062222862243652344e+01
3.062168312072753906e+01
3.076802062988281250e+01
3.119305610656738281e+01
3.164026832580566406e+01
3.137957572937011719e+01
3.120533561706542969e+01
3.123505210876464844e+01
3.171615600585937500e+01
3.165587806701660156e+01
3.212203216552734375e+01
3.251697158813476562e+01
3.258962631225585938e+01
3.279534912109375000e+01
3.245703506469726562e+01
3.187565994262695312e+01
3.172271728515625000e+01
3.182937049865722656e+01
3.254267883300781250e+01
3.296268844604492188e+01
3.297763061523437500e+01
3.277294540405273438e+01
3.296986007690429688e+01
3.307583618164062500e+01
3.296364212036132812e+01
3.282913970947265625e+01
3.252473831176757812e+01
3.221801376342773438e+01
3.226347732543945312e+01
3.240557861328125000e+01
3.261336898803710938e+01
3.262277221679687500e+01
3.258269119262695312e+01
3.267511367797851562e+01
3.290237045288085938e+01
3.308223342895507812e+01
3.322801971435546875e+01
3.327101516723632812e+01
3.300822067260742188e+01
3.278986740112304688e+01
3.267579650878906250e+01
3.268013381958007812e+01
3.300878906250000000e+01
3.328874969482421875e+01
3.321958541870117188e+01
3.293689727783203125e+01
3.251231765747070312e+01
3.244090652465820312e+01
3.274711227416992188e+01
