3.248543548583984375e+01
3.295985794067382812e+01
3.338717651367187500e+01
3.364685821533203125e+01
3.378532409667968750e+01
3.378751754760742188e+01
3.360004043579101562e+01
3.298880386352539062e+01
3.233210372924804688e+01
3.233378219604492188e+01
3.245442581176757812e+01
3.239558029174804688e+01
3.246115112304687500e+01
3.270625305175781250e+01
3.282141876220703125e+01
3.283930969238281250e+01
3.278213119506835938e+01
3.268616104125976562e+01
3.254566955566406250e+01
3.237309646606445312e+01
3.226683425903320312e+01
3.209801483154296875e+01
3.206654739379882812e+01
3.214454269409179688e+01
3.210852050781250000e+01
3.207821273803710938e+01
3.199629974365234375e+01
3.192150497436523438e+01
3.177625846862792969e+01
3.167017745971679688e+01
3.156587982177734375e+01
3.148654937744140625e+01
3.138252830505371094e+01
3.133449935913085938e+01
3.129216575622558594e+01
3.127061462402343750e+01
3.133528518676757812e+01
3.146809196472167969e+01
3.155131530761718750e+01
3.162500000000000000e+01
3.170532608032226562e+01
3.175026702880859375e+01
3.177724647521972656e+01
3.184489822387695312e+01
3.198475837707519531e+01
3.219855117797851562e+01
3.247126770019531250e+01
3.257630538940429688e+01
3.256004333496093750e+01
3.254185867309570312e+01
3.261430740356445312e+01
3.265283584594726562e+01
3.267942047119140625e+01
3.269810485839843750e+01
3.267746353149414062e+01
3.258330154418945312e+01
3.263632202148437500e+01
3.263783645629882812e+01
3.238718414306640625e+01
3.238703536987304688e+01
3.229459762573242188e+01
3.226492691040039062e+01
3.211289596557617188e+01
3.217539978027343750e+01
3.230062866210937500e+01
3.229460144042968750e+01
3.215060043334960938e+01
3.215359878540039062e+01
3.220054244995117188e+01
3.206855010986328125e+01
3.185728073120117188e+01
3.171387481689453125e+01
3.169588470458984375e+01
3.171981430053710938e+01
3.188317298889160156e+01
3.198210716247558594e+01
3.192344093322753906e+01
3.193886566162109375e+01
3.192262268066406250e+01
3.168902969360351562e+01
3.150615119934082031e+01
3.154566764831542969e+01
3.187251853942871094e+01
3.213717269897460938e+01
3.230124282836914062e+01
3.245763778686523438e+01
3.239583587646484375e+01
3.229017257690429688e+01
3.219692993164062500e+01
3.190813827514648438e+01
3.164059448242187500e+01
3.170347213745117188e+01
3.202017211914062500e+01
3.229209518432617188e+01
3.251937484741210938e+01
3.304618453979492188e+01
3.302702713012695312e+01
3.302420425415039062e+01
3.300309371948242188e+01
3.270971679687500000e+01
3.269461822509765625e+01
3.248270416259765625e+01
3.235815811157226562e+01
3.167894935607910156e+01
3.046175575256347656e+01
2.659591484069824219e+01
