1.985760116577148438e+01
1.992129516601562500e+01
1.999730873107910156e+01
2.007157516479492188e+01
2.012888717651367188e+01
2.017088890075683594e+01
2.019169616699218750e+01
2.018454360961914062e+01
2.014893913269042969e+01
2.011668395996093750e+01
2.010737991333007812e+01
2.009540176391601562e+01
2.007800102233886719e+01
2.008399772644042969e+01
2.009985542297363281e+01
2.009521675109863281e+01
2.007685852050781250e+01
2.010795211791992188e+01
2.014315223693847656e+01
2.015882492065429688e+01
2.014386367797851562e+01
2.009367179870605469e+01
2.007880973815917969e+01
2.007159423828125000e+01
2.002000617980957031e+01
2.002705192565917969e+01
2.006428527832031250e+01
2.009499359130859375e+01
2.014024925231933594e+01
2.017838478088378906e+01
2.018218994140625000e+01
2.018748474121093750e+01
2.020586013793945312e+01
2.021818923950195312e+01
2.025792312622070312e+01
2.030183219909667969e+01
2.029652595520019531e+01
2.030927658081054688e+01
2.035338020324707031e+01
2.035443496704101562e+01
2.038026618957519531e+01
2.043000984191894531e+01
2.043358802795410156e+01
2.046925163269042969e+01
2.048686218261718750e+01
2.043460083007812500e+01
2.044501686096191406e+01
2.050534057617187500e+01
2.052325820922851562e+01
2.054068565368652344e+01
2.055868721008300781e+01
2.056840515136718750e+01
2.055302810668945312e+01
2.051969718933105469e+01
2.059116554260253906e+01
2.075459289550781250e+01
2.090771675109863281e+01
2.109123802185058594e+01
2.126971626281738281e+01
2.147352218627929688e+01
2.136853981018066406e+01
2.113434600830078125e+01
2.101137542724609375e+01
2.085232543945312500e+01
2.071168136596679688e+01
2.058203887939453125e+01
2.044513130187988281e+01
2.032727622985839844e+01
2.026146697998046875e+01
2.020739555358886719e+01
2.016511535644531250e+01
2.018641853332519531e+01
2.019202804565429688e+01
2.020439720153808594e+01
2.026162147521972656e+01
2.031059837341308594e+01
2.034647560119628906e+01
2.040444183349609375e+01
2.044473075866699219e+01
2.044728469848632812e+01
2.044023513793945312e+01
2.039547538757324219e+01
2.034548377990722656e+01
2.035431289672851562e+01
2.036989974975585938e+01
2.034801292419433594e+01
2.036264038085937500e+01
2.033601379394531250e+01
2.029941368103027344e+01
2.033001518249511719e+01
2.035662651062011719e+01
2.030815887451171875e+01
2.039419746398925781e+01
2.047900772094726562e+01
2.044940185546875000e+01
2.060178565979003906e+01
2.070721244812011719e+01
2.044517517089843750e+01
2.036781311035156250e+01
2.035491561889648438e+01
2.028205490112304688e+01
