2.571615600585937500e+01
2.549320030212402344e+01
2.544560813903808594e+01
2.533688926696777344e+01
2.523695564270019531e+01
2.515855789184570312e+01
2.509756088256835938e+01
2.505250930786132812e+01
2.500893211364746094e+01
2.487885284423828125e+01
2.480071449279785156e+01
2.488804817199707031e+01
2.500619506835937500e+01
2.508384895324707031e+01
2.512329101562500000e+01
2.511525726318359375e+01
2.517349624633789062e+01
2.524211502075195312e+01
2.524934196472167969e+01
2.523492622375488281e+01
2.524478912353515625e+01
2.527072143554687500e+01
2.524346542358398438e+01
2.518239402770996094e+01
2.518596649169921875e+01
2.518330001831054688e+01
2.517866325378417969e+01
2.514511299133300781e+01
2.511849784851074219e+01
2.504626655578613281e+01
2.506153488159179688e+01
2.513683319091796875e+01
2.532981300354003906e+01
2.561929321289062500e+01
2.576937675476074219e+01
2.567223358154296875e+01
2.555512046813964844e+01
2.544514846801757812e+01
2.535447502136230469e+01
2.533530044555664062e+01
2.536295890808105469e+01
2.536758041381835938e+01
2.532563018798828125e+01
2.512555313110351562e+01
2.496722221374511719e+01
2.480802345275878906e+01
2.471471214294433594e+01
2.481897163391113281e+01
2.493405914306640625e+01
2.487923049926757812e+01
2.472231674194335938e+01
2.459475708007812500e+01
2.457382202148437500e+01
2.458967018127441406e+01
2.473074531555175781e+01
2.485812759399414062e+01
2.497821998596191406e+01
2.507804679870605469e+01
2.504774475097656250e+01
2.507645225524902344e+01
2.513582992553710938e+01
2.527443504333496094e+01
2.529120063781738281e+01
2.533055686950683594e+01
2.532076072692871094e+01
2.519674682617187500e+01
2.512973403930664062e+01
2.503094673156738281e+01
2.500193595886230469e+01
2.493552970886230469e+01
2.498442268371582031e+01
2.500764846801757812e+01
2.506295585632324219e+01
2.506558036804199219e+01
2.500024795532226562e+01
2.499974060058593750e+01
2.511304473876953125e+01
2.524246406555175781e+01
2.538939476013183594e+01
2.554486465454101562e+01
2.567424774169921875e+01
2.576602172851562500e+01
2.577985763549804688e+01
2.573474311828613281e+01
2.568753623962402344e+01
2.568043899536132812e+01
2.570252227783203125e+01
2.570335388183593750e+01
2.568918228149414062e+01
2.562871551513671875e+01
2.546581268310546875e+01
2.534328269958496094e+01
2.506519126892089844e+01
2.482400131225585938e+01
2.473090744018554688e+01
2.471702003479003906e+01
2.473818206787109375e+01
2.479900550842285156e+01
2.496632194519042969e+01
2.520573425292968750e+01
2.536623573303222656e+01
2.545593070983886719e+01
2.548626518249511719e+01
2.546589279174804688e+01
2.542403411865234375e+01
2.554516029357910156e+01
2.571276283264160156e+01
