2.649814033508300781e+01
2.698622512817382812e+01
2.718726730346679688e+01
2.681389808654785156e+01
2.635329437255859375e+01
2.631921958923339844e+01
2.610395240783691406e+01
2.639215660095214844e+01
2.687270164489746094e+01
2.664988899230957031e+01
2.649059867858886719e+01
2.630066490173339844e+01
2.631673240661621094e+01
2.628528213500976562e+01
2.638843917846679688e+01
2.645249938964843750e+01
2.614061546325683594e+01
2.622988128662109375e+01
2.659871101379394531e+01
2.678953361511230469e+01
2.697788238525390625e+01
2.702542304992675781e+01
2.703128623962402344e+01
2.698487854003906250e+01
2.680988693237304688e+01
2.671917533874511719e+01
2.670581817626953125e+01
2.669383239746093750e+01
2.676068115234375000e+01
2.682922172546386719e+01
2.681775283813476562e+01
2.674871635437011719e+01
2.660910797119140625e+01
2.638891410827636719e+01
2.627197265625000000e+01
2.619411849975585938e+01
2.613781356811523438e+01
2.612280082702636719e+01
2.610305404663085938e+01
2.609984970092773438e+01
2.617915153503417969e+01
2.617168998718261719e+01
2.622274208068847656e+01
2.626649093627929688e+01
2.619283485412597656e+01
2.613792419433593750e+01
2.609511947631835938e+01
2.609710311889648438e+01
2.609718132019042969e+01
2.609064102172851562e+01
2.605175590515136719e+01
2.587593078613281250e+01
2.580130195617675781e+01
2.567041969299316406e+01
2.546715736389160156e+01
2.537673759460449219e+01
2.551630210876464844e+01
2.565938949584960938e+01
2.578621101379394531e+01
2.593669319152832031e+01
2.600707054138183594e+01
2.603274726867675781e+01
2.599361038208007812e+01
2.600953483581542969e+01
2.606053733825683594e+01
2.622955322265625000e+01
2.640389060974121094e+01
2.652776336669921875e+01
2.668946647644042969e+01
2.667420005798339844e+01
2.665527725219726562e+01
2.654045486450195312e+01
2.645643615722656250e+01
2.642280387878417969e+01
2.622712326049804688e+01
2.618760681152343750e+01
2.606663131713867188e+01
2.598187065124511719e+01
2.611875152587890625e+01
2.612840843200683594e+01
2.614223480224609375e+01
2.603853607177734375e+01
2.587000846862792969e+01
2.575891876220703125e+01
2.539239120483398438e+01
2.536470985412597656e+01
2.528539657592773438e+01
2.525239372253417969e+01
2.529123687744140625e+01
2.506293106079101562e+01
2.476622581481933594e+01
2.433613586425781250e+01
2.406023406982421875e+01
2.479278373718261719e+01
2.473880767822265625e+01
2.491198730468750000e+01
2.453778648376464844e+01
2.415704727172851562e+01
