2.541857910156250000e+01
2.517328453063964844e+01
2.486953353881835938e+01
2.489957046508789062e+01
2.484123992919921875e+01
2.508454513549804688e+01
2.512331008911132812e+01
2.496356582641601562e+01
2.515492820739746094e+01
2.532515716552734375e+01
2.553123092651367188e+01
2.555592155456542969e+01
2.554372978210449219e+01
2.542193222045898438e+01
2.523246955871582031e+01
2.511471366882324219e+01
2.519929885864257812e+01
2.537333679199218750e+01
2.555861854553222656e+01
2.553779411315917969e+01
2.555655479431152344e+01
2.564354705810546875e+01
2.567056465148925781e+01
2.569275093078613281e+01
2.570556068420410156e+01
2.571945762634277344e+01
2.576360321044921875e+01
2.578041076660156250e+01
2.581095504760742188e+01
2.578083801269531250e+01
2.574308967590332031e+01
2.571339797973632812e+01
2.565608024597167969e+01
2.554316902160644531e+01
2.538478851318359375e+01
2.532316970825195312e+01
2.537430763244628906e+01
2.550551414489746094e+01
2.560444641113281250e+01
2.563824081420898438e+01
2.570354652404785156e+01
2.580945968627929688e+01
2.588563919067382812e+01
2.592953109741210938e+01
2.585195541381835938e+01
2.562502861022949219e+01
2.542129516601562500e+01
2.518784713745117188e+01
2.506792831420898438e+01
2.498526191711425781e+01
2.473590469360351562e+01
2.448456192016601562e+01
2.433901405334472656e+01
2.437960052490234375e+01
2.457660293579101562e+01
2.475189208984375000e+01
2.491116714477539062e+01
2.508221054077148438e+01
2.525763511657714844e+01
2.544801139831542969e+01
2.561017417907714844e+01
2.563695526123046875e+01
2.555562400817871094e+01
2.537734985351562500e+01
2.500322341918945312e+01
2.477219963073730469e+01
2.461690139770507812e+01
2.457764816284179688e+01
2.456982421875000000e+01
2.449456214904785156e+01
2.424699592590332031e+01
2.406610107421875000e+01
2.395841789245605469e+01
2.398836898803710938e+01
2.408179473876953125e+01
2.411888885498046875e+01
2.414955520629882812e+01
2.425989341735839844e+01
2.422230148315429688e+01
2.380986213684082031e+01
2.353830337524414062e+01
2.352919387817382812e+01
2.362998008728027344e+01
2.358319473266601562e+01
2.349237442016601562e+01
2.386929321289062500e+01
2.446719169616699219e+01
2.464016532897949219e+01
2.504040718078613281e+01
2.532215881347656250e+01
2.550023651123046875e+01
2.518020439147949219e+01
2.411714744567871094e+01
2.293482971191406250e+01
2.223097801208496094e+01
2.236920928955078125e+01
2.320383453369140625e+01
2.439482307434082031e+01
2.486056137084960938e+01
2.500449562072753906e+01
2.502826881408691406e+01
2.505335998535156250e+01
