3.261549377441406250e+01
3.428660964965820312e+01
3.432565307617187500e+01
3.488687515258789062e+01
3.588640975952148438e+01
3.669874572753906250e+01
3.703457641601562500e+01
3.714567565917968750e+01
3.732703399658203125e+01
3.717520904541015625e+01
3.594419479370117188e+01
3.600853347778320312e+01
3.601461410522460938e+01
3.651461029052734375e+01
3.676623535156250000e+01
3.680350875854492188e+01
3.592073059082031250e+01
3.516448593139648438e+01
3.511081314086914062e+01
3.489764404296875000e+01
3.491272735595703125e+01
3.461050415039062500e+01
3.416936111450195312e+01
3.394039154052734375e+01
3.451064682006835938e+01
3.482351684570312500e+01
3.497731018066406250e+01
3.542835998535156250e+01
3.614124298095703125e+01
3.662366104125976562e+01
3.678800201416015625e+01
3.680914688110351562e+01
3.667659378051757812e+01
3.570963287353515625e+01
3.506878662109375000e+01
3.495328903198242188e+01
3.497651290893554688e+01
3.568976211547851562e+01
3.624450683593750000e+01
3.647067260742187500e+01
3.660754394531250000e+01
3.710371780395507812e+01
3.721016693115234375e+01
3.720185089111328125e+01
3.723275375366210938e+01
3.732604217529296875e+01
3.736188888549804688e+01
3.731474304199218750e+01
3.738658142089843750e+01
3.733384323120117188e+01
3.583611297607421875e+01
3.471749114990234375e+01
3.435852050781250000e+01
3.426834487915039062e+01
3.450774383544921875e+01
3.474115753173828125e+01
3.509657669067382812e+01
3.483544540405273438e+01
3.538862991333007812e+01
3.583848953247070312e+01
3.670576095581054688e+01
3.640906524658203125e+01
3.609068679809570312e+01
3.628464508056640625e+01
3.652830505371093750e+01
3.654995346069335938e+01
3.605992507934570312e+01
3.460788345336914062e+01
3.399080657958984375e+01
3.378516387939453125e+01
3.391282653808593750e+01
3.394402313232421875e+01
3.390031433105468750e+01
3.413822174072265625e+01
3.462883758544921875e+01
3.502627944946289062e+01
3.551314544677734375e+01
3.538272476196289062e+01
3.466294860839843750e+01
3.481110763549804688e+01
3.621332550048828125e+01
3.604437255859375000e+01
3.586629486083984375e+01
3.571376800537109375e+01
3.552297210693359375e+01
3.508274459838867188e+01
3.478669738769531250e+01
3.516204071044921875e+01
3.581693649291992188e+01
3.560935592651367188e+01
3.504278564453125000e+01
3.506945419311523438e+01
3.527707672119140625e+01
3.567648315429687500e+01
3.543441009521484375e+01
3.525096511840820312e+01
3.500450897216796875e+01
3.483495712280273438e+01
3.521303558349609375e+01
3.564216232299804688e+01
3.473341751098632812e+01
3.414048767089843750e+01
3.410603713989257812e+01
3.411778640747070312e+01
3.386687850952148438e+01
3.409600448608398438e+01
3.376609420776367188e+01
3.359809112548828125e+01
