2.816867256164550781e+01
2.792480087280273438e+01
2.765320777893066406e+01
2.758185958862304688e+01
2.771956062316894531e+01
2.808797264099121094e+01
2.843594169616699219e+01
2.870519638061523438e+01
2.919651412963867188e+01
2.884391212463378906e+01
2.861998367309570312e+01
2.836254119873046875e+01
2.806655693054199219e+01
2.790585517883300781e+01
2.768965339660644531e+01
2.774223518371582031e+01
2.772705078125000000e+01
2.748542594909667969e+01
2.756040763854980469e+01
2.762221527099609375e+01
2.768754959106445312e+01
2.790536880493164062e+01
2.815901756286621094e+01
2.831922721862792969e+01
2.830573081970214844e+01
2.808010482788085938e+01
2.795182037353515625e+01
2.768214416503906250e+01
2.769010353088378906e+01
2.793871307373046875e+01
2.789949226379394531e+01
2.786053848266601562e+01
2.785379409790039062e+01
2.773735237121582031e+01
2.766263771057128906e+01
2.761112785339355469e+01
2.765992927551269531e+01
2.779665184020996094e+01
2.781200218200683594e+01
2.792151832580566406e+01
2.797188568115234375e+01
2.807483291625976562e+01
2.830805015563964844e+01
2.831616783142089844e+01
2.840797996520996094e+01
2.842250633239746094e+01
2.835420799255371094e+01
2.821482467651367188e+01
2.808511543273925781e+01
2.794326210021972656e+01
2.791430854797363281e+01
2.777506637573242188e+01
2.759984779357910156e+01
2.742631530761718750e+01
2.745357894897460938e+01
2.760118675231933594e+01
2.769533729553222656e+01
2.775395774841308594e+01
2.768704414367675781e+01
2.762601280212402344e+01
2.767782592773437500e+01
2.762097167968750000e+01
2.752110671997070312e+01
2.752802658081054688e+01
2.758665275573730469e+01
2.762332725524902344e+01
2.782725524902343750e+01
2.782664489746093750e+01
2.783885765075683594e+01
2.769772529602050781e+01
2.757581520080566406e+01
2.755090332031250000e+01
2.756495094299316406e+01
2.764480590820312500e+01
2.784908103942871094e+01
2.793210601806640625e+01
2.792053031921386719e+01
2.774489021301269531e+01
2.772729492187500000e+01
2.775279617309570312e+01
2.808774948120117188e+01
2.829277229309082031e+01
2.805161094665527344e+01
2.807427024841308594e+01
2.787662315368652344e+01
2.752463722229003906e+01
2.791734695434570312e+01
2.851054382324218750e+01
2.868880462646484375e+01
2.865894889831542969e+01
2.878462600708007812e+01
2.890563201904296875e+01
2.884692764282226562e+01
2.850764274597167969e+01
2.837031555175781250e+01
2.834391403198242188e+01
2.855570030212402344e+01
