2.627470588684082031e+01
2.639411544799804688e+01
2.665958023071289062e+01
2.669338798522949219e+01
2.678169631958007812e+01
2.684548568725585938e+01
2.679007530212402344e+01
2.683854103088378906e+01
2.680981826782226562e+01
2.676481437683105469e+01
2.681603050231933594e+01
2.681962585449218750e+01
2.683481216430664062e+01
2.671315193176269531e+01
2.665510749816894531e+01
2.658386611938476562e+01
2.651797676086425781e+01
2.641543579101562500e+01
2.629377746582031250e+01
2.633144569396972656e+01
2.644193077087402344e+01
2.659572982788085938e+01
2.670244026184082031e+01
2.670465469360351562e+01
2.635527610778808594e+01
2.605888557434082031e+01
2.582451057434082031e+01
2.588893318176269531e+01
2.617374801635742188e+01
2.634050369262695312e+01
2.648652458190917969e+01
2.663792610168457031e+01
2.669803428649902344e+01
2.675044059753417969e+01
2.679120063781738281e+01
2.678720664978027344e+01
2.681780242919921875e+01
2.691765022277832031e+01
2.696162605285644531e+01
2.693059539794921875e+01
2.682904243469238281e+01
2.663823127746582031e+01
2.640931320190429688e+01
2.622504615783691406e+01
2.615598487854003906e+01
2.614862251281738281e+01
2.620742034912109375e+01
2.632225799560546875e+01
2.640661239624023438e+01
2.658443450927734375e+01
2.672592353820800781e+01
2.678176879882812500e+01
2.693766784667968750e+01
2.695972633361816406e+01
2.697052383422851562e+01
2.702701187133789062e+01
2.707568168640136719e+01
2.703219604492187500e+01
2.704924964904785156e+01
2.702351570129394531e+01
2.696294593811035156e+01
2.702512741088867188e+01
2.699194717407226562e+01
2.701240730285644531e+01
2.705685234069824219e+01
2.707275962829589844e+01
2.702921295166015625e+01
2.699323844909667969e+01
2.701340484619140625e+01
2.698223686218261719e+01
2.687302017211914062e+01
2.680937576293945312e+01
2.684389114379882812e+01
2.684094047546386719e+01
2.688485908508300781e+01
2.692865943908691406e+01
2.685562705993652344e+01
2.681278610229492188e+01
2.679513549804687500e+01
2.676182174682617188e+01
2.671203231811523438e+01
2.644486236572265625e+01
2.622591590881347656e+01
2.625057601928710938e+01
2.614864158630371094e+01
2.612673950195312500e+01
2.609106254577636719e+01
2.616991233825683594e+01
2.653875160217285156e+01
2.665882682800292969e+01
2.669391059875488281e+01
2.669676589965820312e+01
2.664467048645019531e+01
2.680362701416015625e+01
2.664969825744628906e+01
2.638330650329589844e+01
2.624171257019042969e+01
2.627359199523925781e+01
2.647560882568359375e+01
