2.103266716003417969e+01
2.107332611083984375e+01
2.122735977172851562e+01
2.239046096801757812e+01
2.373219871520996094e+01
2.431628036499023438e+01
2.457230186462402344e+01
2.526722908020019531e+01
2.579686927795410156e+01
2.613672447204589844e+01
2.586781120300292969e+01
2.526880073547363281e+01
2.491830253601074219e+01
2.497781944274902344e+01
2.498438644409179688e+01
2.498461532592773438e+01
2.492098617553710938e+01
2.498385620117187500e+01
2.531976318359375000e+01
2.562629318237304688e+01
2.608505249023437500e+01
2.606093788146972656e+01
2.568166542053222656e+01
2.546912765502929688e+01
2.551461410522460938e+01
2.557354927062988281e+01
2.559812927246093750e+01
2.560980224609375000e+01
2.551389694213867188e+01
2.536543655395507812e+01
2.526802444458007812e+01
2.526952362060546875e+01
2.500245666503906250e+01
2.469054603576660156e+01
2.458407402038574219e+01
2.455568122863769531e+01
2.452408790588378906e+01
2.445317077636718750e+01
2.443036651611328125e+01
2.449839782714843750e+01
2.456801414489746094e+01
2.452508735656738281e+01
2.450067710876464844e+01
2.456740188598632812e+01
2.465966606140136719e+01
2.480316734313964844e+01
2.507201004028320312e+01
2.532274627685546875e+01
2.562175559997558594e+01
2.596428489685058594e+01
2.642161369323730469e+01
2.690980529785156250e+01
2.701378822326660156e+01
2.689751434326171875e+01
2.641501235961914062e+01
2.618006706237792969e+01
2.619355392456054688e+01
2.633357810974121094e+01
2.633811378479003906e+01
2.642491722106933594e+01
2.639899253845214844e+01
2.629105758666992188e+01
2.611430358886718750e+01
2.616968345642089844e+01
2.657420349121093750e+01
2.695559883117675781e+01
2.707995796203613281e+01
2.702759742736816406e+01
2.688323783874511719e+01
2.675930213928222656e+01
2.662605285644531250e+01
2.670585823059082031e+01
2.683828353881835938e+01
2.694745254516601562e+01
2.695559883117675781e+01
2.679815864562988281e+01
2.665578079223632812e+01
2.660215568542480469e+01
2.660078811645507812e+01
2.657766532897949219e+01
2.658318710327148438e+01
2.652041053771972656e+01
2.631020545959472656e+01
2.610656356811523438e+01
2.606523895263671875e+01
2.607888984680175781e+01
2.613403701782226562e+01
2.623242568969726562e+01
2.628383064270019531e+01
2.646286964416503906e+01
2.659009170532226562e+01
2.675831222534179688e+01
2.689690780639648438e+01
2.670214080810546875e+01
2.655859756469726562e+01
2.643198394775390625e+01
2.638414382934570312e+01
2.647701263427734375e+01
2.662764739990234375e+01
2.681801033020019531e+01
2.720351219177246094e+01
2.757312393188476562e+01
2.777407836914062500e+01
2.754959106445312500e+01
2.699438476562500000e+01
2.656052017211914062e+01
