3.123364830017089844e+01
3.130101966857910156e+01
3.109322357177734375e+01
3.105923652648925781e+01
3.087528419494628906e+01
3.066850090026855469e+01
3.060787200927734375e+01
3.038625335693359375e+01
3.044048118591308594e+01
3.044080352783203125e+01
3.028478050231933594e+01
3.041012573242187500e+01
3.063188743591308594e+01
3.078016090393066406e+01
3.068809318542480469e+01
3.082921409606933594e+01
3.113326835632324219e+01
3.102119636535644531e+01
3.097422218322753906e+01
3.107842063903808594e+01
3.126439285278320312e+01
3.074188804626464844e+01
2.978367805480957031e+01
3.006240272521972656e+01
3.087059593200683594e+01
3.154677391052246094e+01
3.204024887084960938e+01
3.203334045410156250e+01
3.191429519653320312e+01
3.155497932434082031e+01
3.140431785583496094e+01
3.142215919494628906e+01
3.128348922729492188e+01
3.141463279724121094e+01
3.161263465881347656e+01
3.118004035949707031e+01
3.075706672668457031e+01
3.024605369567871094e+01
3.027132606506347656e+01
3.100411796569824219e+01
3.122793769836425781e+01
3.126030921936035156e+01
3.090320396423339844e+01
3.009769248962402344e+01
2.844232177734375000e+01
2.762687683105468750e+01
2.776928901672363281e+01
2.826656150817871094e+01
2.733131790161132812e+01
2.649148750305175781e+01
2.693480300903320312e+01
2.718898010253906250e+01
2.698864936828613281e+01
2.747914314270019531e+01
2.799800491333007812e+01
2.764372825622558594e+01
2.837138366699218750e+01
2.890576934814453125e+01
2.933071899414062500e+01
2.988138198852539062e+01
3.065642356872558594e+01
3.072002983093261719e+01
3.112992095947265625e+01
3.131663513183593750e+01
3.086180686950683594e+01
3.016544342041015625e+01
3.017236900329589844e+01
3.051184272766113281e+01
3.083311080932617188e+01
3.102606773376464844e+01
3.105497741699218750e+01
3.037734985351562500e+01
2.986989212036132812e+01
2.892886924743652344e+01
2.717101860046386719e+01
2.628405380249023438e+01
2.662197303771972656e+01
2.638051414489746094e+01
2.602530097961425781e+01
2.612801933288574219e+01
2.645992851257324219e+01
2.728960609436035156e+01
2.761353683471679688e+01
2.755444526672363281e+01
2.739555549621582031e+01
2.751897621154785156e+01
2.754458236694335938e+01
2.722318267822265625e+01
2.676680374145507812e+01
2.679803276062011719e+01
2.861655235290527344e+01
3.087536811828613281e+01
3.080310440063476562e+01
3.105067443847656250e+01
3.112185287475585938e+01
2.941364097595214844e+01
2.902055549621582031e+01
2.885645103454589844e+01
2.819948768615722656e+01
2.722266578674316406e+01
2.688421630859375000e+01
2.707114028930664062e+01
2.749803733825683594e+01
