2.988179588317871094e+01
3.067902755737304688e+01
3.092521095275878906e+01
3.075476264953613281e+01
3.051389312744140625e+01
3.059004592895507812e+01
3.058891487121582031e+01
3.056167411804199219e+01
3.080365943908691406e+01
3.106415367126464844e+01
3.089544486999511719e+01
3.078269386291503906e+01
3.092268943786621094e+01
3.096368217468261719e+01
3.093152046203613281e+01
3.074725914001464844e+01
3.089886856079101562e+01
3.093134498596191406e+01
3.097075271606445312e+01
3.100885963439941406e+01
3.083746528625488281e+01
3.065982818603515625e+01
3.058541679382324219e+01
3.092327880859375000e+01
3.094309425354003906e+01
3.102895355224609375e+01
3.118915557861328125e+01
3.083571052551269531e+01
3.047974586486816406e+01
3.035622978210449219e+01
3.018169021606445312e+01
2.999271583557128906e+01
2.981488037109375000e+01
2.955765914916992188e+01
2.936487770080566406e+01
2.918690299987792969e+01
2.904127502441406250e+01
2.910091209411621094e+01
2.917232131958007812e+01
2.902994728088378906e+01
2.897018241882324219e+01
2.903885650634765625e+01
2.919948959350585938e+01
2.935015869140625000e+01
2.932996749877929688e+01
2.914862060546875000e+01
2.917950820922851562e+01
2.921172904968261719e+01
2.914567756652832031e+01
2.914802169799804688e+01
2.917849731445312500e+01
2.921201705932617188e+01
2.927033996582031250e+01
2.923340988159179688e+01
2.919706916809082031e+01
2.922031211853027344e+01
2.912392997741699219e+01
2.915239715576171875e+01
2.933851051330566406e+01
2.944213294982910156e+01
2.935653114318847656e+01
2.928895950317382812e+01
2.924183082580566406e+01
2.924121665954589844e+01
2.926708221435546875e+01
2.935436439514160156e+01
2.945350837707519531e+01
2.941497611999511719e+01
2.944324302673339844e+01
2.952884292602539062e+01
2.962328529357910156e+01
2.959850120544433594e+01
2.960783195495605469e+01
2.949889755249023438e+01
2.945110702514648438e+01
2.951623153686523438e+01
2.959669113159179688e+01
2.958901977539062500e+01
2.948788070678710938e+01
2.956654357910156250e+01
2.965478515625000000e+01
2.977097702026367188e+01
2.976928329467773438e+01
2.989559555053710938e+01
3.007813835144042969e+01
3.024596977233886719e+01
3.008802413940429688e+01
2.975055503845214844e+01
2.964576911926269531e+01
2.978085327148437500e+01
2.991138839721679688e+01
3.001242637634277344e+01
2.980438423156738281e+01
2.950419616699218750e+01
2.943863868713378906e+01
2.938883018493652344e+01
2.920315551757812500e+01
2.890078544616699219e+01
2.870260238647460938e+01
