3.157650947570800781e+01
3.170467948913574219e+01
3.111849784851074219e+01
3.060846138000488281e+01
3.030493927001953125e+01
3.046178054809570312e+01
3.053197479248046875e+01
3.061478042602539062e+01
3.083847236633300781e+01
3.108849906921386719e+01
3.139623832702636719e+01
3.143737602233886719e+01
3.162435722351074219e+01
3.167046165466308594e+01
3.161000633239746094e+01
3.159899711608886719e+01
3.188461685180664062e+01
3.226104736328125000e+01
3.244732666015625000e+01
3.253787994384765625e+01
3.258236694335937500e+01
3.257964706420898438e+01
3.205794143676757812e+01
3.164025878906250000e+01
3.136432456970214844e+01
3.119169044494628906e+01
3.072197914123535156e+01
3.001482582092285156e+01
2.982211494445800781e+01
2.985948371887207031e+01
2.989759254455566406e+01
2.983970069885253906e+01
2.980554389953613281e+01
2.978244018554687500e+01
2.968268394470214844e+01
2.966121482849121094e+01
2.969408035278320312e+01
2.985602378845214844e+01
2.985621070861816406e+01
2.962365341186523438e+01
2.969001388549804688e+01
3.014358711242675781e+01
3.089187812805175781e+01
3.154419898986816406e+01
3.146412277221679688e+01
3.103721046447753906e+01
3.065722465515136719e+01
3.042903709411621094e+01
3.024161148071289062e+01
2.992049026489257812e+01
2.986276054382324219e+01
2.963267326354980469e+01
2.954800796508789062e+01
2.938811683654785156e+01
3.042890357971191406e+01
3.073618698120117188e+01
3.074378585815429688e+01
3.099072456359863281e+01
3.130840301513671875e+01
3.110984420776367188e+01
3.083388519287109375e+01
3.093396377563476562e+01
3.111014556884765625e+01
3.105258750915527344e+01
3.100689888000488281e+01
3.093073844909667969e+01
3.084446525573730469e+01
3.071971893310546875e+01
3.062618446350097656e+01
3.054798316955566406e+01
3.068260383605957031e+01
3.099402046203613281e+01
3.095473289489746094e+01
3.079823493957519531e+01
3.063212585449218750e+01
3.076034736633300781e+01
3.099590492248535156e+01
3.130160140991210938e+01
3.175078392028808594e+01
3.161945533752441406e+01
3.175722885131835938e+01
3.221553421020507812e+01
3.237748336791992188e+01
3.238393020629882812e+01
3.176105117797851562e+01
3.160026931762695312e+01
3.175797462463378906e+01
3.169485092163085938e+01
3.124270248413085938e+01
3.145893096923828125e+01
3.194444656372070312e+01
3.223836135864257812e+01
3.223368453979492188e+01
3.193040847778320312e+01
3.115965080261230469e+01
3.075770378112792969e+01
3.071520805358886719e+01
3.091631507873535156e+01
3.061829757690429688e+01
3.035397148132324219e+01
2.992796134948730469e+01
2.959374618530273438e+01
2.989021682739257812e+01
3.053903770446777344e+01
3.074538803100585938e+01
3.224068832397460938e+01
3.235347366333007812e+01
3.217818450927734375e+01
