2.933749008178710938e+01
2.898737525939941406e+01
2.886621475219726562e+01
2.914006423950195312e+01
2.929179954528808594e+01
2.952411460876464844e+01
2.936499023437500000e+01
2.902602005004882812e+01
2.883950996398925781e+01
2.892319488525390625e+01
2.907901382446289062e+01
2.923238754272460938e+01
2.915661430358886719e+01
2.907852935791015625e+01
2.910513114929199219e+01
2.926117706298828125e+01
2.960513496398925781e+01
2.973076248168945312e+01
2.968529319763183594e+01
2.997881126403808594e+01
3.028840637207031250e+01
3.046806144714355469e+01
3.066103935241699219e+01
3.087907600402832031e+01
3.071698379516601562e+01
3.041414642333984375e+01
2.978038597106933594e+01
2.946813583374023438e+01
2.934874153137207031e+01
2.935129165649414062e+01
2.927352142333984375e+01
2.924931335449218750e+01
2.931976890563964844e+01
2.942765998840332031e+01
2.952620887756347656e+01
2.967541885375976562e+01
2.988890075683593750e+01
3.027804183959960938e+01
3.043415641784667969e+01
3.043837356567382812e+01
3.056791305541992188e+01
3.070974540710449219e+01
3.075367546081542969e+01
3.079454994201660156e+01
3.073661613464355469e+01
3.067436218261718750e+01
3.062503242492675781e+01
3.047509384155273438e+01
3.027676582336425781e+01
3.025419235229492188e+01
3.024316596984863281e+01
3.029617118835449219e+01
3.040923881530761719e+01
3.045694732666015625e+01
3.055478096008300781e+01
3.063787841796875000e+01
3.064264297485351562e+01
3.077685928344726562e+01
3.080236053466796875e+01
3.067113494873046875e+01
3.047623252868652344e+01
3.028759002685546875e+01
3.009998703002929688e+01
3.006270790100097656e+01
3.005618095397949219e+01
3.000321197509765625e+01
3.008493995666503906e+01
3.014261245727539062e+01
3.013249969482421875e+01
3.009472656250000000e+01
3.000484466552734375e+01
2.993442916870117188e+01
2.993358612060546875e+01
2.978953170776367188e+01
2.962733840942382812e+01
2.960011482238769531e+01
2.962465476989746094e+01
2.951039123535156250e+01
2.958030891418457031e+01
2.980070877075195312e+01
2.998703002929687500e+01
3.019490432739257812e+01
3.038615989685058594e+01
3.028943252563476562e+01
3.032019996643066406e+01
2.990797615051269531e+01
2.960004234313964844e+01
2.936285018920898438e+01
2.925528526306152344e+01
2.918846511840820312e+01
2.888044548034667969e+01
2.868203163146972656e+01
2.918946647644042969e+01
3.033806991577148438e+01
3.121401596069335938e+01
