2.023789215087890625e+01
2.100604248046875000e+01
2.104317855834960938e+01
2.090249824523925781e+01
2.064420509338378906e+01
2.015279006958007812e+01
1.986346244812011719e+01
1.944097709655761719e+01
1.945595359802246094e+01
1.912509346008300781e+01
1.896852493286132812e+01
1.876033782958984375e+01
1.876490974426269531e+01
1.851649284362792969e+01
1.834209442138671875e+01
1.833135604858398438e+01
1.842328834533691406e+01
1.860824775695800781e+01
1.865965461730957031e+01
1.879149818420410156e+01
1.886195564270019531e+01
1.891351699829101562e+01
1.907010078430175781e+01
1.924074745178222656e+01
1.955282783508300781e+01
1.960033798217773438e+01
1.965312194824218750e+01
1.989034080505371094e+01
2.002943038940429688e+01
2.004253196716308594e+01
2.009020805358886719e+01
2.018177986145019531e+01
2.014783859252929688e+01
2.022883796691894531e+01
2.032338905334472656e+01
2.044819641113281250e+01
2.049832916259765625e+01
2.025382232666015625e+01
2.013151550292968750e+01
2.013488388061523438e+01
2.028528976440429688e+01
2.033544349670410156e+01
2.046519279479980469e+01
2.065223312377929688e+01
2.068153953552246094e+01
2.047036170959472656e+01
2.034576034545898438e+01
2.034828567504882812e+01
2.041419029235839844e+01
2.067723274230957031e+01
2.089368247985839844e+01
2.123389434814453125e+01
2.139173889160156250e+01
2.166333389282226562e+01
2.193143272399902344e+01
2.203464126586914062e+01
2.215402412414550781e+01
2.213900947570800781e+01
2.215371894836425781e+01
2.195479965209960938e+01
2.169455718994140625e+01
2.159793853759765625e+01
2.145884704589843750e+01
2.128780364990234375e+01
2.114473152160644531e+01
2.108283233642578125e+01
2.127607727050781250e+01
2.153710937500000000e+01
2.185884475708007812e+01
2.202730560302734375e+01
2.221586227416992188e+01
2.210459136962890625e+01
2.213025283813476562e+01
2.216439247131347656e+01
2.209115791320800781e+01
2.182947921752929688e+01
2.184906959533691406e+01
2.213087081909179688e+01
2.227831268310546875e+01
2.250784683227539062e+01
2.273326301574707031e+01
2.334505844116210938e+01
2.349686622619628906e+01
2.359662246704101562e+01
2.343715095520019531e+01
2.345653533935546875e+01
2.341458320617675781e+01
2.351250076293945312e+01
2.367056274414062500e+01
2.358423805236816406e+01
2.348389053344726562e+01
2.306384468078613281e+01
2.260246086120605469e+01
2.188016128540039062e+01
2.164018249511718750e+01
2.160086059570312500e+01
2.177459716796875000e+01
2.281459426879882812e+01
2.415107727050781250e+01
2.457514381408691406e+01
2.415921401977539062e+01
2.267476844787597656e+01
2.202641868591308594e+01
2.293075561523437500e+01
2.365449905395507812e+01
2.461912536621093750e+01
2.462292671203613281e+01
2.467924118041992188e+01
2.413549232482910156e+01
