3.520083999633789062e+01
3.504595947265625000e+01
3.564103698730468750e+01
3.633118438720703125e+01
3.500297546386718750e+01
3.400127029418945312e+01
3.378672790527343750e+01
3.396520614624023438e+01
3.435203933715820312e+01
3.508790206909179688e+01
3.618478012084960938e+01
3.610485458374023438e+01
3.549528503417968750e+01
3.432067108154296875e+01
3.403660964965820312e+01
3.361576843261718750e+01
3.319107437133789062e+01
3.296776199340820312e+01
3.314846420288085938e+01
3.368180465698242188e+01
3.357664489746093750e+01
3.349290466308593750e+01
3.350056076049804688e+01
3.360361099243164062e+01
3.356564331054687500e+01
3.347835540771484375e+01
3.327518844604492188e+01
3.308070755004882812e+01
3.289086914062500000e+01
3.301126098632812500e+01
3.345376968383789062e+01
3.424934768676757812e+01
3.480382919311523438e+01
3.460025787353515625e+01
3.409051513671875000e+01
3.370027542114257812e+01
3.349179458618164062e+01
3.320859146118164062e+01
3.296049499511718750e+01
3.303596878051757812e+01
3.369808578491210938e+01
3.447922897338867188e+01
3.435352706909179688e+01
3.378033447265625000e+01
3.343090057373046875e+01
3.324460983276367188e+01
3.348653793334960938e+01
3.380685043334960938e+01
3.434328079223632812e+01
3.474258041381835938e+01
3.486522293090820312e+01
3.497412490844726562e+01
3.479565811157226562e+01
3.557386779785156250e+01
3.608731842041015625e+01
3.467902374267578125e+01
3.422196960449218750e+01
3.373931884765625000e+01
3.355160522460937500e+01
3.347159957885742188e+01
3.364532470703125000e+01
3.385097503662109375e+01
3.403087997436523438e+01
3.403220748901367188e+01
3.421922683715820312e+01
3.416002273559570312e+01
3.411809539794921875e+01
3.448100662231445312e+01
3.469284439086914062e+01
3.477065658569335938e+01
3.471871185302734375e+01
3.431608200073242188e+01
3.415959167480468750e+01
3.429663848876953125e+01
3.460741806030273438e+01
3.437672424316406250e+01
3.406999588012695312e+01
3.398915481567382812e+01
3.411862182617187500e+01
3.465652465820312500e+01
3.564817047119140625e+01
3.542853164672851562e+01
3.447447204589843750e+01
3.430671310424804688e+01
3.415200042724609375e+01
3.403911972045898438e+01
3.393870162963867188e+01
3.379736328125000000e+01
3.396580505371093750e+01
3.418428039550781250e+01
