3.219858932495117188e+01
3.191384887695312500e+01
3.204776382446289062e+01
3.236154556274414062e+01
3.226628875732421875e+01
3.232513427734375000e+01
3.256599807739257812e+01
3.280803680419921875e+01
3.274980545043945312e+01
3.221254348754882812e+01
3.189634132385253906e+01
3.181083106994628906e+01
3.221636962890625000e+01
3.243986511230468750e+01
3.196178245544433594e+01
3.173125839233398438e+01
3.193938827514648438e+01
3.215586090087890625e+01
3.233357620239257812e+01
3.261367034912109375e+01
3.261690902709960938e+01
3.238098144531250000e+01
3.214473724365234375e+01
3.192762374877929688e+01
3.172651863098144531e+01
3.171873092651367188e+01
3.187365531921386719e+01
3.194232940673828125e+01
3.164535140991210938e+01
3.137609291076660156e+01
3.151956748962402344e+01
3.184685325622558594e+01
3.185667419433593750e+01
3.173275947570800781e+01
3.150275230407714844e+01
3.122665596008300781e+01
3.127496147155761719e+01
3.136248207092285156e+01
3.153842926025390625e+01
3.181348800659179688e+01
3.213549423217773438e+01
3.251788711547851562e+01
3.308674240112304688e+01
3.417506027221679688e+01
3.452325057983398438e+01
3.364037322998046875e+01
3.302237319946289062e+01
3.276706695556640625e+01
3.257688522338867188e+01
3.250846862792968750e+01
3.246776962280273438e+01
3.230112075805664062e+01
3.237192153930664062e+01
3.251571655273437500e+01
3.251196670532226562e+01
3.226867675781250000e+01
3.190089797973632812e+01
3.149611473083496094e+01
3.110962677001953125e+01
3.093946456909179688e+01
3.088722419738769531e+01
3.115670394897460938e+01
3.153407096862792969e+01
3.183035659790039062e+01
3.175365447998046875e+01
3.146333694458007812e+01
3.162489700317382812e+01
3.173390960693359375e+01
3.205292510986328125e+01
3.205900573730468750e+01
3.213043594360351562e+01
3.196968078613281250e+01
3.150645256042480469e+01
3.083685302734375000e+01
3.047987937927246094e+01
3.026226806640625000e+01
3.032916259765625000e+01
3.077189445495605469e+01
3.129502677917480469e+01
3.196239471435546875e+01
3.207692337036132812e+01
3.229597473144531250e+01
3.252230072021484375e+01
3.266307067871093750e+01
3.241888427734375000e+01
3.224098968505859375e+01
3.227481460571289062e+01
3.197615432739257812e+01
3.155729484558105469e+01
2.968462181091308594e+01
2.932854270935058594e+01
2.901004600524902344e+01
2.971553611755371094e+01
3.014502716064453125e+01
3.041489601135253906e+01
2.934897613525390625e+01
2.863170242309570312e+01
2.739954757690429688e+01
2.779745864868164062e+01
2.866861152648925781e+01
