3.394419097900390625e+01
3.410353469848632812e+01
3.405730056762695312e+01
3.403898239135742188e+01
3.408684921264648438e+01
3.370998764038085938e+01
3.345523452758789062e+01
3.350955581665039062e+01
3.388177490234375000e+01
3.527665710449218750e+01
3.567085266113281250e+01
3.511562347412109375e+01
3.415929794311523438e+01
3.413318252563476562e+01
3.579456329345703125e+01
3.704426574707031250e+01
3.712486648559570312e+01
3.711054611206054688e+01
3.717546844482421875e+01
3.737992477416992188e+01
3.686899948120117188e+01
3.574748992919921875e+01
3.606192016601562500e+01
3.629052734375000000e+01
3.666351318359375000e+01
3.680642318725585938e+01
3.713945388793945312e+01
3.744174575805664062e+01
3.739652252197265625e+01
3.742953109741210938e+01
3.719301605224609375e+01
3.718464660644531250e+01
3.737498092651367188e+01
3.749684906005859375e+01
3.729114151000976562e+01
3.709700775146484375e+01
3.681944656372070312e+01
3.643083572387695312e+01
3.668098449707031250e+01
3.696553039550781250e+01
3.694181823730468750e+01
3.722215270996093750e+01
3.766420745849609375e+01
3.784449005126953125e+01
3.776766204833984375e+01
3.766894149780273438e+01
3.786965942382812500e+01
3.797429656982421875e+01
3.777149581909179688e+01
3.762287902832031250e+01
3.750147628784179688e+01
3.715154266357421875e+01
3.706563568115234375e+01
3.696636199951171875e+01
3.667501831054687500e+01
3.668470382690429688e+01
3.678120422363281250e+01
3.716067886352539062e+01
3.747484207153320312e+01
3.771568679809570312e+01
3.786551284790039062e+01
3.779278564453125000e+01
3.711124038696289062e+01
3.617698669433593750e+01
3.578689575195312500e+01
3.638390350341796875e+01
3.723381423950195312e+01
3.746126937866210938e+01
3.761849212646484375e+01
3.788803100585937500e+01
3.837920379638671875e+01
3.857146835327148438e+01
3.862401962280273438e+01
3.853174972534179688e+01
3.835466003417968750e+01
3.795937347412109375e+01
3.756490707397460938e+01
3.747694015502929688e+01
3.756274032592773438e+01
3.773534011840820312e+01
3.699584197998046875e+01
3.706602478027343750e+01
3.771727752685546875e+01
3.799040603637695312e+01
3.785145950317382812e+01
3.759683227539062500e+01
3.755832672119140625e+01
3.756355285644531250e+01
3.738573837280273438e+01
3.730973052978515625e+01
3.720631027221679688e+01
3.726385498046875000e+01
3.767778778076171875e+01
3.747109222412109375e+01
3.755721282958984375e+01
3.758499908447265625e+01
3.681269454956054688e+01
3.520143890380859375e+01
3.586996459960937500e+01
3.576887893676757812e+01
3.517791748046875000e+01
