3.498182678222656250e+01
3.528550720214843750e+01
3.465905380249023438e+01
3.432987976074218750e+01
3.412550354003906250e+01
3.373046493530273438e+01
3.343631744384765625e+01
3.326522827148437500e+01
3.320639038085937500e+01
3.306811141967773438e+01
3.340081405639648438e+01
3.390943527221679688e+01
3.367078781127929688e+01
3.334595870971679688e+01
3.321432495117187500e+01
3.329628372192382812e+01
3.369897079467773438e+01
3.407136917114257812e+01
3.390523529052734375e+01
3.340229034423828125e+01
3.309406661987304688e+01
3.298435211181640625e+01
3.305961608886718750e+01
3.309544754028320312e+01
3.315148925781250000e+01
3.341431808471679688e+01
3.357461166381835938e+01
3.367934036254882812e+01
3.391101837158203125e+01
3.418304061889648438e+01
3.440833663940429688e+01
3.453577804565429688e+01
3.440359115600585938e+01
3.417549896240234375e+01
3.395802688598632812e+01
3.388130569458007812e+01
3.377606964111328125e+01
3.365979003906250000e+01
3.358154678344726562e+01
3.346599197387695312e+01
3.356534957885742188e+01
3.384976577758789062e+01
3.395540618896484375e+01
3.406402206420898438e+01
3.428218460083007812e+01
3.461980056762695312e+01
3.487104797363281250e+01
3.488105392456054688e+01
3.468186950683593750e+01
3.443001174926757812e+01
3.430171966552734375e+01
3.385085678100585938e+01
3.370840072631835938e+01
3.393021392822265625e+01
3.425965881347656250e+01
3.454264450073242188e+01
3.427729415893554688e+01
3.421820449829101562e+01
3.416878509521484375e+01
3.413034439086914062e+01
3.439271163940429688e+01
3.431320190429687500e+01
3.440808486938476562e+01
3.422294616699218750e+01
3.406751251220703125e+01
3.395560073852539062e+01
3.401532363891601562e+01
3.404283142089843750e+01
3.398831558227539062e+01
3.383298873901367188e+01
3.370428085327148438e+01
3.362603378295898438e+01
3.359527206420898438e+01
3.383407592773437500e+01
3.424058914184570312e+01
3.433795166015625000e+01
3.402956771850585938e+01
3.412029647827148438e+01
3.433489227294921875e+01
3.435779571533203125e+01
3.422550201416015625e+01
3.388077926635742188e+01
3.379929733276367188e+01
3.398454284667968750e+01
3.436388397216796875e+01
3.449497222900390625e+01
3.447750473022460938e+01
3.446774291992187500e+01
3.443769454956054688e+01
3.442950439453125000e+01
3.452853393554687500e+01
3.459011077880859375e+01
3.448375320434570312e+01
3.436670303344726562e+01
3.419782257080078125e+01
3.428158187866210938e+01
3.430195999145507812e+01
3.383798980712890625e+01
3.410765075683593750e+01
3.451713562011718750e+01
3.479253387451171875e+01
3.493857955932617188e+01
3.502463912963867188e+01
3.521187591552734375e+01
3.480021286010742188e+01
3.468790054321289062e+01
3.390130233764648438e+01
