3.698703002929687500e+01
3.661145782470703125e+01
3.659034729003906250e+01
3.612531280517578125e+01
3.613848114013671875e+01
3.599356079101562500e+01
3.716034317016601562e+01
3.725959396362304688e+01
3.634202575683593750e+01
3.550863265991210938e+01
3.593960571289062500e+01
3.572866058349609375e+01
3.600238800048828125e+01
3.580104446411132812e+01
3.479188537597656250e+01
3.475290298461914062e+01
3.510241699218750000e+01
3.588029479980468750e+01
3.632737731933593750e+01
3.633309555053710938e+01
3.609629440307617188e+01
3.574991989135742188e+01
3.567071151733398438e+01
3.564009094238281250e+01
3.586093521118164062e+01
3.584077453613281250e+01
3.595683670043945312e+01
3.639784240722656250e+01
3.720448684692382812e+01
3.758381271362304688e+01
3.774736785888671875e+01
3.767049026489257812e+01
3.759153366088867188e+01
3.759273147583007812e+01
3.715432357788085938e+01
3.693009567260742188e+01
3.673337936401367188e+01
3.571425247192382812e+01
3.535282516479492188e+01
3.499156951904296875e+01
3.480608749389648438e+01
3.484427261352539062e+01
3.509941101074218750e+01
3.505072402954101562e+01
3.486336135864257812e+01
3.508405685424804688e+01
3.510643386840820312e+01
3.498843383789062500e+01
3.516503143310546875e+01
3.538543319702148438e+01
3.531784057617187500e+01
3.502443695068359375e+01
3.526747512817382812e+01
3.547525787353515625e+01
3.540401077270507812e+01
3.535205459594726562e+01
3.498497009277343750e+01
3.506829071044921875e+01
3.594594192504882812e+01
3.627440261840820312e+01
3.614069366455078125e+01
3.660342407226562500e+01
3.627725982666015625e+01
3.629051589965820312e+01
3.620039749145507812e+01
3.605805969238281250e+01
3.556216812133789062e+01
3.519394302368164062e+01
3.473787689208984375e+01
3.440703964233398438e+01
3.417127609252929688e+01
3.423646545410156250e+01
3.453845977783203125e+01
3.478553771972656250e+01
3.482580184936523438e+01
3.505505752563476562e+01
3.473212814331054688e+01
3.453813171386718750e+01
3.483542251586914062e+01
3.491113281250000000e+01
3.516621780395507812e+01
3.530421066284179688e+01
3.532285690307617188e+01
3.513824462890625000e+01
3.500551605224609375e+01
3.486173629760742188e+01
3.496533203125000000e+01
3.495814895629882812e+01
3.491944885253906250e+01
3.491099548339843750e+01
3.517779541015625000e+01
3.561237716674804688e+01
3.522986602783203125e+01
3.496689987182617188e+01
3.484178543090820312e+01
3.446014022827148438e+01
3.481265640258789062e+01
3.709153366088867188e+01
