2.515192604064941406e+01
2.534759521484375000e+01
2.539335823059082031e+01
2.539848327636718750e+01
2.532610893249511719e+01
2.510542297363281250e+01
2.509674263000488281e+01
2.486023521423339844e+01
2.473585510253906250e+01
2.470764923095703125e+01
2.476400375366210938e+01
2.491951370239257812e+01
2.497264671325683594e+01
2.505392837524414062e+01
2.509524917602539062e+01
2.507765769958496094e+01
2.508343887329101562e+01
2.505604934692382812e+01
2.508468627929687500e+01
2.503652000427246094e+01
2.497175788879394531e+01
2.508203887939453125e+01
2.520502281188964844e+01
2.506874465942382812e+01
2.484115600585937500e+01
2.448889350891113281e+01
2.439904594421386719e+01
2.435051536560058594e+01
2.423837089538574219e+01
2.409521675109863281e+01
2.402468109130859375e+01
2.407657432556152344e+01
2.418050193786621094e+01
2.424556732177734375e+01
2.428695297241210938e+01
2.418709564208984375e+01
2.372695350646972656e+01
2.343716621398925781e+01
2.344331359863281250e+01
2.352405738830566406e+01
2.372047424316406250e+01
2.412490272521972656e+01
2.435242271423339844e+01
2.452134132385253906e+01
2.462072563171386719e+01
2.471848678588867188e+01
2.494013404846191406e+01
2.491520881652832031e+01
2.499416542053222656e+01
2.502893447875976562e+01
2.501185989379882812e+01
2.508353233337402344e+01
2.499812507629394531e+01
2.492858695983886719e+01
2.464569282531738281e+01
2.441334342956542969e+01
2.421899604797363281e+01
2.401634216308593750e+01
2.402551269531250000e+01
2.416737365722656250e+01
2.437777519226074219e+01
2.454873657226562500e+01
2.475820922851562500e+01
2.480366897583007812e+01
2.483445167541503906e+01
2.492214202880859375e+01
2.494511604309082031e+01
2.490519905090332031e+01
2.499541473388671875e+01
2.510751533508300781e+01
2.529364967346191406e+01
2.550761222839355469e+01
2.507538795471191406e+01
2.441367721557617188e+01
2.438088989257812500e+01
2.449463272094726562e+01
2.455471229553222656e+01
2.441582870483398438e+01
2.426077461242675781e+01
2.399284362792968750e+01
2.396021270751953125e+01
2.390941810607910156e+01
2.366946220397949219e+01
2.375867843627929688e+01
2.435855293273925781e+01
2.502845573425292969e+01
2.575530815124511719e+01
2.605333900451660156e+01
2.640005874633789062e+01
2.644305419921875000e+01
2.604027557373046875e+01
2.580470085144042969e+01
2.555547332763671875e+01
