3.681529617309570312e+01
3.661020660400390625e+01
3.588150024414062500e+01
3.465309524536132812e+01
3.451330947875976562e+01
3.449411773681640625e+01
3.468659591674804688e+01
3.485062408447265625e+01
3.495901107788085938e+01
3.538090896606445312e+01
3.614603424072265625e+01
3.662705230712890625e+01
3.685206985473632812e+01
3.657714843750000000e+01
3.644895553588867188e+01
3.602719116210937500e+01
3.597316741943359375e+01
3.607320785522460938e+01
3.595080184936523438e+01
3.533684921264648438e+01
3.470891952514648438e+01
3.438818740844726562e+01
3.423427200317382812e+01
3.439242935180664062e+01
3.446849441528320312e+01
3.457899475097656250e+01
3.481557083129882812e+01
3.541385269165039062e+01
3.569126510620117188e+01
3.579350280761718750e+01
3.620883941650390625e+01
3.679237747192382812e+01
3.732937622070312500e+01
3.757607650756835938e+01
3.767270660400390625e+01
3.775720596313476562e+01
3.760223770141601562e+01
3.756320953369140625e+01
3.759666061401367188e+01
3.752555465698242188e+01
3.737364578247070312e+01
3.716097259521484375e+01
3.719949340820312500e+01
3.745447921752929688e+01
3.739830017089843750e+01
3.692951583862304688e+01
3.648416519165039062e+01
3.575156784057617188e+01
3.533892822265625000e+01
3.518684768676757812e+01
3.493271636962890625e+01
3.492440032958984375e+01
3.581339263916015625e+01
3.637362670898437500e+01
3.643842697143554688e+01
3.610835647583007812e+01
3.536634063720703125e+01
3.498746109008789062e+01
3.501263427734375000e+01
3.529784774780273438e+01
3.595314788818359375e+01
3.591341781616210938e+01
3.464272689819335938e+01
3.360737609863281250e+01
3.319516754150390625e+01
3.372320556640625000e+01
3.406548309326171875e+01
3.407067489624023438e+01
3.404981231689453125e+01
3.409239196777343750e+01
3.414351654052734375e+01
3.398752212524414062e+01
3.433621215820312500e+01
3.427426528930664062e+01
3.397990417480468750e+01
3.407022094726562500e+01
3.437727737426757812e+01
3.457376480102539062e+01
3.453577041625976562e+01
3.442746353149414062e+01
3.379913711547851562e+01
3.333047103881835938e+01
3.312081909179687500e+01
3.324224090576171875e+01
3.337165832519531250e+01
3.357915878295898438e+01
3.504213714599609375e+01
3.634702301025390625e+01
3.615291595458984375e+01
3.591550827026367188e+01
3.566158294677734375e+01
3.536714935302734375e+01
3.544885635375976562e+01
3.570807647705078125e+01
3.612756347656250000e+01
3.567842864990234375e+01
3.605393981933593750e+01
3.649823760986328125e+01
3.666378784179687500e+01
