2.721001434326171875e+01
2.736514663696289062e+01
2.768925094604492188e+01
2.739490699768066406e+01
2.685780525207519531e+01
2.665056228637695312e+01
2.614083099365234375e+01
2.598750495910644531e+01
2.579581832885742188e+01
2.544846534729003906e+01
2.548778343200683594e+01
2.536047172546386719e+01
2.535589981079101562e+01
2.509572982788085938e+01
2.491968536376953125e+01
2.479357719421386719e+01
2.466101646423339844e+01
2.478177261352539062e+01
2.502168655395507812e+01
2.558208274841308594e+01
2.570979309082031250e+01
2.598981475830078125e+01
2.637671279907226562e+01
2.647090530395507812e+01
2.650854110717773438e+01
2.637504577636718750e+01
2.650749206542968750e+01
2.669931411743164062e+01
2.689400100708007812e+01
2.680947875976562500e+01
2.671791076660156250e+01
2.649014854431152344e+01
2.649977684020996094e+01
2.662002754211425781e+01
2.670362281799316406e+01
2.682445144653320312e+01
2.691088867187500000e+01
2.694173240661621094e+01
2.685435485839843750e+01
2.677801513671875000e+01
2.674799919128417969e+01
2.672450828552246094e+01
2.678307342529296875e+01
2.680013275146484375e+01
2.675747108459472656e+01
2.676811027526855469e+01
2.678363037109375000e+01
2.692189788818359375e+01
2.695112609863281250e+01
2.699861526489257812e+01
2.689905166625976562e+01
2.668412780761718750e+01
2.671493911743164062e+01
2.663464355468750000e+01
2.680934906005859375e+01
2.711568450927734375e+01
2.706469726562500000e+01
2.694237899780273438e+01
2.681647109985351562e+01
2.655781555175781250e+01
2.642815589904785156e+01
2.642224121093750000e+01
2.630862045288085938e+01
2.634391593933105469e+01
2.653509330749511719e+01
2.667176818847656250e+01
2.676340866088867188e+01
2.665446472167968750e+01
2.640016746520996094e+01
2.608236122131347656e+01
2.596380043029785156e+01
2.597497558593750000e+01
2.615000915527343750e+01
2.630239295959472656e+01
2.645424079895019531e+01
2.640184593200683594e+01
2.638056182861328125e+01
2.654465866088867188e+01
2.649975395202636719e+01
2.639967918395996094e+01
2.631666183471679688e+01
2.614937400817871094e+01
2.610855674743652344e+01
2.614735984802246094e+01
2.607411384582519531e+01
2.607397270202636719e+01
2.639760208129882812e+01
2.643224334716796875e+01
2.673464775085449219e+01
2.692259216308593750e+01
2.722571945190429688e+01
2.752953720092773438e+01
2.743969726562500000e+01
2.731985282897949219e+01
2.739534378051757812e+01
