3.039867591857910156e+01
3.109692001342773438e+01
3.125338554382324219e+01
3.135457038879394531e+01
3.165253639221191406e+01
3.192962837219238281e+01
3.189135360717773438e+01
3.175024604797363281e+01
3.187928771972656250e+01
3.170088386535644531e+01
3.131531333923339844e+01
3.117238426208496094e+01
3.094212913513183594e+01
3.093473243713378906e+01
3.054503440856933594e+01
3.072996520996093750e+01
3.043657493591308594e+01
3.005368804931640625e+01
3.032887458801269531e+01
3.085939598083496094e+01
3.122358131408691406e+01
3.154263496398925781e+01
3.187493896484375000e+01
3.209297561645507812e+01
3.220719146728515625e+01
3.215353775024414062e+01
3.225888442993164062e+01
3.224312973022460938e+01
3.228026580810546875e+01
3.223800659179687500e+01
3.210240936279296875e+01
3.198520851135253906e+01
3.170579719543457031e+01
3.138323020935058594e+01
3.123847007751464844e+01
3.097102928161621094e+01
3.095301628112792969e+01
3.125510597229003906e+01
3.150100898742675781e+01
3.158840942382812500e+01
3.159614562988281250e+01
3.152414321899414062e+01
3.141038703918457031e+01
3.145520210266113281e+01
3.161248779296875000e+01
3.157112884521484375e+01
3.143176841735839844e+01
3.128067588806152344e+01
3.127189254760742188e+01
3.149910163879394531e+01
3.179349327087402344e+01
3.209994125366210938e+01
3.211872100830078125e+01
3.198478889465332031e+01
3.177339172363281250e+01
3.175324821472167969e+01
3.217168045043945312e+01
3.257677459716796875e+01
3.274056625366210938e+01
3.262557601928710938e+01
3.246863174438476562e+01
3.243287277221679688e+01
3.226501846313476562e+01
3.201324844360351562e+01
3.179064559936523438e+01
3.169895362854003906e+01
3.162990379333496094e+01
3.166370582580566406e+01
3.174093246459960938e+01
3.171795272827148438e+01
3.161190795898437500e+01
3.142037773132324219e+01
3.128537559509277344e+01
3.139731979370117188e+01
3.177883148193359375e+01
3.196407127380371094e+01
3.206659317016601562e+01
3.192335510253906250e+01
3.177342033386230469e+01
3.168484687805175781e+01
3.154261016845703125e+01
3.079435157775878906e+01
2.985197067260742188e+01
2.953872871398925781e+01
2.943187713623046875e+01
2.897369384765625000e+01
2.917730140686035156e+01
2.946309471130371094e+01
3.031245613098144531e+01
3.074726486206054688e+01
3.070180320739746094e+01
3.073066329956054688e+01
3.115858840942382812e+01
3.165571975708007812e+01
3.171214866638183594e+01
3.139466667175292969e+01
3.047030258178710938e+01
2.964996528625488281e+01
2.962541389465332031e+01
3.016877365112304688e+01
3.080620384216308594e+01
3.110413932800292969e+01
3.170238304138183594e+01
3.181204986572265625e+01
