3.623302459716796875e+01
3.621476745605468750e+01
3.708958816528320312e+01
3.747223663330078125e+01
3.723687744140625000e+01
3.684452438354492188e+01
3.628877258300781250e+01
3.603455352783203125e+01
3.692153167724609375e+01
3.712957763671875000e+01
3.717461013793945312e+01
3.749487304687500000e+01
3.738069534301757812e+01
3.732421493530273438e+01
3.748384094238281250e+01
3.765518569946289062e+01
3.782506561279296875e+01
3.796672439575195312e+01
3.830459976196289062e+01
3.819481658935546875e+01
3.810177993774414062e+01
3.789936828613281250e+01
3.776432037353515625e+01
3.786549377441406250e+01
3.807271575927734375e+01
3.827687072753906250e+01
3.812615966796875000e+01
3.804193496704101562e+01
3.813545227050781250e+01
3.827468109130859375e+01
3.810077667236328125e+01
3.760373306274414062e+01
3.756817626953125000e+01
3.756635665893554688e+01
3.757024002075195312e+01
3.754369354248046875e+01
3.748240661621093750e+01
3.755823898315429688e+01
3.781878662109375000e+01
3.784020614624023438e+01
3.774650573730468750e+01
3.780648040771484375e+01
3.811452865600585938e+01
3.805220413208007812e+01
3.798453521728515625e+01
3.812030792236328125e+01
3.824170684814453125e+01
3.828479385375976562e+01
3.818153762817382812e+01
3.800180816650390625e+01
3.790422821044921875e+01
3.784147644042968750e+01
3.774068450927734375e+01
3.764608383178710938e+01
3.757983398437500000e+01
3.704320907592773438e+01
3.689189910888671875e+01
3.796927261352539062e+01
3.808516311645507812e+01
3.810673522949218750e+01
3.791444778442382812e+01
3.780495071411132812e+01
3.788990402221679688e+01
3.795958709716796875e+01
3.808225631713867188e+01
3.826116180419921875e+01
3.834527969360351562e+01
3.853087234497070312e+01
3.859797668457031250e+01
3.862215423583984375e+01
3.863891220092773438e+01
3.861168289184570312e+01
3.869514465332031250e+01
3.869207763671875000e+01
3.871438980102539062e+01
3.870661163330078125e+01
3.870426940917968750e+01
3.864299774169921875e+01
3.832692337036132812e+01
3.816306304931640625e+01
3.820025253295898438e+01
3.809235000610351562e+01
3.806549453735351562e+01
3.811245346069335938e+01
3.817034912109375000e+01
3.832800292968750000e+01
3.828048324584960938e+01
3.810603332519531250e+01
3.806205368041992188e+01
3.793660354614257812e+01
3.799708175659179688e+01
3.801162338256835938e+01
3.814238739013671875e+01
3.830319976806640625e+01
3.846473693847656250e+01
3.832615661621093750e+01
