3.472256469726562500e+01
3.495429611206054688e+01
3.529300308227539062e+01
3.610830307006835938e+01
3.600644683837890625e+01
3.569924545288085938e+01
3.548162460327148438e+01
3.518144989013671875e+01
3.505123519897460938e+01
3.496112442016601562e+01
3.478776931762695312e+01
3.470174407958984375e+01
3.464655303955078125e+01
3.483885955810546875e+01
3.505826568603515625e+01
3.505567550659179688e+01
3.500844955444335938e+01
3.511974716186523438e+01
3.549786758422851562e+01
3.531293106079101562e+01
3.517632675170898438e+01
3.506539535522460938e+01
3.533351516723632812e+01
3.540886688232421875e+01
3.491120147705078125e+01
3.468809890747070312e+01
3.480846786499023438e+01
3.484595870971679688e+01
3.483650970458984375e+01
3.489084243774414062e+01
3.497323989868164062e+01
3.512465286254882812e+01
3.533953857421875000e+01
3.551660156250000000e+01
3.554026794433593750e+01
3.532970046997070312e+01
3.516342926025390625e+01
3.512092208862304688e+01
3.518973541259765625e+01
3.542200469970703125e+01
3.573615646362304688e+01
3.616711044311523438e+01
3.644286727905273438e+01
3.605780029296875000e+01
3.568978500366210938e+01
3.541025543212890625e+01
3.511830139160156250e+01
3.476079940795898438e+01
3.461891937255859375e+01
3.468846893310546875e+01
3.467034530639648438e+01
3.465447616577148438e+01
3.470766067504882812e+01
3.495812988281250000e+01
3.494246292114257812e+01
3.479948043823242188e+01
3.466867065429687500e+01
3.454240798950195312e+01
3.454174804687500000e+01
3.452891159057617188e+01
3.447867584228515625e+01
3.441437911987304688e+01
3.448877334594726562e+01
3.466337585449218750e+01
3.475699996948242188e+01
3.472106933593750000e+01
3.474117660522460938e+01
3.466455841064453125e+01
3.458333206176757812e+01
3.461439895629882812e+01
3.456826782226562500e+01
3.470145416259765625e+01
3.460779571533203125e+01
3.447915267944335938e+01
3.479569244384765625e+01
3.604417419433593750e+01
3.697603988647460938e+01
3.713303375244140625e+01
3.705017089843750000e+01
3.617899322509765625e+01
3.462854766845703125e+01
3.408152008056640625e+01
3.382197189331054688e+01
3.357681274414062500e+01
3.357085418701171875e+01
3.366488647460937500e+01
3.375857162475585938e+01
3.380412292480468750e+01
3.412133407592773438e+01
3.398925018310546875e+01
3.352000045776367188e+01
