2.686508369445800781e+01
2.662822151184082031e+01
2.632629585266113281e+01
2.614263153076171875e+01
2.598600006103515625e+01
2.601978683471679688e+01
2.628296279907226562e+01
2.652094078063964844e+01
2.662064170837402344e+01
2.648337745666503906e+01
2.604105377197265625e+01
2.577774620056152344e+01
2.567361259460449219e+01
2.582740974426269531e+01
2.601891517639160156e+01
2.607940101623535156e+01
2.597591400146484375e+01
2.586440849304199219e+01
2.578944969177246094e+01
2.566070175170898438e+01
2.552861595153808594e+01
2.557923889160156250e+01
2.557136726379394531e+01
2.549875831604003906e+01
2.533670043945312500e+01
2.517827415466308594e+01
2.510873222351074219e+01
2.509808731079101562e+01
2.518473434448242188e+01
2.532561683654785156e+01
2.560875320434570312e+01
2.570663452148437500e+01
2.571789741516113281e+01
2.569470214843750000e+01
2.566029930114746094e+01
2.570656967163085938e+01
2.575010108947753906e+01
2.582536506652832031e+01
2.586030006408691406e+01
2.585098838806152344e+01
2.586329269409179688e+01
2.592704963684082031e+01
2.595137214660644531e+01
2.601011657714843750e+01
2.605079078674316406e+01
2.602334022521972656e+01
2.598291778564453125e+01
2.591980743408203125e+01
2.581918525695800781e+01
2.564960670471191406e+01
2.544691658020019531e+01
2.532923126220703125e+01
2.525344467163085938e+01
2.510123634338378906e+01
2.511148071289062500e+01
2.526664733886718750e+01
2.540515518188476562e+01
2.546382713317871094e+01
2.550497245788574219e+01
2.547302627563476562e+01
2.541785812377929688e+01
2.543177604675292969e+01
2.548781967163085938e+01
2.558744049072265625e+01
2.561553192138671875e+01
2.562987518310546875e+01
2.561125755310058594e+01
2.553676033020019531e+01
2.544763755798339844e+01
2.552460289001464844e+01
2.556880760192871094e+01
2.545316696166992188e+01
2.539218902587890625e+01
2.536955642700195312e+01
2.537007522583007812e+01
2.540494346618652344e+01
2.537195777893066406e+01
2.511326408386230469e+01
2.468362617492675781e+01
2.463925361633300781e+01
2.477245712280273438e+01
2.493997383117675781e+01
2.492147254943847656e+01
2.498107719421386719e+01
2.510052108764648438e+01
2.526007843017578125e+01
2.533930587768554688e+01
2.543009567260742188e+01
2.549947166442871094e+01
2.566637229919433594e+01
2.586955070495605469e+01
2.591812705993652344e+01
2.568133354187011719e+01
2.520774459838867188e+01
2.503676414489746094e+01
