3.646669006347656250e+01
3.668715667724609375e+01
3.663478469848632812e+01
3.676428222656250000e+01
3.703955841064453125e+01
3.710391616821289062e+01
3.720224380493164062e+01
3.725915908813476562e+01
3.737653732299804688e+01
3.753208541870117188e+01
3.768772506713867188e+01
3.776374053955078125e+01
3.771967697143554688e+01
3.769968032836914062e+01
3.775352859497070312e+01
3.783928298950195312e+01
3.801957702636718750e+01
3.811385345458984375e+01
3.804954910278320312e+01
3.800588989257812500e+01
3.790204238891601562e+01
3.788449859619140625e+01
3.777771377563476562e+01
3.799300384521484375e+01
3.787955856323242188e+01
3.808158493041992188e+01
3.826490020751953125e+01
3.816753005981445312e+01
3.717217254638671875e+01
3.661917877197265625e+01
3.752273941040039062e+01
3.772691345214843750e+01
3.715384674072265625e+01
3.740155792236328125e+01
3.787060928344726562e+01
3.787786865234375000e+01
3.744761276245117188e+01
3.642326354980468750e+01
3.533386611938476562e+01
3.512073898315429688e+01
3.517847442626953125e+01
3.534195327758789062e+01
3.519004440307617188e+01
3.590069580078125000e+01
3.616384506225585938e+01
3.620014190673828125e+01
3.639188385009765625e+01
3.676679611206054688e+01
3.728978729248046875e+01
3.685494232177734375e+01
3.604882431030273438e+01
3.724518585205078125e+01
3.848560714721679688e+01
3.858535766601562500e+01
3.847321319580078125e+01
3.838903427124023438e+01
3.795683670043945312e+01
3.712101745605468750e+01
3.740092468261718750e+01
3.780636596679687500e+01
3.780162429809570312e+01
3.756987762451171875e+01
3.658698654174804688e+01
3.543518066406250000e+01
3.518109130859375000e+01
3.655643081665039062e+01
3.804124450683593750e+01
3.782043838500976562e+01
3.724009704589843750e+01
3.715032577514648438e+01
3.639694976806640625e+01
3.544540405273437500e+01
3.591484069824218750e+01
3.595938873291015625e+01
3.557416534423828125e+01
3.594409179687500000e+01
3.553903198242187500e+01
3.500536727905273438e+01
3.543637084960937500e+01
3.619862747192382812e+01
3.659518432617187500e+01
3.745638275146484375e+01
3.754912948608398438e+01
3.765376281738281250e+01
3.756939315795898438e+01
3.743588256835937500e+01
3.717893218994140625e+01
3.603092575073242188e+01
3.554075622558593750e+01
3.583370208740234375e+01
3.571249389648437500e+01
3.589192581176757812e+01
3.610866165161132812e+01
3.568430328369140625e+01
3.598016357421875000e+01
3.527347946166992188e+01
3.482345581054687500e+01
3.626699066162109375e+01
3.693935394287109375e+01
3.702200317382812500e+01
3.709151840209960938e+01
3.536402893066406250e+01
3.451623153686523438e+01
