2.930214691162109375e+01
2.890070915222167969e+01
2.843025016784667969e+01
2.851637840270996094e+01
2.931099700927734375e+01
2.981495285034179688e+01
2.991941642761230469e+01
3.009840583801269531e+01
3.071855354309082031e+01
3.135709190368652344e+01
3.135593605041503906e+01
3.101987648010253906e+01
3.058796691894531250e+01
2.995017814636230469e+01
2.911049652099609375e+01
2.923695564270019531e+01
2.971981430053710938e+01
2.976843452453613281e+01
2.955878448486328125e+01
2.866805267333984375e+01
2.844029998779296875e+01
2.901272201538085938e+01
2.921219062805175781e+01
2.947488594055175781e+01
2.977199745178222656e+01
2.983060264587402344e+01
3.013975524902343750e+01
3.044484138488769531e+01
3.050664901733398438e+01
3.036376571655273438e+01
3.041328239440917969e+01
3.047353363037109375e+01
3.042879104614257812e+01
3.008521461486816406e+01
2.981583213806152344e+01
2.973186111450195312e+01
2.962325859069824219e+01
2.977059364318847656e+01
3.013861656188964844e+01
3.046049690246582031e+01
3.050790786743164062e+01
3.070197296142578125e+01
3.069655799865722656e+01
3.072829246520996094e+01
3.044686508178710938e+01
2.988447380065917969e+01
2.951886367797851562e+01
2.945919036865234375e+01
2.970466423034667969e+01
2.985493469238281250e+01
2.992510032653808594e+01
2.981782722473144531e+01
2.954944992065429688e+01
2.942686080932617188e+01
2.950709533691406250e+01
2.967963981628417969e+01
2.978964042663574219e+01
2.995985031127929688e+01
2.978094291687011719e+01
2.950518798828125000e+01
2.924044036865234375e+01
2.907820320129394531e+01
2.901263046264648438e+01
2.901933097839355469e+01
2.919863128662109375e+01
2.921548843383789062e+01
2.918116188049316406e+01
2.912733840942382812e+01
2.902215385437011719e+01
2.892715072631835938e+01
2.887840080261230469e+01
2.888015937805175781e+01
2.882259750366210938e+01
2.872517395019531250e+01
2.871180534362792969e+01
2.868823051452636719e+01
2.866867256164550781e+01
2.864664268493652344e+01
2.874934577941894531e+01
2.889242935180664062e+01
2.894874382019042969e+01
2.908867645263671875e+01
2.915206146240234375e+01
2.924597167968750000e+01
2.939911842346191406e+01
2.920347023010253906e+01
2.908631515502929688e+01
2.920155715942382812e+01
2.957198143005371094e+01
2.960497856140136719e+01
2.945118141174316406e+01
2.941912460327148438e+01
2.936493110656738281e+01
2.957001686096191406e+01
2.955228233337402344e+01
2.957057380676269531e+01
2.971308135986328125e+01
3.010552597045898438e+01
3.033530426025390625e+01
3.050679588317871094e+01
3.098083877563476562e+01
3.104523277282714844e+01
3.053786849975585938e+01
3.011174964904785156e+01
