2.836342239379882812e+01
2.803676605224609375e+01
2.827753257751464844e+01
2.718985366821289062e+01
2.741129684448242188e+01
2.738471984863281250e+01
2.801883125305175781e+01
2.762702941894531250e+01
2.749778175354003906e+01
2.659231376647949219e+01
2.622397994995117188e+01
2.628303527832031250e+01
2.641817665100097656e+01
2.634982109069824219e+01
2.620536041259765625e+01
2.595984840393066406e+01
2.589080047607421875e+01
2.563670730590820312e+01
2.569935798645019531e+01
2.608762550354003906e+01
2.665292739868164062e+01
2.685485267639160156e+01
2.697749137878417969e+01
2.718780517578125000e+01
2.713360023498535156e+01
2.687685012817382812e+01
2.691441917419433594e+01
2.699310302734375000e+01
2.679532241821289062e+01
2.652414512634277344e+01
2.640952491760253906e+01
2.634846115112304688e+01
2.628132057189941406e+01
2.613682556152343750e+01
2.604450607299804688e+01
2.603005409240722656e+01
2.626919555664062500e+01
2.630529594421386719e+01
2.631147193908691406e+01
2.647325897216796875e+01
2.677858161926269531e+01
2.683550643920898438e+01
2.648963546752929688e+01
2.636937141418457031e+01
2.650722122192382812e+01
2.652029609680175781e+01
2.654584884643554688e+01
2.646217155456542969e+01
2.627205276489257812e+01
2.611334609985351562e+01
2.621459388732910156e+01
2.632468795776367188e+01
2.642535400390625000e+01
2.630848503112792969e+01
2.633515167236328125e+01
2.640404510498046875e+01
2.645023727416992188e+01
2.623481369018554688e+01
2.606642913818359375e+01
2.606281661987304688e+01
2.628373146057128906e+01
2.645757102966308594e+01
2.652699851989746094e+01
2.673562812805175781e+01
2.674186706542968750e+01
2.657806205749511719e+01
2.645898056030273438e+01
2.628101539611816406e+01
2.606342124938964844e+01
2.589815711975097656e+01
2.578966140747070312e+01
2.568407440185546875e+01
2.572575187683105469e+01
2.575192260742187500e+01
2.595461082458496094e+01
2.618629264831542969e+01
2.623645019531250000e+01
2.620830917358398438e+01
2.643312072753906250e+01
2.654631614685058594e+01
2.674536514282226562e+01
2.639898109436035156e+01
2.619853591918945312e+01
2.619315147399902344e+01
2.637670516967773438e+01
2.623945808410644531e+01
2.612660789489746094e+01
2.606728553771972656e+01
2.627456855773925781e+01
2.595850944519042969e+01
2.582759857177734375e+01
2.573652648925781250e+01
2.603338432312011719e+01
2.601627731323242188e+01
2.628966522216796875e+01
2.624148941040039062e+01
2.545677185058593750e+01
2.345365524291992188e+01
2.287772560119628906e+01
2.377976036071777344e+01
2.582864761352539062e+01
2.586290931701660156e+01
