2.933706474304199219e+01
2.934920883178710938e+01
2.948156356811523438e+01
2.971171569824218750e+01
2.964039802551269531e+01
2.944992065429687500e+01
2.913927841186523438e+01
2.912319755554199219e+01
2.918324851989746094e+01
2.919015693664550781e+01
2.934959793090820312e+01
2.948946380615234375e+01
2.926912307739257812e+01
2.917625617980957031e+01
2.928700256347656250e+01
2.911641311645507812e+01
2.913943862915039062e+01
2.909131431579589844e+01
2.915952682495117188e+01
2.920401000976562500e+01
2.924074935913085938e+01
2.950196075439453125e+01
2.958803176879882812e+01
2.952325630187988281e+01
2.955692481994628906e+01
2.940860748291015625e+01
2.936327362060546875e+01
2.943212699890136719e+01
2.952673721313476562e+01
2.963148689270019531e+01
2.982516098022460938e+01
2.993701362609863281e+01
2.985153961181640625e+01
2.988483238220214844e+01
2.997783279418945312e+01
3.006311225891113281e+01
2.997658729553222656e+01
2.984748649597167969e+01
2.975984382629394531e+01
2.985109519958496094e+01
2.992271423339843750e+01
2.991471290588378906e+01
2.973348236083984375e+01
2.961688041687011719e+01
2.962991905212402344e+01
2.958894348144531250e+01
2.948681449890136719e+01
2.933259773254394531e+01
2.926425933837890625e+01
2.920406913757324219e+01
2.916597175598144531e+01
2.913400459289550781e+01
2.907112503051757812e+01
2.898195838928222656e+01
2.882513046264648438e+01
2.877256202697753906e+01
2.882300949096679688e+01
2.886240196228027344e+01
2.901912689208984375e+01
2.927911567687988281e+01
2.948372077941894531e+01
2.933905601501464844e+01
2.918674850463867188e+01
2.912512779235839844e+01
2.901865577697753906e+01
2.895661926269531250e+01
2.892261314392089844e+01
2.891681671142578125e+01
2.893603515625000000e+01
2.887554168701171875e+01
2.886077117919921875e+01
2.897105979919433594e+01
2.909873008728027344e+01
2.919009780883789062e+01
2.930200767517089844e+01
2.938336372375488281e+01
2.925554466247558594e+01
2.892553710937500000e+01
2.858846855163574219e+01
2.865892982482910156e+01
2.896733474731445312e+01
2.934107017517089844e+01
2.975191497802734375e+01
2.977520751953125000e+01
2.969511985778808594e+01
2.950617027282714844e+01
2.928390693664550781e+01
2.908048820495605469e+01
2.893971443176269531e+01
2.873241996765136719e+01
2.892585372924804688e+01
2.933386421203613281e+01
2.951086425781250000e+01
2.965680503845214844e+01
2.956145858764648438e+01
2.923598480224609375e+01
2.867784881591796875e+01
2.785877418518066406e+01
2.721810531616210938e+01
2.680629348754882812e+01
