3.537789916992187500e+01
3.569021987915039062e+01
3.571220016479492188e+01
3.559739303588867188e+01
3.642233657836914062e+01
3.637873458862304688e+01
3.635622787475585938e+01
3.699508666992187500e+01
3.708591842651367188e+01
3.692650604248046875e+01
3.695180511474609375e+01
3.692468261718750000e+01
3.654665374755859375e+01
3.567336654663085938e+01
3.480356597900390625e+01
3.449142074584960938e+01
3.489078140258789062e+01
3.636613082885742188e+01
3.736865997314453125e+01
3.745635604858398438e+01
3.734765243530273438e+01
3.749564361572265625e+01
3.750960159301757812e+01
3.752671051025390625e+01
3.745316696166992188e+01
3.744609069824218750e+01
3.745434951782226562e+01
3.734709930419921875e+01
3.753992462158203125e+01
3.728612518310546875e+01
3.709874343872070312e+01
3.741384887695312500e+01
3.739326858520507812e+01
3.755138015747070312e+01
3.778020477294921875e+01
3.793633651733398438e+01
3.777167129516601562e+01
3.700683212280273438e+01
3.674544525146484375e+01
3.721496582031250000e+01
3.748886871337890625e+01
3.761789321899414062e+01
3.772160720825195312e+01
3.771199417114257812e+01
3.741968154907226562e+01
3.709888839721679688e+01
3.761058425903320312e+01
3.788003921508789062e+01
3.787822723388671875e+01
3.773032379150390625e+01
3.760904693603515625e+01
3.775717544555664062e+01
3.791256713867187500e+01
3.741747665405273438e+01
3.713773727416992188e+01
3.693274307250976562e+01
3.673965454101562500e+01
3.678605270385742188e+01
3.692444992065429688e+01
3.670351791381835938e+01
3.641230392456054688e+01
3.697272109985351562e+01
3.705246353149414062e+01
3.695226287841796875e+01
3.694228744506835938e+01
3.678034591674804688e+01
3.660543060302734375e+01
3.733607101440429688e+01
3.760340118408203125e+01
3.793177795410156250e+01
3.840846633911132812e+01
3.850847244262695312e+01
3.848184585571289062e+01
3.827285003662109375e+01
3.764924621582031250e+01
3.684485244750976562e+01
3.614498519897460938e+01
3.604108810424804688e+01
3.619429397583007812e+01
3.650408935546875000e+01
3.651123046875000000e+01
3.661266708374023438e+01
3.674663925170898438e+01
3.652248382568359375e+01
3.599492263793945312e+01
3.571093368530273438e+01
3.476233291625976562e+01
3.503973388671875000e+01
3.476020431518554688e+01
3.479717254638671875e+01
3.448380661010742188e+01
3.445581054687500000e+01
3.539533233642578125e+01
3.654711151123046875e+01
3.693702316284179688e+01
3.732797241210937500e+01
3.774562835693359375e+01
3.792745208740234375e+01
3.795160293579101562e+01
3.739937973022460938e+01
3.700535964965820312e+01
