3.416929244995117188e+01
3.539487838745117188e+01
3.602217483520507812e+01
3.553296279907226562e+01
3.579215240478515625e+01
3.605030441284179688e+01
3.663434600830078125e+01
3.712669372558593750e+01
3.580538940429687500e+01
3.488357162475585938e+01
3.633129882812500000e+01
3.713093948364257812e+01
3.708937072753906250e+01
3.735741043090820312e+01
3.768308258056640625e+01
3.774397659301757812e+01
3.768894577026367188e+01
3.744404983520507812e+01
3.599441909790039062e+01
3.477640151977539062e+01
3.470846939086914062e+01
3.497056961059570312e+01
3.534284591674804688e+01
3.547367095947265625e+01
3.577413558959960938e+01
3.709523010253906250e+01
3.770795059204101562e+01
3.763292694091796875e+01
3.708579635620117188e+01
3.571073150634765625e+01
3.624556350708007812e+01
3.701994323730468750e+01
3.664594650268554688e+01
3.686666488647460938e+01
3.747178268432617188e+01
3.803437042236328125e+01
3.804000854492187500e+01
3.788574600219726562e+01
3.762388610839843750e+01
3.755098342895507812e+01
3.762086868286132812e+01
3.764923095703125000e+01
3.727037811279296875e+01
3.606488418579101562e+01
3.596963882446289062e+01
3.520311355590820312e+01
3.581132125854492188e+01
3.618169021606445312e+01
3.623198318481445312e+01
3.637583923339843750e+01
3.732807922363281250e+01
3.780303955078125000e+01
3.761985778808593750e+01
3.692530822753906250e+01
3.671252441406250000e+01
3.692479324340820312e+01
3.661445999145507812e+01
3.618569183349609375e+01
3.579697036743164062e+01
3.587483215332031250e+01
3.603534317016601562e+01
3.589914321899414062e+01
3.617397308349609375e+01
3.712645339965820312e+01
3.739360809326171875e+01
3.676867675781250000e+01
3.516321563720703125e+01
3.458541107177734375e+01
3.455668640136718750e+01
3.458406448364257812e+01
3.484173202514648438e+01
3.543029022216796875e+01
3.605138397216796875e+01
3.632320404052734375e+01
3.692023468017578125e+01
3.764860916137695312e+01
3.805999374389648438e+01
3.826980590820312500e+01
3.841614151000976562e+01
3.853697204589843750e+01
3.849191665649414062e+01
3.826709747314453125e+01
3.814186477661132812e+01
3.809070205688476562e+01
3.800756835937500000e+01
3.794752502441406250e+01
3.803380203247070312e+01
3.833484649658203125e+01
3.847598648071289062e+01
3.828316497802734375e+01
3.828503417968750000e+01
3.824610900878906250e+01
3.832277679443359375e+01
3.825252532958984375e+01
3.808352279663085938e+01
3.750669860839843750e+01
3.660762405395507812e+01
3.763830184936523438e+01
3.815290832519531250e+01
3.822362136840820312e+01
3.699182510375976562e+01
3.735327911376953125e+01
