3.227027130126953125e+01
3.188136863708496094e+01
3.069259643554687500e+01
3.035524940490722656e+01
3.102401924133300781e+01
3.201598739624023438e+01
3.236840438842773438e+01
3.225626754760742188e+01
3.219601821899414062e+01
3.210860824584960938e+01
3.207819366455078125e+01
3.186295890808105469e+01
3.151803398132324219e+01
3.112421989440917969e+01
3.060197639465332031e+01
3.034164810180664062e+01
3.073544692993164062e+01
3.105363655090332031e+01
3.103652763366699219e+01
3.086832809448242188e+01
3.088496971130371094e+01
3.104107093811035156e+01
3.106705284118652344e+01
3.066523742675781250e+01
3.007375907897949219e+01
2.982144546508789062e+01
2.999817848205566406e+01
3.006380462646484375e+01
3.037010192871093750e+01
3.048889350891113281e+01
3.055249023437500000e+01
3.049418258666992188e+01
3.049775505065917969e+01
3.060484123229980469e+01
3.075614547729492188e+01
3.108225059509277344e+01
3.128887748718261719e+01
3.144421768188476562e+01
3.139282417297363281e+01
3.141808509826660156e+01
3.166445732116699219e+01
3.213996887207031250e+01
3.218431854248046875e+01
3.213955688476562500e+01
3.210612487792968750e+01
3.217903900146484375e+01
3.246023178100585938e+01
3.253221130371093750e+01
3.248017501831054688e+01
3.248039627075195312e+01
3.234178924560546875e+01
3.243654632568359375e+01
3.261494064331054688e+01
3.187260627746582031e+01
3.143998146057128906e+01
3.119302558898925781e+01
3.110239028930664062e+01
3.109014129638671875e+01
3.103714561462402344e+01
3.094515609741210938e+01
3.095574569702148438e+01
3.108565330505371094e+01
3.133437728881835938e+01
3.186851119995117188e+01
3.235837554931640625e+01
3.262249755859375000e+01
3.296119689941406250e+01
3.275081634521484375e+01
3.233831405639648438e+01
3.188974189758300781e+01
3.180327033996582031e+01
3.167088317871093750e+01
3.151231193542480469e+01
3.131727409362792969e+01
3.107354545593261719e+01
3.095522689819335938e+01
3.094289398193359375e+01
3.107420158386230469e+01
3.143495941162109375e+01
3.150944709777832031e+01
3.129988479614257812e+01
3.120850753784179688e+01
3.106706428527832031e+01
3.086860084533691406e+01
3.068623924255371094e+01
3.071006584167480469e+01
3.116255760192871094e+01
3.171532630920410156e+01
3.198746109008789062e+01
3.197994804382324219e+01
3.190635871887207031e+01
3.191796684265136719e+01
3.180036544799804688e+01
3.141277122497558594e+01
3.106907844543457031e+01
3.103677558898925781e+01
3.143526649475097656e+01
3.231254577636718750e+01
3.242888259887695312e+01
3.290282821655273438e+01
3.362007522583007812e+01
3.406542205810546875e+01
3.321364974975585938e+01
