2.884574127197265625e+01
2.856188964843750000e+01
2.849526023864746094e+01
2.845209121704101562e+01
2.847382926940917969e+01
2.843300247192382812e+01
2.855703163146972656e+01
2.884886550903320312e+01
2.910101318359375000e+01
2.928185272216796875e+01
2.945109176635742188e+01
2.937953567504882812e+01
2.927099800109863281e+01
2.911118507385253906e+01
2.914404487609863281e+01
2.927311706542968750e+01
2.906323814392089844e+01
2.879036331176757812e+01
2.861414337158203125e+01
2.830033874511718750e+01
2.814145469665527344e+01
2.798493385314941406e+01
2.784885406494140625e+01
2.786657142639160156e+01
2.787334632873535156e+01
2.788187980651855469e+01
2.800507354736328125e+01
2.811177825927734375e+01
2.815786552429199219e+01
2.821148681640625000e+01
2.821726799011230469e+01
2.825103759765625000e+01
2.828175354003906250e+01
2.837423324584960938e+01
2.848684120178222656e+01
2.873087692260742188e+01
2.876334953308105469e+01
2.881071472167968750e+01
2.878024482727050781e+01
2.872658157348632812e+01
2.851446914672851562e+01
2.824105262756347656e+01
2.796015548706054688e+01
2.787289619445800781e+01
2.779871368408203125e+01
2.813977241516113281e+01
2.869454956054687500e+01
2.895177078247070312e+01
2.886681938171386719e+01
2.859197425842285156e+01
2.828238677978515625e+01
2.831222534179687500e+01
2.831569862365722656e+01
2.829379081726074219e+01
2.818184661865234375e+01
2.822810554504394531e+01
2.838350677490234375e+01
2.867318153381347656e+01
2.864776611328125000e+01
2.848464012145996094e+01
2.843493461608886719e+01
2.840326118469238281e+01
2.855091094970703125e+01
2.877738571166992188e+01
2.885963630676269531e+01
2.865430259704589844e+01
2.845421218872070312e+01
2.829727554321289062e+01
2.840077400207519531e+01
2.852833938598632812e+01
2.862141609191894531e+01
2.872612380981445312e+01
2.874234199523925781e+01
2.882780456542968750e+01
2.894508171081542969e+01
2.907623863220214844e+01
2.921678924560546875e+01
2.925925254821777344e+01
2.933123588562011719e+01
2.928412628173828125e+01
2.919818305969238281e+01
2.896311187744140625e+01
2.886813354492187500e+01
2.896252059936523438e+01
2.907519340515136719e+01
2.912028694152832031e+01
2.922006797790527344e+01
2.923471260070800781e+01
2.929154777526855469e+01
2.940931892395019531e+01
2.937542915344238281e+01
2.929370307922363281e+01
2.895850944519042969e+01
2.867898750305175781e+01
2.856822967529296875e+01
2.852441596984863281e+01
2.861359405517578125e+01
2.872348594665527344e+01
2.864491462707519531e+01
2.873243331909179688e+01
2.886673164367675781e+01
2.873675537109375000e+01
2.874119186401367188e+01
