3.722132110595703125e+01
3.710429763793945312e+01
3.687432098388671875e+01
3.691379547119140625e+01
3.683178710937500000e+01
3.681591796875000000e+01
3.725364685058593750e+01
3.726036453247070312e+01
3.716823196411132812e+01
3.703005218505859375e+01
3.706396865844726562e+01
3.706801986694335938e+01
3.716003036499023438e+01
3.737583160400390625e+01
3.750664901733398438e+01
3.734738540649414062e+01
3.713103103637695312e+01
3.691927719116210938e+01
3.696610260009765625e+01
3.625667572021484375e+01
3.506353378295898438e+01
3.515194320678710938e+01
3.628189086914062500e+01
3.698302459716796875e+01
3.690155792236328125e+01
3.598658752441406250e+01
3.564646148681640625e+01
3.564175415039062500e+01
3.686975097656250000e+01
3.793880462646484375e+01
3.775081253051757812e+01
3.750238800048828125e+01
3.759259796142578125e+01
3.757708358764648438e+01
3.741334152221679688e+01
3.732299804687500000e+01
3.743952178955078125e+01
3.743639373779296875e+01
3.732498168945312500e+01
3.732185745239257812e+01
3.714120101928710938e+01
3.693643569946289062e+01
3.704882812500000000e+01
3.725484466552734375e+01
3.716180419921875000e+01
3.643798828125000000e+01
3.611793899536132812e+01
3.625115203857421875e+01
3.650307083129882812e+01
3.637247848510742188e+01
3.599236679077148438e+01
3.572339248657226562e+01
3.536585617065429688e+01
3.655796051025390625e+01
3.680517578125000000e+01
3.688060760498046875e+01
3.672444534301757812e+01
3.676797866821289062e+01
3.665378570556640625e+01
3.661360549926757812e+01
3.671502304077148438e+01
3.671152877807617188e+01
3.667937850952148438e+01
3.651694488525390625e+01
3.662606048583984375e+01
3.664377212524414062e+01
3.658885192871093750e+01
3.664327621459960938e+01
3.631101989746093750e+01
3.585082626342773438e+01
3.588349914550781250e+01
3.562634658813476562e+01
3.566804504394531250e+01
3.533852005004882812e+01
3.530300140380859375e+01
3.543947219848632812e+01
3.594517135620117188e+01
3.652660751342773438e+01
3.667998123168945312e+01
3.690264892578125000e+01
3.676105880737304688e+01
3.639941406250000000e+01
3.595846176147460938e+01
3.495414352416992188e+01
3.567298889160156250e+01
3.597890090942382812e+01
3.462815093994140625e+01
3.472529983520507812e+01
3.498110961914062500e+01
3.445875167846679688e+01
3.415137100219726562e+01
3.414605331420898438e+01
3.464221572875976562e+01
3.508798599243164062e+01
3.543503570556640625e+01
3.633007812500000000e+01
3.719301986694335938e+01
3.686006164550781250e+01
3.622317886352539062e+01
3.676761627197265625e+01
3.643334197998046875e+01
3.591061019897460938e+01
3.591897201538085938e+01
3.609166717529296875e+01
3.544898986816406250e+01
3.458727264404296875e+01
