2.911423301696777344e+01
3.046064376831054688e+01
3.180845832824707031e+01
3.225097274780273438e+01
3.334152984619140625e+01
3.415776443481445312e+01
3.396562576293945312e+01
3.382549667358398438e+01
3.386211395263671875e+01
3.286000823974609375e+01
3.216994094848632812e+01
3.213888549804687500e+01
3.225640869140625000e+01
3.218375015258789062e+01
3.248760604858398438e+01
3.327545547485351562e+01
3.376953887939453125e+01
3.392687225341796875e+01
3.396897506713867188e+01
3.373523712158203125e+01
3.337857437133789062e+01
3.332327270507812500e+01
3.339150619506835938e+01
3.346480941772460938e+01
3.354191207885742188e+01
3.373117065429687500e+01
3.406403350830078125e+01
3.414178848266601562e+01
3.392453384399414062e+01
3.393335723876953125e+01
3.400222015380859375e+01
3.418484115600585938e+01
3.430871200561523438e+01
3.432925415039062500e+01
3.431141281127929688e+01
3.447002792358398438e+01
3.452687454223632812e+01
3.448400878906250000e+01
3.440108489990234375e+01
3.426982498168945312e+01
3.419829940795898438e+01
3.396183013916015625e+01
3.373624801635742188e+01
3.372427368164062500e+01
3.372953033447265625e+01
3.374563980102539062e+01
3.375654983520507812e+01
3.373298645019531250e+01
3.389472579956054688e+01
3.394477844238281250e+01
3.389340972900390625e+01
3.373151779174804688e+01
3.356393051147460938e+01
3.340738677978515625e+01
3.338194656372070312e+01
3.350519561767578125e+01
3.362628555297851562e+01
3.362136459350585938e+01
3.365344619750976562e+01
3.365050125122070312e+01
3.368357086181640625e+01
3.372923278808593750e+01
3.382423782348632812e+01
3.388056182861328125e+01
3.385895156860351562e+01
3.382008361816406250e+01
3.361431503295898438e+01
3.350679016113281250e+01
3.342883300781250000e+01
3.336871719360351562e+01
3.330920028686523438e+01
3.326334762573242188e+01
3.327075576782226562e+01
3.338014602661132812e+01
3.342756652832031250e+01
3.347656250000000000e+01
3.347706985473632812e+01
3.341891860961914062e+01
3.334786605834960938e+01
3.338655853271484375e+01
3.339020538330078125e+01
3.353295898437500000e+01
3.373028564453125000e+01
3.358886337280273438e+01
3.325178527832031250e+01
3.289040756225585938e+01
3.294584655761718750e+01
3.297525405883789062e+01
3.279065704345703125e+01
3.282870864868164062e+01
3.327805328369140625e+01
3.376487350463867188e+01
3.391433715820312500e+01
3.368340301513671875e+01
3.338290023803710938e+01
3.309022521972656250e+01
3.313005065917968750e+01
3.332564163208007812e+01
3.375411987304687500e+01
3.386908721923828125e+01
3.418131637573242188e+01
3.450794601440429688e+01
3.502348709106445312e+01
3.413391876220703125e+01
