3.793704223632812500e+01
3.790354919433593750e+01
3.773937988281250000e+01
3.739181900024414062e+01
3.719723510742187500e+01
3.690226364135742188e+01
3.706729888916015625e+01
3.679820632934570312e+01
3.660923004150390625e+01
3.647937774658203125e+01
3.625182723999023438e+01
3.551716613769531250e+01
3.427894973754882812e+01
3.411482238769531250e+01
3.402553939819335938e+01
3.432455825805664062e+01
3.466497421264648438e+01
3.551875686645507812e+01
3.570478057861328125e+01
3.597424316406250000e+01
3.628256225585937500e+01
3.638903808593750000e+01
3.625373840332031250e+01
3.591720962524414062e+01
3.495891571044921875e+01
3.417702484130859375e+01
3.405930709838867188e+01
3.417727279663085938e+01
3.450652313232421875e+01
3.470722579956054688e+01
3.464118957519531250e+01
3.532675170898437500e+01
3.568965911865234375e+01
3.574878311157226562e+01
3.587272644042968750e+01
3.505966567993164062e+01
3.470479202270507812e+01
3.532341003417968750e+01
3.591443634033203125e+01
3.610992050170898438e+01
3.588861083984375000e+01
3.487705612182617188e+01
3.521717071533203125e+01
3.535449600219726562e+01
3.484405136108398438e+01
3.482370376586914062e+01
3.442345809936523438e+01
3.422753906250000000e+01
3.431036758422851562e+01
3.439126586914062500e+01
3.444701766967773438e+01
3.445806884765625000e+01
3.424309539794921875e+01
3.436222076416015625e+01
3.455753707885742188e+01
3.517248535156250000e+01
3.669363403320312500e+01
3.736670684814453125e+01
3.716359329223632812e+01
3.699803543090820312e+01
3.703978729248046875e+01
3.701510238647460938e+01
3.698015975952148438e+01
3.705220794677734375e+01
3.695517349243164062e+01
3.681403350830078125e+01
3.686108779907226562e+01
3.702304077148437500e+01
3.644487762451171875e+01
3.649987792968750000e+01
3.560878372192382812e+01
3.472517013549804688e+01
3.487908935546875000e+01
3.497608184814453125e+01
3.522602081298828125e+01
3.514383316040039062e+01
3.531689071655273438e+01
3.551862335205078125e+01
3.719049835205078125e+01
3.722329330444335938e+01
3.695088577270507812e+01
3.475454711914062500e+01
3.442965316772460938e+01
3.489334106445312500e+01
3.514520645141601562e+01
3.533393478393554688e+01
3.476745605468750000e+01
3.452534866333007812e+01
3.451778793334960938e+01
3.497438812255859375e+01
3.501033020019531250e+01
3.492243194580078125e+01
3.490235519409179688e+01
3.463046264648437500e+01
3.463344955444335938e+01
3.465471267700195312e+01
3.460156631469726562e+01
