3.218147659301757812e+01
3.233923721313476562e+01
3.233869934082031250e+01
3.244785690307617188e+01
3.232288360595703125e+01
3.213848876953125000e+01
3.221467590332031250e+01
3.227571868896484375e+01
3.251460266113281250e+01
3.258488082885742188e+01
3.303904342651367188e+01
3.353501892089843750e+01
3.357510375976562500e+01
3.356746673583984375e+01
3.353202438354492188e+01
3.335851669311523438e+01
3.326176071166992188e+01
3.344295120239257812e+01
3.303046035766601562e+01
3.244597244262695312e+01
3.215489196777343750e+01
3.229779815673828125e+01
3.244657897949218750e+01
3.231243133544921875e+01
3.214072799682617188e+01
3.207304382324218750e+01
3.208341217041015625e+01
3.207246780395507812e+01
3.226773834228515625e+01
3.242390823364257812e+01
3.239269638061523438e+01
3.222135543823242188e+01
3.215883636474609375e+01
3.235297775268554688e+01
3.254953002929687500e+01
3.276513290405273438e+01
3.282923889160156250e+01
3.272013854980468750e+01
3.263843536376953125e+01
3.290088272094726562e+01
3.287414932250976562e+01
3.266796875000000000e+01
3.266826629638671875e+01
3.264769744873046875e+01
3.229810714721679688e+01
3.188605690002441406e+01
3.204487991333007812e+01
3.195150375366210938e+01
3.178845977783203125e+01
3.189471435546875000e+01
3.227467346191406250e+01
3.249628448486328125e+01
3.252225112915039062e+01
3.245289230346679688e+01
3.215594482421875000e+01
3.213319015502929688e+01
3.249320602416992188e+01
3.270738983154296875e+01
3.275143432617187500e+01
3.251434707641601562e+01
3.223683166503906250e+01
3.213125228881835938e+01
3.211821365356445312e+01
3.223137664794921875e+01
3.226520538330078125e+01
3.219034957885742188e+01
3.205931091308593750e+01
3.216661834716796875e+01
3.201021194458007812e+01
3.205453491210937500e+01
3.218040847778320312e+01
3.199871063232421875e+01
3.172620773315429688e+01
3.157128524780273438e+01
3.160322761535644531e+01
3.182042884826660156e+01
3.225374221801757812e+01
3.249242401123046875e+01
3.241410064697265625e+01
3.249573135375976562e+01
3.239539337158203125e+01
3.202874755859375000e+01
3.222534942626953125e+01
3.255847930908203125e+01
3.279702758789062500e+01
3.307320404052734375e+01
3.289656829833984375e+01
3.287109375000000000e+01
3.312274169921875000e+01
3.337318801879882812e+01
3.307670211791992188e+01
3.271271896362304688e+01
3.286423492431640625e+01
3.329849624633789062e+01
3.349431610107421875e+01
3.337939834594726562e+01
3.352123641967773438e+01
3.367073822021484375e+01
3.369271469116210938e+01
3.372142791748046875e+01
3.351158523559570312e+01
3.309501266479492188e+01
3.268012619018554688e+01
3.278242111206054688e+01
