3.106855773925781250e+01
3.199336051940917969e+01
3.252717971801757812e+01
3.307860183715820312e+01
3.368927383422851562e+01
3.378418731689453125e+01
3.354187011718750000e+01
3.363316345214843750e+01
3.391432952880859375e+01
3.359789657592773438e+01
3.265959167480468750e+01
3.278525543212890625e+01
3.315586853027343750e+01
3.363061523437500000e+01
3.321706390380859375e+01
3.307838439941406250e+01
3.306016159057617188e+01
3.294994354248046875e+01
3.304542541503906250e+01
3.332448577880859375e+01
3.393758392333984375e+01
3.447489547729492188e+01
3.462518310546875000e+01
3.464205932617187500e+01
3.471631622314453125e+01
3.472583770751953125e+01
3.473491668701171875e+01
3.484280776977539062e+01
3.465676498413085938e+01
3.450603485107421875e+01
3.449377441406250000e+01
3.450244140625000000e+01
3.519846725463867188e+01
3.663935852050781250e+01
3.662042617797851562e+01
3.615283203125000000e+01
3.600963973999023438e+01
3.657989883422851562e+01
3.683808517456054688e+01
3.665936660766601562e+01
3.535003280639648438e+01
3.480220794677734375e+01
3.458023834228515625e+01
3.461650466918945312e+01
3.612190628051757812e+01
3.657225418090820312e+01
3.624750900268554688e+01
3.639577865600585938e+01
3.530833816528320312e+01
3.444675827026367188e+01
3.447544860839843750e+01
3.494087219238281250e+01
3.533164978027343750e+01
3.514907073974609375e+01
3.483066558837890625e+01
3.467941284179687500e+01
3.488261413574218750e+01
3.507576370239257812e+01
3.483204269409179688e+01
3.448168945312500000e+01
3.429422378540039062e+01
3.427426147460937500e+01
3.435599517822265625e+01
3.440192031860351562e+01
3.426782226562500000e+01
3.410603713989257812e+01
3.397338485717773438e+01
3.403392791748046875e+01
3.412520599365234375e+01
3.407161331176757812e+01
3.426596069335937500e+01
3.478741836547851562e+01
3.486690902709960938e+01
3.499639129638671875e+01
3.501439666748046875e+01
3.510532379150390625e+01
3.553707122802734375e+01
3.526412582397460938e+01
3.497693634033203125e+01
3.426467514038085938e+01
3.416446304321289062e+01
3.484465026855468750e+01
3.459095764160156250e+01
3.453796386718750000e+01
3.459169769287109375e+01
3.499103546142578125e+01
3.512413024902343750e+01
3.534178924560546875e+01
3.535589981079101562e+01
3.577515792846679688e+01
3.563024520874023438e+01
3.502914047241210938e+01
3.444999694824218750e+01
3.347082901000976562e+01
