3.154602241516113281e+01
3.187263107299804688e+01
3.265366363525390625e+01
3.227751541137695312e+01
3.228245544433593750e+01
3.199767684936523438e+01
3.149614334106445312e+01
3.108210945129394531e+01
3.211441421508789062e+01
3.293764114379882812e+01
3.308536529541015625e+01
3.262757873535156250e+01
3.250910568237304688e+01
3.257326126098632812e+01
3.261880111694335938e+01
3.263796997070312500e+01
3.209476852416992188e+01
3.156505584716796875e+01
3.217274475097656250e+01
3.235436630249023438e+01
3.181152343750000000e+01
3.151041793823242188e+01
3.128188705444335938e+01
3.157724952697753906e+01
3.172865676879882812e+01
3.173481369018554688e+01
3.176879882812500000e+01
3.187891578674316406e+01
3.198575592041015625e+01
3.188443565368652344e+01
3.152009201049804688e+01
3.092942619323730469e+01
3.072604370117187500e+01
3.024635314941406250e+01
3.034837722778320312e+01
3.044061279296875000e+01
3.080755996704101562e+01
3.104228019714355469e+01
3.121754646301269531e+01
3.106786537170410156e+01
3.112441635131835938e+01
3.137124252319335938e+01
3.119187927246093750e+01
3.090539932250976562e+01
3.032685470581054688e+01
2.923133659362792969e+01
2.915070343017578125e+01
2.971534538269042969e+01
3.036342620849609375e+01
3.059429359436035156e+01
3.056526565551757812e+01
3.044253349304199219e+01
3.044568824768066406e+01
3.057628250122070312e+01
3.079968261718750000e+01
3.074021530151367188e+01
3.050788116455078125e+01
3.002546119689941406e+01
2.966583633422851562e+01
2.933457183837890625e+01
2.944335365295410156e+01
2.934326553344726562e+01
2.945926094055175781e+01
2.995569992065429688e+01
2.947947311401367188e+01
2.908062362670898438e+01
2.857062149047851562e+01
2.845280647277832031e+01
2.915948104858398438e+01
2.902419853210449219e+01
2.940729522705078125e+01
2.984971809387207031e+01
3.005257415771484375e+01
2.963597488403320312e+01
2.996874046325683594e+01
3.023555564880371094e+01
2.970071220397949219e+01
2.873985481262207031e+01
2.866554832458496094e+01
2.896828842163085938e+01
2.952839660644531250e+01
2.956216621398925781e+01
3.032977485656738281e+01
3.097043991088867188e+01
3.134403228759765625e+01
3.150715637207031250e+01
3.156300735473632812e+01
3.164231109619140625e+01
3.181738281250000000e+01
3.221136856079101562e+01
3.235800552368164062e+01
3.228369903564453125e+01
3.288344192504882812e+01
3.340723419189453125e+01
3.365990447998046875e+01
3.555201339721679688e+01
3.565969085693359375e+01
3.360551071166992188e+01
3.133765411376953125e+01
3.243841171264648438e+01
3.382795333862304688e+01
3.385488128662109375e+01
3.379373168945312500e+01
3.348574447631835938e+01
