3.456947326660156250e+01
3.450641250610351562e+01
3.396355819702148438e+01
3.387446975708007812e+01
3.426131820678710938e+01
3.427513885498046875e+01
3.411484146118164062e+01
3.428389739990234375e+01
3.468130111694335938e+01
3.509894943237304688e+01
3.495995330810546875e+01
3.467159271240234375e+01
3.483361434936523438e+01
3.469440078735351562e+01
3.434441375732421875e+01
3.437026214599609375e+01
3.469556045532226562e+01
3.563372039794921875e+01
3.550270843505859375e+01
3.510743713378906250e+01
3.522349929809570312e+01
3.517170715332031250e+01
3.469964218139648438e+01
3.456383132934570312e+01
3.466201400756835938e+01
3.471529769897460938e+01
3.475390625000000000e+01
3.468179702758789062e+01
3.474886703491210938e+01
3.494754409790039062e+01
3.500278472900390625e+01
3.487664794921875000e+01
3.492516708374023438e+01
3.538757324218750000e+01
3.532101821899414062e+01
3.510004425048828125e+01
3.521071243286132812e+01
3.511230850219726562e+01
3.519804000854492188e+01
3.509334182739257812e+01
3.638703536987304688e+01
3.693449020385742188e+01
3.638582229614257812e+01
3.539795303344726562e+01
3.477609634399414062e+01
3.474335098266601562e+01
3.461855697631835938e+01
3.438411331176757812e+01
3.434642028808593750e+01
3.469245529174804688e+01
3.510758590698242188e+01
3.514760971069335938e+01
3.538411712646484375e+01
3.566596221923828125e+01
3.640826416015625000e+01
3.627799987792968750e+01
3.672003555297851562e+01
3.652412414550781250e+01
3.543173599243164062e+01
3.462808990478515625e+01
3.456316757202148438e+01
3.463529586791992188e+01
3.463042449951171875e+01
3.439938354492187500e+01
3.442890167236328125e+01
3.449366760253906250e+01
3.457708358764648438e+01
3.468636703491210938e+01
3.489232254028320312e+01
3.469962692260742188e+01
3.451958084106445312e+01
3.439264297485351562e+01
3.442095947265625000e+01
3.487971496582031250e+01
3.484210968017578125e+01
3.485343170166015625e+01
3.488412857055664062e+01
3.463298797607421875e+01
3.437650299072265625e+01
3.435394668579101562e+01
3.436871337890625000e+01
3.480772399902343750e+01
3.489826202392578125e+01
3.466485214233398438e+01
3.461268997192382812e+01
3.454018402099609375e+01
3.459668350219726562e+01
3.457865524291992188e+01
3.440357208251953125e+01
3.468376159667968750e+01
3.483854293823242188e+01
3.484535217285156250e+01
3.471427917480468750e+01
3.446598052978515625e+01
3.439601135253906250e+01
3.432208251953125000e+01
3.429958724975585938e+01
3.397644042968750000e+01
3.335059356689453125e+01
3.289621353149414062e+01
3.299144744873046875e+01
