2.584746360778808594e+01
2.563574600219726562e+01
2.562041091918945312e+01
2.552296066284179688e+01
2.542983055114746094e+01
2.553517532348632812e+01
2.538910484313964844e+01
2.541541862487792969e+01
2.545346641540527344e+01
2.538860321044921875e+01
2.548067855834960938e+01
2.521723747253417969e+01
2.477351760864257812e+01
2.504315948486328125e+01
2.520130538940429688e+01
2.570509147644042969e+01
2.595290756225585938e+01
2.600199127197265625e+01
2.580022621154785156e+01
2.543934440612792969e+01
2.547345352172851562e+01
2.560775566101074219e+01
2.582456970214843750e+01
2.623549842834472656e+01
2.635748481750488281e+01
2.660004234313964844e+01
2.647764778137207031e+01
2.632149314880371094e+01
2.619614410400390625e+01
2.605441474914550781e+01
2.602618026733398438e+01
2.608713531494140625e+01
2.619196891784667969e+01
2.629394912719726562e+01
2.632532691955566406e+01
2.636582374572753906e+01
2.634475135803222656e+01
2.633511161804199219e+01
2.632739257812500000e+01
2.632192039489746094e+01
2.626389312744140625e+01
2.614966392517089844e+01
2.599174308776855469e+01
2.588784027099609375e+01
2.581552886962890625e+01
2.585551452636718750e+01
2.604913902282714844e+01
2.614360618591308594e+01
2.614521026611328125e+01
2.613116073608398438e+01
2.598631095886230469e+01
2.599103927612304688e+01
2.607522010803222656e+01
2.607893180847167969e+01
2.611408233642578125e+01
2.615855407714843750e+01
2.624543952941894531e+01
2.628328704833984375e+01
2.632879829406738281e+01
2.640020370483398438e+01
2.645297241210937500e+01
2.640553092956542969e+01
2.628488540649414062e+01
2.620818328857421875e+01
2.609969139099121094e+01
2.601762008666992188e+01
2.596106910705566406e+01
2.597854995727539062e+01
2.600836372375488281e+01
2.602278327941894531e+01
2.595649528503417969e+01
2.595573234558105469e+01
2.602002906799316406e+01
2.602843666076660156e+01
2.602319526672363281e+01
2.590573120117187500e+01
2.598239326477050781e+01
2.607582855224609375e+01
2.603634452819824219e+01
2.618835639953613281e+01
2.623349189758300781e+01
2.627467918395996094e+01
2.647829627990722656e+01
2.638300895690917969e+01
2.651120185852050781e+01
2.654989624023437500e+01
2.646223068237304688e+01
2.673042678833007812e+01
2.632574844360351562e+01
2.614577484130859375e+01
2.603539657592773438e+01
2.590110778808593750e+01
2.624199485778808594e+01
2.611466789245605469e+01
2.626008796691894531e+01
2.565308189392089844e+01
2.448050689697265625e+01
