2.245438575744628906e+01
2.221963119506835938e+01
2.256246566772460938e+01
2.285075950622558594e+01
2.319109535217285156e+01
2.282361030578613281e+01
2.295896339416503906e+01
2.266604995727539062e+01
2.248595809936523438e+01
2.231327247619628906e+01
2.246234512329101562e+01
2.264485931396484375e+01
2.243691062927246094e+01
2.251367950439453125e+01
2.263233375549316406e+01
2.284917259216308594e+01
2.310547828674316406e+01
2.344151878356933594e+01
2.383840560913085938e+01
2.403171157836914062e+01
2.408767509460449219e+01
2.390123176574707031e+01
2.374484825134277344e+01
2.373970413208007812e+01
2.366139793395996094e+01
2.370187187194824219e+01
2.366044616699218750e+01
2.368512916564941406e+01
2.365118026733398438e+01
2.367634201049804688e+01
2.384015274047851562e+01
2.375953102111816406e+01
2.367024993896484375e+01
2.354172706604003906e+01
2.349312973022460938e+01
2.349443626403808594e+01
2.341768074035644531e+01
2.334181022644042969e+01
2.313030624389648438e+01
2.309821319580078125e+01
2.303827476501464844e+01
2.289494895935058594e+01
2.280158233642578125e+01
2.279042625427246094e+01
2.287223243713378906e+01
2.290367126464843750e+01
2.299977302551269531e+01
2.304587936401367188e+01
2.308410453796386719e+01
2.301117897033691406e+01
2.288897895812988281e+01
2.277227020263671875e+01
2.253425979614257812e+01
2.241816711425781250e+01
2.235288047790527344e+01
2.236925315856933594e+01
2.247851371765136719e+01
2.263776016235351562e+01
2.273088455200195312e+01
2.274736213684082031e+01
2.292232704162597656e+01
2.299041748046875000e+01
2.307564353942871094e+01
2.314509963989257812e+01
2.320292282104492188e+01
2.327123069763183594e+01
2.330046653747558594e+01
2.338020896911621094e+01
2.332532501220703125e+01
2.334432792663574219e+01
2.336477088928222656e+01
2.333453369140625000e+01
2.326073646545410156e+01
2.301935005187988281e+01
2.285820579528808594e+01
2.270924568176269531e+01
2.275595855712890625e+01
2.285865402221679688e+01
2.290328979492187500e+01
2.287681198120117188e+01
2.258824539184570312e+01
2.239095687866210938e+01
2.210283660888671875e+01
2.198187637329101562e+01
2.196687889099121094e+01
2.191947746276855469e+01
2.195406341552734375e+01
2.201949882507324219e+01
2.207888793945312500e+01
2.216351318359375000e+01
2.225670814514160156e+01
2.226403236389160156e+01
2.218112182617187500e+01
2.212847137451171875e+01
2.201445770263671875e+01
2.210486221313476562e+01
