3.664162445068359375e+01
3.632258987426757812e+01
3.576398086547851562e+01
3.536236953735351562e+01
3.524974822998046875e+01
3.508135223388671875e+01
3.451856994628906250e+01
3.444887161254882812e+01
3.459639739990234375e+01
3.501947784423828125e+01
3.509963226318359375e+01
3.526706314086914062e+01
3.534383010864257812e+01
3.544347000122070312e+01
3.520845031738281250e+01
3.520293045043945312e+01
3.535155105590820312e+01
3.522809600830078125e+01
3.515010833740234375e+01
3.508068466186523438e+01
3.501432037353515625e+01
3.498821640014648438e+01
3.505249404907226562e+01
3.519423294067382812e+01
3.526359558105468750e+01
3.494941329956054688e+01
3.469067001342773438e+01
3.475155639648437500e+01
3.472548294067382812e+01
3.463789749145507812e+01
3.472224807739257812e+01
3.467593002319335938e+01
3.456349182128906250e+01
3.441338729858398438e+01
3.440357971191406250e+01
3.426203918457031250e+01
3.400034332275390625e+01
3.383679580688476562e+01
3.387270736694335938e+01
3.392412948608398438e+01
3.396910476684570312e+01
3.406895446777343750e+01
3.426476287841796875e+01
3.430939102172851562e+01
3.442893218994140625e+01
3.454976272583007812e+01
3.427784729003906250e+01
3.381917572021484375e+01
3.360699844360351562e+01
3.350654602050781250e+01
3.348569488525390625e+01
3.358505630493164062e+01
3.357857894897460938e+01
3.345645523071289062e+01
3.351553726196289062e+01
3.353631591796875000e+01
3.369951248168945312e+01
3.377181625366210938e+01
3.373455429077148438e+01
3.352030181884765625e+01
3.346388626098632812e+01
3.362829971313476562e+01
3.386194610595703125e+01
3.398347473144531250e+01
3.405675888061523438e+01
3.426605987548828125e+01
3.432325363159179688e+01
3.435917663574218750e+01
3.430444335937500000e+01
3.425484085083007812e+01
3.419757461547851562e+01
3.420272827148437500e+01
3.421548461914062500e+01
3.426808547973632812e+01
3.420532608032226562e+01
3.419953155517578125e+01
3.402760696411132812e+01
3.378678894042968750e+01
3.377177810668945312e+01
3.378182220458984375e+01
3.375865554809570312e+01
3.379695129394531250e+01
3.392554473876953125e+01
3.430760192871093750e+01
3.464338302612304688e+01
3.473973846435546875e+01
3.463990020751953125e+01
3.449460220336914062e+01
3.422536468505859375e+01
3.410283279418945312e+01
3.413798904418945312e+01
