3.326871490478515625e+01
3.354069519042968750e+01
3.350457763671875000e+01
3.336921310424804688e+01
3.329689407348632812e+01
3.329523086547851562e+01
3.333573913574218750e+01
3.354487228393554688e+01
3.356686019897460938e+01
3.355979537963867188e+01
3.360647201538085938e+01
3.372145080566406250e+01
3.392134857177734375e+01
3.402725219726562500e+01
3.451266479492187500e+01
3.446819305419921875e+01
3.418134307861328125e+01
3.417331314086914062e+01
3.432018280029296875e+01
3.424167633056640625e+01
3.388661956787109375e+01
3.363815689086914062e+01
3.363970947265625000e+01
3.405073165893554688e+01
3.414350891113281250e+01
3.407050704956054688e+01
3.410192108154296875e+01
3.439847183227539062e+01
3.434582901000976562e+01
3.397424316406250000e+01
3.364119720458984375e+01
3.369179153442382812e+01
3.377867507934570312e+01
3.393254089355468750e+01
3.404775619506835938e+01
3.414406967163085938e+01
3.401579284667968750e+01
3.380329132080078125e+01
3.402950668334960938e+01
3.437428283691406250e+01
3.468057250976562500e+01
3.476568222045898438e+01
3.460169219970703125e+01
3.476603698730468750e+01
3.508607864379882812e+01
3.543630218505859375e+01
3.575071716308593750e+01
3.569251632690429688e+01
3.496254730224609375e+01
3.515677642822265625e+01
3.550802230834960938e+01
3.518539047241210938e+01
3.497425842285156250e+01
3.511850738525390625e+01
3.502720642089843750e+01
3.524001312255859375e+01
3.524902725219726562e+01
3.488564300537109375e+01
3.466994857788085938e+01
3.470875167846679688e+01
3.438740921020507812e+01
3.402222824096679688e+01
3.378289031982421875e+01
3.382881546020507812e+01
3.399624252319335938e+01
3.420383453369140625e+01
3.428839111328125000e+01
3.435769271850585938e+01
3.432133102416992188e+01
3.425896453857421875e+01
3.420086669921875000e+01
3.414644241333007812e+01
3.426916885375976562e+01
3.422923278808593750e+01
3.394534301757812500e+01
3.380422592163085938e+01
3.389487457275390625e+01
3.404743957519531250e+01
3.414330673217773438e+01
3.377982711791992188e+01
3.343886947631835938e+01
3.355498504638671875e+01
3.356684875488281250e+01
3.348984146118164062e+01
3.380002212524414062e+01
3.418336105346679688e+01
3.406842803955078125e+01
3.391393280029296875e+01
3.381274032592773438e+01
3.383570480346679688e+01
3.388824844360351562e+01
3.394306564331054688e+01
3.394522476196289062e+01
3.377840042114257812e+01
3.358730316162109375e+01
3.331125259399414062e+01
3.308020782470703125e+01
3.315999984741210938e+01
3.334060668945312500e+01
3.386104965209960938e+01
3.379039764404296875e+01
3.394006729125976562e+01
3.405707168579101562e+01
3.398567962646484375e+01
