2.821138191223144531e+01
2.795385360717773438e+01
2.798523902893066406e+01
2.756589508056640625e+01
2.717588615417480469e+01
2.739793014526367188e+01
2.760783004760742188e+01
2.726491737365722656e+01
2.745984268188476562e+01
2.816341590881347656e+01
2.861112213134765625e+01
2.856660461425781250e+01
2.875660133361816406e+01
2.887480163574218750e+01
2.890879821777343750e+01
2.872300148010253906e+01
2.833408737182617188e+01
2.785621070861816406e+01
2.781261062622070312e+01
2.769674110412597656e+01
2.769395446777343750e+01
2.791008567810058594e+01
2.846512985229492188e+01
2.860444831848144531e+01
2.843377494812011719e+01
2.839348793029785156e+01
2.848397827148437500e+01
2.842918777465820312e+01
2.820086479187011719e+01
2.786993217468261719e+01
2.774522781372070312e+01
2.800656127929687500e+01
2.817986869812011719e+01
2.826310920715332031e+01
2.840173149108886719e+01
2.831315422058105469e+01
2.828035736083984375e+01
2.861343383789062500e+01
2.887010002136230469e+01
2.870482635498046875e+01
2.840287590026855469e+01
2.820120620727539062e+01
2.779923820495605469e+01
2.765883827209472656e+01
2.773579406738281250e+01
2.794948959350585938e+01
2.810957145690917969e+01
2.832675552368164062e+01
2.900365829467773438e+01
2.924253082275390625e+01
2.965518569946289062e+01
2.976834678649902344e+01
2.968927001953125000e+01
2.965512084960937500e+01
2.968403625488281250e+01
2.984051513671875000e+01
2.971635437011718750e+01
2.949608612060546875e+01
2.938049697875976562e+01
2.911868095397949219e+01
2.871516227722167969e+01
2.855265617370605469e+01
2.865012168884277344e+01
2.857121086120605469e+01
2.852561759948730469e+01
2.840055274963378906e+01
2.823648262023925781e+01
2.832257270812988281e+01
2.848201942443847656e+01
2.849924850463867188e+01
2.835346412658691406e+01
2.816054344177246094e+01
2.823723983764648438e+01
2.842772102355957031e+01
2.872841072082519531e+01
2.872681808471679688e+01
2.882487297058105469e+01
2.882808685302734375e+01
2.901628303527832031e+01
2.910824012756347656e+01
2.947257232666015625e+01
2.983622932434082031e+01
3.002665328979492188e+01
2.948382949829101562e+01
2.831644058227539062e+01
2.767531204223632812e+01
2.746028327941894531e+01
2.736000061035156250e+01
2.755276489257812500e+01
2.767931175231933594e+01
2.771331596374511719e+01
2.779540634155273438e+01
2.790065574645996094e+01
2.812293624877929688e+01
2.849690628051757812e+01
2.868791580200195312e+01
2.880111503601074219e+01
2.910627365112304688e+01
2.919933891296386719e+01
2.872974777221679688e+01
2.875217628479003906e+01
2.887437438964843750e+01
2.881356811523437500e+01
2.888494110107421875e+01
2.922170257568359375e+01
2.925050163269042969e+01
