2.251787948608398438e+01
2.236450195312500000e+01
2.231985473632812500e+01
2.239916610717773438e+01
2.248607444763183594e+01
2.256177902221679688e+01
2.258098030090332031e+01
2.260065650939941406e+01
2.257200431823730469e+01
2.256933593750000000e+01
2.255835723876953125e+01
2.255118560791015625e+01
2.260169792175292969e+01
2.271863365173339844e+01
2.279237937927246094e+01
2.276669311523437500e+01
2.271357536315917969e+01
2.266854476928710938e+01
2.263759994506835938e+01
2.256116485595703125e+01
2.240838432312011719e+01
2.216379165649414062e+01
2.174865913391113281e+01
2.164847183227539062e+01
2.160241127014160156e+01
2.171195983886718750e+01
2.177437782287597656e+01
2.191710662841796875e+01
2.207413291931152344e+01
2.219081878662109375e+01
2.232699203491210938e+01
2.243980789184570312e+01
2.255310821533203125e+01
2.256197738647460938e+01
2.254347229003906250e+01
2.250617408752441406e+01
2.246997642517089844e+01
2.240013122558593750e+01
2.234464454650878906e+01
2.237353515625000000e+01
2.240090179443359375e+01
2.241445159912109375e+01
2.238850784301757812e+01
2.239015960693359375e+01
2.237638092041015625e+01
2.237207794189453125e+01
2.228040504455566406e+01
2.216064453125000000e+01
2.200776863098144531e+01
2.186274337768554688e+01
2.178003311157226562e+01
2.171625709533691406e+01
2.172581672668457031e+01
2.171783256530761719e+01
2.168414306640625000e+01
2.150854301452636719e+01
2.137568283081054688e+01
2.122657585144042969e+01
2.113278388977050781e+01
2.129352760314941406e+01
2.142855834960937500e+01
2.174511337280273438e+01
2.189130401611328125e+01
2.198007202148437500e+01
2.206375885009765625e+01
2.207421875000000000e+01
2.196192741394042969e+01
2.186073493957519531e+01
2.193000221252441406e+01
2.199263954162597656e+01
2.219284439086914062e+01
2.228061485290527344e+01
2.232008934020996094e+01
2.242906379699707031e+01
2.268025779724121094e+01
2.313176536560058594e+01
2.373410987854003906e+01
2.420683479309082031e+01
2.444973182678222656e+01
2.464324569702148438e+01
2.474448585510253906e+01
2.473421669006347656e+01
2.463594055175781250e+01
2.434664535522460938e+01
2.424092483520507812e+01
2.417181587219238281e+01
2.424137878417968750e+01
2.435845375061035156e+01
2.417288017272949219e+01
2.395504570007324219e+01
2.366487693786621094e+01
2.353778266906738281e+01
2.335956573486328125e+01
2.323941230773925781e+01
2.311316871643066406e+01
2.294436645507812500e+01
