2.050476837158203125e+01
2.055278396606445312e+01
2.057275962829589844e+01
2.058200454711914062e+01
2.059209823608398438e+01
2.059839820861816406e+01
2.064292526245117188e+01
2.066525268554687500e+01
2.071197891235351562e+01
2.075994491577148438e+01
2.082799911499023438e+01
2.089329719543457031e+01
2.097556304931640625e+01
2.099382781982421875e+01
2.099382400512695312e+01
2.093555450439453125e+01
2.093224143981933594e+01
2.098338699340820312e+01
2.113860511779785156e+01
2.129023742675781250e+01
2.147008895874023438e+01
2.153627777099609375e+01
2.160304641723632812e+01
2.154075050354003906e+01
2.147263336181640625e+01
2.139970779418945312e+01
2.141101074218750000e+01
2.142819404602050781e+01
2.146230316162109375e+01
2.148588752746582031e+01
2.156259346008300781e+01
2.155893325805664062e+01
2.166671371459960938e+01
2.174984741210937500e+01
2.189822196960449219e+01
2.183750534057617188e+01
2.184247207641601562e+01
2.172240638732910156e+01
2.167396545410156250e+01
2.156467628479003906e+01
2.154969215393066406e+01
2.145495605468750000e+01
2.136983680725097656e+01
2.127029037475585938e+01
2.123994064331054688e+01
2.114777565002441406e+01
2.107776641845703125e+01
2.106698799133300781e+01
2.108699989318847656e+01
2.109767150878906250e+01
2.115361976623535156e+01
2.121319961547851562e+01
2.124601364135742188e+01
2.123106956481933594e+01
2.125461769104003906e+01
2.130251121520996094e+01
2.139783859252929688e+01
2.142323875427246094e+01
2.139367675781250000e+01
2.132499694824218750e+01
2.123529434204101562e+01
2.107564353942871094e+01
2.098222160339355469e+01
2.091811180114746094e+01
2.079936027526855469e+01
2.069282150268554688e+01
2.066151618957519531e+01
2.070154762268066406e+01
2.068897247314453125e+01
2.065653610229492188e+01
2.057429504394531250e+01
2.056733131408691406e+01
2.051436233520507812e+01
2.053058242797851562e+01
2.046577644348144531e+01
2.043148231506347656e+01
2.034375953674316406e+01
2.042735481262207031e+01
2.094888305664062500e+01
2.124677848815917969e+01
2.116789245605468750e+01
2.109184646606445312e+01
2.133106422424316406e+01
2.133157348632812500e+01
2.107281875610351562e+01
