2.863738250732421875e+01
2.856727027893066406e+01
2.859154701232910156e+01
2.843702125549316406e+01
2.825663757324218750e+01
2.835276985168457031e+01
2.859783172607421875e+01
2.862442588806152344e+01
2.877471733093261719e+01
2.909037971496582031e+01
2.902211952209472656e+01
2.914932441711425781e+01
2.926078796386718750e+01
2.867624664306640625e+01
2.835373878479003906e+01
2.809058570861816406e+01
2.802741050720214844e+01
2.801569557189941406e+01
2.805005264282226562e+01
2.805232048034667969e+01
2.811060523986816406e+01
2.830631446838378906e+01
2.835004043579101562e+01
2.821517372131347656e+01
2.806912803649902344e+01
2.819042778015136719e+01
2.860192298889160156e+01
2.884268569946289062e+01
2.900601196289062500e+01
2.884840774536132812e+01
2.870458793640136719e+01
2.862374305725097656e+01
2.852586555480957031e+01
2.849187660217285156e+01
2.839287948608398438e+01
2.837646675109863281e+01
2.840283393859863281e+01
2.843788337707519531e+01
2.848931503295898438e+01
2.847947502136230469e+01
2.848185920715332031e+01
2.849213600158691406e+01
2.856315994262695312e+01
2.860425567626953125e+01
2.860702323913574219e+01
2.854123497009277344e+01
2.847130393981933594e+01
2.841690063476562500e+01
2.843061637878417969e+01
2.843474006652832031e+01
2.835592651367187500e+01
2.831861686706542969e+01
2.843394279479980469e+01
2.856738471984863281e+01
2.849835014343261719e+01
2.835644340515136719e+01
2.819787979125976562e+01
2.802657127380371094e+01
2.786221313476562500e+01
2.786783218383789062e+01
2.790706443786621094e+01
2.797084045410156250e+01
2.799559593200683594e+01
2.800751495361328125e+01
2.805657196044921875e+01
2.810095787048339844e+01
2.817908477783203125e+01
2.825044822692871094e+01
2.830436897277832031e+01
2.820049095153808594e+01
2.811959457397460938e+01
2.813306045532226562e+01
2.822031593322753906e+01
2.845214843750000000e+01
2.851714134216308594e+01
2.859720420837402344e+01
2.857129669189453125e+01
2.824536132812500000e+01
2.814071464538574219e+01
2.814232063293457031e+01
2.802700424194335938e+01
2.781993484497070312e+01
2.772807502746582031e+01
2.764378547668457031e+01
2.755211830139160156e+01
2.756525230407714844e+01
2.762886810302734375e+01
2.749643135070800781e+01
2.736290168762207031e+01
2.736998558044433594e+01
2.747165489196777344e+01
2.771997070312500000e+01
2.845078468322753906e+01
2.930471229553222656e+01
2.961714172363281250e+01
