3.540781402587890625e+01
3.574532318115234375e+01
3.626239395141601562e+01
3.607939147949218750e+01
3.484180068969726562e+01
3.434538269042968750e+01
3.400645828247070312e+01
3.400265121459960938e+01
3.406505966186523438e+01
3.392536163330078125e+01
3.397969436645507812e+01
3.367651748657226562e+01
3.361617660522460938e+01
3.356567382812500000e+01
3.314914321899414062e+01
3.304764175415039062e+01
3.323824691772460938e+01
3.323278808593750000e+01
3.335468673706054688e+01
3.386708450317382812e+01
3.411777114868164062e+01
3.418542480468750000e+01
3.420438385009765625e+01
3.420916366577148438e+01
3.436479187011718750e+01
3.429011154174804688e+01
3.392396926879882812e+01
3.369448471069335938e+01
3.352308654785156250e+01
3.348583602905273438e+01
3.365017700195312500e+01
3.389361190795898438e+01
3.396218872070312500e+01
3.389486694335937500e+01
3.379055404663085938e+01
3.384314727783203125e+01
3.396001815795898438e+01
3.387098312377929688e+01
3.361696243286132812e+01
3.354152297973632812e+01
3.357730865478515625e+01
3.362848281860351562e+01
3.363958740234375000e+01
3.368208694458007812e+01
3.364680099487304688e+01
3.381914901733398438e+01
3.390837097167968750e+01
3.372330856323242188e+01
3.350046157836914062e+01
3.339288711547851562e+01
3.335995864868164062e+01
3.342448425292968750e+01
3.356336593627929688e+01
3.365871047973632812e+01
3.346216964721679688e+01
3.335747146606445312e+01
3.344212722778320312e+01
3.346040725708007812e+01
3.360501480102539062e+01
3.359563827514648438e+01
3.345672225952148438e+01
3.344482040405273438e+01
3.350492858886718750e+01
3.383933639526367188e+01
3.420596694946289062e+01
3.436822128295898438e+01
3.446455764770507812e+01
3.452295303344726562e+01
3.449481201171875000e+01
3.448808288574218750e+01
3.440127182006835938e+01
3.429816818237304688e+01
3.428179550170898438e+01
3.417475891113281250e+01
3.399507522583007812e+01
3.388951492309570312e+01
3.412414932250976562e+01
3.428310012817382812e+01
3.422647857666015625e+01
3.428196334838867188e+01
3.423179626464843750e+01
3.405404663085937500e+01
3.382012557983398438e+01
3.384401321411132812e+01
3.390105438232421875e+01
3.401124572753906250e+01
3.404642868041992188e+01
3.403569030761718750e+01
3.429806137084960938e+01
3.462753295898437500e+01
3.464558410644531250e+01
3.437755203247070312e+01
3.390627670288085938e+01
3.420066833496093750e+01
3.409746932983398438e+01
3.384636306762695312e+01
3.368465805053710938e+01
3.366486358642578125e+01
3.360975646972656250e+01
3.350949096679687500e+01
3.361959457397460938e+01
3.354610061645507812e+01
3.285183715820312500e+01
3.241712951660156250e+01
3.251161193847656250e+01
