2.804875946044921875e+01
2.929755020141601562e+01
3.033492279052734375e+01
3.070124816894531250e+01
2.987654495239257812e+01
2.933875846862792969e+01
2.972479057312011719e+01
3.044778633117675781e+01
3.091885185241699219e+01
3.111115455627441406e+01
3.091055870056152344e+01
3.070833015441894531e+01
3.067167282104492188e+01
3.072609519958496094e+01
3.086960411071777344e+01
3.102715873718261719e+01
3.020362854003906250e+01
2.959919738769531250e+01
2.921752738952636719e+01
2.917546653747558594e+01
2.921439552307128906e+01
2.944638442993164062e+01
2.986916542053222656e+01
3.037032508850097656e+01
3.057859420776367188e+01
3.030025863647460938e+01
2.985801696777343750e+01
2.954917144775390625e+01
2.941689109802246094e+01
2.935957908630371094e+01
2.944258880615234375e+01
2.937779426574707031e+01
2.920263481140136719e+01
2.932291030883789062e+01
2.957270812988281250e+01
2.963587760925292969e+01
2.994594001770019531e+01
3.014036178588867188e+01
3.013144111633300781e+01
3.005844306945800781e+01
3.004983139038085938e+01
3.031040191650390625e+01
3.035819053649902344e+01
3.029181671142578125e+01
3.025610160827636719e+01
3.025687217712402344e+01
3.025062370300292969e+01
3.022164344787597656e+01
3.010445213317871094e+01
3.004688262939453125e+01
2.995183753967285156e+01
2.977173805236816406e+01
2.985618019104003906e+01
2.996536254882812500e+01
2.995071411132812500e+01
2.979762077331542969e+01
2.968026542663574219e+01
2.966354560852050781e+01
2.978385734558105469e+01
2.993068313598632812e+01
2.995683288574218750e+01
2.990809249877929688e+01
2.995686149597167969e+01
2.991530990600585938e+01
2.994625473022460938e+01
3.002438545227050781e+01
3.001082038879394531e+01
2.979751968383789062e+01
2.963488006591796875e+01
2.949056243896484375e+01
2.941020774841308594e+01
2.942266654968261719e+01
2.946282386779785156e+01
2.960945320129394531e+01
3.008920097351074219e+01
3.038653182983398438e+01
3.044218444824218750e+01
3.025834846496582031e+01
3.004576492309570312e+01
2.993317604064941406e+01
2.990124511718750000e+01
2.995640754699707031e+01
3.002227973937988281e+01
3.002447891235351562e+01
2.996024703979492188e+01
2.995212173461914062e+01
2.991968536376953125e+01
2.983805274963378906e+01
2.982574844360351562e+01
2.982448959350585938e+01
2.986929512023925781e+01
2.988212776184082031e+01
2.994781303405761719e+01
3.008788490295410156e+01
3.004279899597167969e+01
2.988245201110839844e+01
2.969900512695312500e+01
2.971660423278808594e+01
2.966893196105957031e+01
2.946042633056640625e+01
2.911437988281250000e+01
2.905728912353515625e+01
2.921880149841308594e+01
2.932562828063964844e+01
2.926151466369628906e+01
2.944705009460449219e+01
2.955232048034667969e+01
2.952869415283203125e+01
2.937416076660156250e+01
2.923820114135742188e+01
