3.611160278320312500e+01
3.707812500000000000e+01
3.627398300170898438e+01
3.505930709838867188e+01
3.472676467895507812e+01
3.501866149902343750e+01
3.574341201782226562e+01
3.681498718261718750e+01
3.732909393310546875e+01
3.749842071533203125e+01
3.733868026733398438e+01
3.715010452270507812e+01
3.630720520019531250e+01
3.517050170898437500e+01
3.517626571655273438e+01
3.555429077148437500e+01
3.558287048339843750e+01
3.523812866210937500e+01
3.488693237304687500e+01
3.503524398803710938e+01
3.524816131591796875e+01
3.500735092163085938e+01
3.484315109252929688e+01
3.513825225830078125e+01
3.548339080810546875e+01
3.566965103149414062e+01
3.562664413452148438e+01
3.540710449218750000e+01
3.530665969848632812e+01
3.525440979003906250e+01
3.540939712524414062e+01
3.553428268432617188e+01
3.548763656616210938e+01
3.534634399414062500e+01
3.555833053588867188e+01
3.601905441284179688e+01
3.602272033691406250e+01
3.619014358520507812e+01
3.642066192626953125e+01
3.653997421264648438e+01
3.636660003662109375e+01
3.605252838134765625e+01
3.554944992065429688e+01
3.535818862915039062e+01
3.519997406005859375e+01
3.545434570312500000e+01
3.543372726440429688e+01
3.477325057983398438e+01
3.446228408813476562e+01
3.431825256347656250e+01
3.379304504394531250e+01
3.449648284912109375e+01
3.601891326904296875e+01
3.669086074829101562e+01
3.655525588989257812e+01
3.547287750244140625e+01
3.477369308471679688e+01
3.429613876342773438e+01
3.437007904052734375e+01
3.475630569458007812e+01
3.520203781127929688e+01
3.643106460571289062e+01
3.673086166381835938e+01
3.661006546020507812e+01
3.627826309204101562e+01
3.608652496337890625e+01
3.578401565551757812e+01
3.575903320312500000e+01
3.560217666625976562e+01
3.526469039916992188e+01
3.508969116210937500e+01
3.534835052490234375e+01
3.519711685180664062e+01
3.515296936035156250e+01
3.498353958129882812e+01
3.486971282958984375e+01
3.499028396606445312e+01
3.515537643432617188e+01
3.503829574584960938e+01
3.483583450317382812e+01
3.508243179321289062e+01
3.591777801513671875e+01
3.673129653930664062e+01
3.699128723144531250e+01
3.724135208129882812e+01
3.742021179199218750e+01
3.742654418945312500e+01
3.728556442260742188e+01
3.717576217651367188e+01
3.717227935791015625e+01
3.709268188476562500e+01
3.710646820068359375e+01
3.728762054443359375e+01
3.728156661987304688e+01
3.713715744018554688e+01
3.710383605957031250e+01
3.716354751586914062e+01
3.718671417236328125e+01
3.716379547119140625e+01
3.702712631225585938e+01
3.688479614257812500e+01
3.671183013916015625e+01
3.655710601806640625e+01
3.653071975708007812e+01
3.631100845336914062e+01
3.554037094116210938e+01
3.466219329833984375e+01
3.246536254882812500e+01
