3.461285400390625000e+01
3.528343200683593750e+01
3.644495773315429688e+01
3.654949569702148438e+01
3.679359817504882812e+01
3.707651901245117188e+01
3.674134063720703125e+01
3.669755554199218750e+01
3.713882827758789062e+01
3.757415390014648438e+01
3.750777053833007812e+01
3.699113845825195312e+01
3.685383224487304688e+01
3.636326599121093750e+01
3.587085342407226562e+01
3.549991989135742188e+01
3.636062240600585938e+01
3.650683593750000000e+01
3.606952285766601562e+01
3.471983337402343750e+01
3.448191452026367188e+01
3.491098785400390625e+01
3.646355056762695312e+01
3.653899002075195312e+01
3.649190902709960938e+01
3.644434356689453125e+01
3.667856216430664062e+01
3.665887832641601562e+01
3.659551620483398438e+01
3.650259017944335938e+01
3.643917465209960938e+01
3.627491760253906250e+01
3.621215057373046875e+01
3.605826950073242188e+01
3.546789169311523438e+01
3.495932388305664062e+01
3.447201919555664062e+01
3.433327484130859375e+01
3.427973937988281250e+01
3.440835571289062500e+01
3.461777877807617188e+01
3.482713699340820312e+01
3.482931518554687500e+01
3.483845138549804688e+01
3.498571014404296875e+01
3.534580993652343750e+01
3.563614273071289062e+01
3.570085144042968750e+01
3.578947448730468750e+01
3.595497512817382812e+01
3.578378677368164062e+01
3.551929855346679688e+01
3.536005401611328125e+01
3.500785827636718750e+01
3.455475997924804688e+01
3.432271575927734375e+01
3.449392700195312500e+01
3.517183303833007812e+01
3.585619354248046875e+01
3.606146240234375000e+01
3.564815521240234375e+01
3.555453491210937500e+01
3.609243011474609375e+01
3.676329421997070312e+01
3.700382614135742188e+01
3.714672851562500000e+01
3.716033172607421875e+01
3.710303497314453125e+01
3.690659713745117188e+01
3.655990982055664062e+01
3.596522140502929688e+01
3.588002777099609375e+01
3.603666305541992188e+01
3.611101531982421875e+01
3.584797286987304688e+01
3.567004394531250000e+01
3.558086013793945312e+01
3.560670089721679688e+01
3.557836151123046875e+01
3.555809020996093750e+01
3.559103012084960938e+01
3.508708953857421875e+01
3.463930892944335938e+01
3.464683151245117188e+01
3.528738784790039062e+01
3.585037612915039062e+01
3.640082931518554688e+01
3.675513458251953125e+01
3.697156524658203125e+01
3.678650665283203125e+01
3.672669219970703125e+01
3.697048187255859375e+01
3.714854812622070312e+01
3.727372360229492188e+01
3.752172470092773438e+01
3.738292312622070312e+01
3.705460357666015625e+01
3.702868270874023438e+01
3.675120544433593750e+01
