2.958909416198730469e+01
2.992859840393066406e+01
3.015689659118652344e+01
2.991581535339355469e+01
2.968911933898925781e+01
2.943127632141113281e+01
2.918020439147949219e+01
2.894483566284179688e+01
2.901344108581542969e+01
2.945016098022460938e+01
2.951659584045410156e+01
2.942353248596191406e+01
2.945287895202636719e+01
2.937002754211425781e+01
2.960302162170410156e+01
2.987132835388183594e+01
2.990550994873046875e+01
3.020051383972167969e+01
3.006869506835937500e+01
3.008714103698730469e+01
3.029023551940917969e+01
2.986413002014160156e+01
2.936505889892578125e+01
2.913581085205078125e+01
2.907171630859375000e+01
2.896771621704101562e+01
2.908323097229003906e+01
2.913645553588867188e+01
2.908944702148437500e+01
2.911241340637207031e+01
2.897423934936523438e+01
2.873401069641113281e+01
2.881514739990234375e+01
2.910200309753417969e+01
2.919236183166503906e+01
2.926807975769042969e+01
2.948688507080078125e+01
2.967097663879394531e+01
2.985119628906250000e+01
2.961591911315917969e+01
2.965663146972656250e+01
2.987928581237792969e+01
3.030412101745605469e+01
3.074142456054687500e+01
3.097017669677734375e+01
3.086324691772460938e+01
3.065384101867675781e+01
3.063774299621582031e+01
3.093480873107910156e+01
3.136249923706054688e+01
3.168103981018066406e+01
3.152317810058593750e+01
3.131019401550292969e+01
3.106645774841308594e+01
3.091866874694824219e+01
3.078089141845703125e+01
3.066515731811523438e+01
3.044298171997070312e+01
3.026299095153808594e+01
3.042326927185058594e+01
3.092613983154296875e+01
3.109863471984863281e+01
3.105537986755371094e+01
3.071239280700683594e+01
3.071176910400390625e+01
3.079306411743164062e+01
3.107631874084472656e+01
3.120643997192382812e+01
3.117461013793945312e+01
3.123494338989257812e+01
3.136249160766601562e+01
3.130418395996093750e+01
3.121788597106933594e+01
3.121100997924804688e+01
3.112570381164550781e+01
3.104690742492675781e+01
3.093612098693847656e+01
3.097588729858398438e+01
3.104235458374023438e+01
3.103723716735839844e+01
3.102789878845214844e+01
3.093808937072753906e+01
3.058963966369628906e+01
3.044587326049804688e+01
3.037899971008300781e+01
3.008371162414550781e+01
2.979254913330078125e+01
2.953674507141113281e+01
2.968723869323730469e+01
2.997955322265625000e+01
2.993507194519042969e+01
3.001451683044433594e+01
3.018651580810546875e+01
3.046840667724609375e+01
3.086023902893066406e+01
3.098499870300292969e+01
3.083074188232421875e+01
3.081460380554199219e+01
3.028933715820312500e+01
2.946140861511230469e+01
2.874543762207031250e+01
2.792193984985351562e+01
