3.621489334106445312e+01
3.687704467773437500e+01
3.719157028198242188e+01
3.739750289916992188e+01
3.764846038818359375e+01
3.705640792846679688e+01
3.642279434204101562e+01
3.605464172363281250e+01
3.602554702758789062e+01
3.660749053955078125e+01
3.701546859741210938e+01
3.747534942626953125e+01
3.790905761718750000e+01
3.789655685424804688e+01
3.774753570556640625e+01
3.731061553955078125e+01
3.705519485473632812e+01
3.710113525390625000e+01
3.684169006347656250e+01
3.689065551757812500e+01
3.693444824218750000e+01
3.669303131103515625e+01
3.664619445800781250e+01
3.714979934692382812e+01
3.756389999389648438e+01
3.783356094360351562e+01
3.774214172363281250e+01
3.749332427978515625e+01
3.743513870239257812e+01
3.699306106567382812e+01
3.658503341674804688e+01
3.632489776611328125e+01
3.651719665527343750e+01
3.670381164550781250e+01
3.717778015136718750e+01
3.742079162597656250e+01
3.708569335937500000e+01
3.728322219848632812e+01
3.797678375244140625e+01
3.770630645751953125e+01
3.753385925292968750e+01
3.725830459594726562e+01
3.680591201782226562e+01
3.658554840087890625e+01
3.610826873779296875e+01
3.596680068969726562e+01
3.652231597900390625e+01
3.651271057128906250e+01
3.584284973144531250e+01
3.577972412109375000e+01
3.634102249145507812e+01
3.631060791015625000e+01
3.599760055541992188e+01
3.624307632446289062e+01
3.569433593750000000e+01
3.587497329711914062e+01
3.560140991210937500e+01
3.552542495727539062e+01
3.548883056640625000e+01
3.562681198120117188e+01
3.561740112304687500e+01
3.570001983642578125e+01
3.519132614135742188e+01
3.577074050903320312e+01
3.669343948364257812e+01
3.675835800170898438e+01
3.638315582275390625e+01
3.555377197265625000e+01
3.565851211547851562e+01
3.584640884399414062e+01
3.590223693847656250e+01
3.526453399658203125e+01
3.462519073486328125e+01
3.485233306884765625e+01
3.448158645629882812e+01
3.432814788818359375e+01
3.435222244262695312e+01
3.425391387939453125e+01
3.412588500976562500e+01
3.446892929077148438e+01
3.499431991577148438e+01
3.552673721313476562e+01
3.526283645629882812e+01
3.533676528930664062e+01
3.619613265991210938e+01
3.644679260253906250e+01
3.622103881835937500e+01
3.605941772460937500e+01
3.645025253295898438e+01
3.679181289672851562e+01
3.696494674682617188e+01
3.732102966308593750e+01
3.751417922973632812e+01
3.772861099243164062e+01
3.777125930786132812e+01
3.766142654418945312e+01
3.751137161254882812e+01
3.739284133911132812e+01
3.753711318969726562e+01
3.778460311889648438e+01
3.781181335449218750e+01
3.760004425048828125e+01
3.736951065063476562e+01
3.692840576171875000e+01
3.641678619384765625e+01
3.578203201293945312e+01
3.570532226562500000e+01
