2.911735343933105469e+01
2.840961647033691406e+01
2.845525360107421875e+01
2.883473777770996094e+01
2.895492362976074219e+01
2.879679298400878906e+01
2.855364036560058594e+01
2.866209983825683594e+01
2.881247329711914062e+01
2.904005432128906250e+01
2.870453262329101562e+01
2.880378150939941406e+01
2.855892372131347656e+01
2.864898872375488281e+01
2.864022064208984375e+01
2.844173431396484375e+01
2.820713233947753906e+01
2.790691757202148438e+01
2.782630920410156250e+01
2.805308532714843750e+01
2.821058082580566406e+01
2.835137939453125000e+01
2.844414901733398438e+01
2.851794624328613281e+01
2.881741714477539062e+01
2.897356986999511719e+01
2.921673202514648438e+01
2.925568199157714844e+01
2.931423377990722656e+01
2.949201202392578125e+01
2.962631034851074219e+01
2.958295059204101562e+01
2.940663146972656250e+01
2.934818267822265625e+01
2.940611839294433594e+01
2.927965164184570312e+01
2.898229217529296875e+01
2.894770050048828125e+01
2.896764945983886719e+01
2.889099884033203125e+01
2.877298164367675781e+01
2.869020080566406250e+01
2.876186370849609375e+01
2.894026184082031250e+01
2.901564216613769531e+01
2.914023590087890625e+01
2.909820175170898438e+01
2.902532386779785156e+01
2.892724418640136719e+01
2.870183372497558594e+01
2.871342849731445312e+01
2.878887557983398438e+01
2.879694366455078125e+01
2.871240425109863281e+01
2.865653800964355469e+01
2.877925491333007812e+01
2.887315559387207031e+01
2.892132186889648438e+01
2.907417678833007812e+01
2.922130584716796875e+01
2.917824554443359375e+01
2.912496376037597656e+01
2.908721351623535156e+01
2.901957893371582031e+01
2.908981895446777344e+01
2.924408912658691406e+01
2.930059814453125000e+01
2.905022621154785156e+01
2.871973037719726562e+01
2.849184226989746094e+01
2.850913429260253906e+01
2.862357902526855469e+01
2.865294265747070312e+01
2.868486404418945312e+01
2.867846870422363281e+01
2.855576133728027344e+01
2.833368110656738281e+01
2.814703369140625000e+01
2.799663352966308594e+01
2.796414566040039062e+01
2.797554779052734375e+01
2.813887596130371094e+01
2.821042633056640625e+01
2.821591758728027344e+01
2.827354431152343750e+01
2.837580108642578125e+01
2.830565643310546875e+01
2.829175758361816406e+01
2.844685745239257812e+01
2.843504714965820312e+01
2.820672035217285156e+01
2.805265617370605469e+01
2.784934425354003906e+01
2.773714447021484375e+01
2.788742065429687500e+01
2.793956375122070312e+01
2.788480186462402344e+01
2.794112014770507812e+01
2.807772445678710938e+01
2.821773338317871094e+01
2.843600845336914062e+01
2.857547378540039062e+01
2.855021667480468750e+01
2.854693222045898438e+01
