2.812086868286132812e+01
2.852748107910156250e+01
2.868690681457519531e+01
2.871932029724121094e+01
2.863763999938964844e+01
2.865725708007812500e+01
2.874596023559570312e+01
2.917932891845703125e+01
2.939506721496582031e+01
2.903674888610839844e+01
2.920201301574707031e+01
2.922417068481445312e+01
2.947067070007324219e+01
2.958830642700195312e+01
2.984579467773437500e+01
3.051851844787597656e+01
3.116093826293945312e+01
3.136029434204101562e+01
3.168465614318847656e+01
3.139719390869140625e+01
3.053971672058105469e+01
2.976039695739746094e+01
2.940192794799804688e+01
2.954275512695312500e+01
2.985886955261230469e+01
2.963296699523925781e+01
2.959388542175292969e+01
2.966064834594726562e+01
2.959800720214843750e+01
2.940421485900878906e+01
2.927743721008300781e+01
2.913043975830078125e+01
2.902519607543945312e+01
2.901162528991699219e+01
2.903758049011230469e+01
2.935597038269042969e+01
2.995683670043945312e+01
3.048373985290527344e+01
3.116025924682617188e+01
3.111547660827636719e+01
3.046158409118652344e+01
3.024236297607421875e+01
3.016811943054199219e+01
2.995541000366210938e+01
2.984729003906250000e+01
2.986920166015625000e+01
2.985659217834472656e+01
2.976086425781250000e+01
2.963106727600097656e+01
2.949703788757324219e+01
2.935432243347167969e+01
2.941568374633789062e+01
2.968611717224121094e+01
2.980991935729980469e+01
2.985761260986328125e+01
2.994803047180175781e+01
2.982045936584472656e+01
2.963841819763183594e+01
2.957694816589355469e+01
2.955062484741210938e+01
2.966861534118652344e+01
2.976924324035644531e+01
2.979106330871582031e+01
2.968029212951660156e+01
2.954791641235351562e+01
2.942656326293945312e+01
2.933269691467285156e+01
2.912900543212890625e+01
2.897398948669433594e+01
2.909357833862304688e+01
2.932049751281738281e+01
2.937662696838378906e+01
2.929691505432128906e+01
2.925904846191406250e+01
2.921821403503417969e+01
2.877221107482910156e+01
2.855501937866210938e+01
2.878808403015136719e+01
2.938404464721679688e+01
2.994831466674804688e+01
2.987280273437500000e+01
2.965063095092773438e+01
2.978550720214843750e+01
2.986575508117675781e+01
2.985019493103027344e+01
2.973089408874511719e+01
2.983002281188964844e+01
2.975149726867675781e+01
2.942759513854980469e+01
2.938864707946777344e+01
2.925514411926269531e+01
2.933461189270019531e+01
2.928828239440917969e+01
2.925326347351074219e+01
2.954356002807617188e+01
2.989900398254394531e+01
3.015033721923828125e+01
2.979352760314941406e+01
2.983286476135253906e+01
2.969048500061035156e+01
2.912335395812988281e+01
2.803342628479003906e+01
2.739963150024414062e+01
