2.715553474426269531e+01
2.729122924804687500e+01
2.757017517089843750e+01
2.797773170471191406e+01
2.772585296630859375e+01
2.731886863708496094e+01
2.721305274963378906e+01
2.718547630310058594e+01
2.720129585266113281e+01
2.715709686279296875e+01
2.733116340637207031e+01
2.742327499389648438e+01
2.738651657104492188e+01
2.735255622863769531e+01
2.750227546691894531e+01
2.764947891235351562e+01
2.748302650451660156e+01
2.743734359741210938e+01
2.733514785766601562e+01
2.723673439025878906e+01
2.731531906127929688e+01
2.710746002197265625e+01
2.720423698425292969e+01
2.735563278198242188e+01
2.738276863098144531e+01
2.720915794372558594e+01
2.710973930358886719e+01
2.719595718383789062e+01
2.737511062622070312e+01
2.750084304809570312e+01
2.740806388854980469e+01
2.727329063415527344e+01
2.727242660522460938e+01
2.703795051574707031e+01
2.687343978881835938e+01
2.698095703125000000e+01
2.693508148193359375e+01
2.692050361633300781e+01
2.694671630859375000e+01
2.715442848205566406e+01
2.723766899108886719e+01
2.714980506896972656e+01
2.695651054382324219e+01
2.695868301391601562e+01
2.718121528625488281e+01
2.748305130004882812e+01
2.768939590454101562e+01
2.778331184387207031e+01
2.788272666931152344e+01
2.779165649414062500e+01
2.788483238220214844e+01
2.798725128173828125e+01
2.801633453369140625e+01
2.791162300109863281e+01
2.783092308044433594e+01
2.763879585266113281e+01
2.749431991577148438e+01
2.743709182739257812e+01
2.741058158874511719e+01
2.731357955932617188e+01
2.723098373413085938e+01
2.725835037231445312e+01
2.725985717773437500e+01
2.726293563842773438e+01
2.730646133422851562e+01
2.730507278442382812e+01
2.733157730102539062e+01
2.731823921203613281e+01
2.729543685913085938e+01
2.726926422119140625e+01
2.724018096923828125e+01
2.721944046020507812e+01
2.715890121459960938e+01
2.703659439086914062e+01
2.693374443054199219e+01
2.681908226013183594e+01
2.667912864685058594e+01
2.670495796203613281e+01
2.623822021484375000e+01
2.601385688781738281e+01
2.612020111083984375e+01
2.631494140625000000e+01
2.645620918273925781e+01
2.652573585510253906e+01
2.654960060119628906e+01
2.659557342529296875e+01
2.662616920471191406e+01
2.678637695312500000e+01
2.675061988830566406e+01
2.690693283081054688e+01
2.702239608764648438e+01
2.710840225219726562e+01
2.717791748046875000e+01
2.715447998046875000e+01
2.709809494018554688e+01
2.718148422241210938e+01
2.681311416625976562e+01
2.686061286926269531e+01
2.690713119506835938e+01
2.702195167541503906e+01
2.738589477539062500e+01
