3.748117065429687500e+01
3.744502639770507812e+01
3.734258270263671875e+01
3.733635330200195312e+01
3.771904754638671875e+01
3.804672241210937500e+01
3.810223770141601562e+01
3.791909027099609375e+01
3.810069656372070312e+01
3.845090103149414062e+01
3.804343795776367188e+01
3.746856307983398438e+01
3.722534942626953125e+01
3.722546386718750000e+01
3.733566665649414062e+01
3.739364242553710938e+01
3.723883056640625000e+01
3.717136764526367188e+01
3.712710189819335938e+01
3.712018203735351562e+01
3.676763916015625000e+01
3.694066238403320312e+01
3.730771255493164062e+01
3.738842773437500000e+01
3.717738723754882812e+01
3.683641052246093750e+01
3.634827423095703125e+01
3.634907150268554688e+01
3.696866989135742188e+01
3.744942474365234375e+01
3.762018203735351562e+01
3.745475387573242188e+01
3.747320175170898438e+01
3.753645706176757812e+01
3.751277160644531250e+01
3.771794509887695312e+01
3.786733245849609375e+01
3.799807739257812500e+01
3.802034759521484375e+01
3.811477661132812500e+01
3.813532257080078125e+01
3.806413650512695312e+01
3.805846786499023438e+01
3.787771224975585938e+01
3.754951858520507812e+01
3.747299575805664062e+01
3.750772094726562500e+01
3.763548278808593750e+01
3.780229568481445312e+01
3.759554672241210938e+01
3.726419830322265625e+01
3.740979003906250000e+01
3.758520889282226562e+01
3.768984603881835938e+01
3.761735534667968750e+01
3.736012268066406250e+01
3.748234558105468750e+01
3.749554824829101562e+01
3.752836990356445312e+01
3.754012680053710938e+01
3.755914688110351562e+01
3.753202819824218750e+01
3.733919525146484375e+01
3.703863525390625000e+01
3.685723876953125000e+01
3.678860473632812500e+01
3.695437622070312500e+01
3.708045196533203125e+01
3.710063552856445312e+01
3.704372787475585938e+01
3.694502258300781250e+01
3.680033493041992188e+01
3.697968292236328125e+01
3.689164733886718750e+01
3.661531829833984375e+01
3.638373565673828125e+01
3.618023300170898438e+01
3.618342208862304688e+01
3.622871780395507812e+01
3.649149703979492188e+01
3.621897888183593750e+01
3.592555236816406250e+01
3.628427505493164062e+01
3.696449279785156250e+01
3.722888565063476562e+01
3.706627655029296875e+01
3.680060195922851562e+01
3.661821365356445312e+01
3.628337860107421875e+01
3.547734069824218750e+01
3.488901519775390625e+01
3.511147308349609375e+01
3.597972488403320312e+01
3.611475753784179688e+01
3.579101562500000000e+01
3.649267959594726562e+01
3.630545425415039062e+01
3.653302764892578125e+01
