2.768245315551757812e+01
2.710311889648437500e+01
2.723921585083007812e+01
2.754357337951660156e+01
2.773968124389648438e+01
2.769852256774902344e+01
2.745878028869628906e+01
2.737344932556152344e+01
2.736499214172363281e+01
2.766983413696289062e+01
2.763825416564941406e+01
2.765327262878417969e+01
2.810170173645019531e+01
2.829732894897460938e+01
2.842827606201171875e+01
2.876821517944335938e+01
2.886121749877929688e+01
2.890747261047363281e+01
2.888708496093750000e+01
2.883951187133789062e+01
2.873627662658691406e+01
2.855740928649902344e+01
2.847902488708496094e+01
2.842544174194335938e+01
2.846637725830078125e+01
2.849825286865234375e+01
2.848373031616210938e+01
2.844332885742187500e+01
2.828430557250976562e+01
2.813762474060058594e+01
2.815035247802734375e+01
2.820844459533691406e+01
2.838031196594238281e+01
2.842022705078125000e+01
2.844013214111328125e+01
2.856027412414550781e+01
2.891274261474609375e+01
2.910698699951171875e+01
2.909612274169921875e+01
2.905066490173339844e+01
2.898896598815917969e+01
2.895367050170898438e+01
2.884393310546875000e+01
2.875676536560058594e+01
2.872089195251464844e+01
2.896047782897949219e+01
2.904902076721191406e+01
2.897949790954589844e+01
2.890808105468750000e+01
2.890285110473632812e+01
2.885047912597656250e+01
2.884840393066406250e+01
2.892209243774414062e+01
2.896515846252441406e+01
2.903356170654296875e+01
2.892507171630859375e+01
2.906823158264160156e+01
2.929655075073242188e+01
2.929488182067871094e+01
2.898853683471679688e+01
2.868184471130371094e+01
2.857568550109863281e+01
2.873409080505371094e+01
2.881630516052246094e+01
2.899412345886230469e+01
2.904289436340332031e+01
2.910692977905273438e+01
2.924985313415527344e+01
2.919833374023437500e+01
2.897880172729492188e+01
2.887028503417968750e+01
2.885722923278808594e+01
2.881997489929199219e+01
2.899253845214843750e+01
2.930665779113769531e+01
2.960717391967773438e+01
2.984032249450683594e+01
2.995380592346191406e+01
2.999178123474121094e+01
2.976404762268066406e+01
2.953771591186523438e+01
2.940524864196777344e+01
2.962402153015136719e+01
2.978950309753417969e+01
2.994724845886230469e+01
3.005887794494628906e+01
2.988759613037109375e+01
2.967809295654296875e+01
2.948919296264648438e+01
2.936030769348144531e+01
2.942163658142089844e+01
2.932936286926269531e+01
2.887444877624511719e+01
2.859430503845214844e+01
2.860340881347656250e+01
2.876140975952148438e+01
2.880850028991699219e+01
2.865385055541992188e+01
2.850221824645996094e+01
2.855388069152832031e+01
2.876604080200195312e+01
2.876638603210449219e+01
2.882004737854003906e+01
2.860922431945800781e+01
2.841627502441406250e+01
2.831526756286621094e+01
2.883553695678710938e+01
