3.402359390258789062e+01
3.440229034423828125e+01
3.584163665771484375e+01
3.644572830200195312e+01
3.586159133911132812e+01
3.533621597290039062e+01
3.489986038208007812e+01
3.455675125122070312e+01
3.456080627441406250e+01
3.449721527099609375e+01
3.440327453613281250e+01
3.444439315795898438e+01
3.449181747436523438e+01
3.470240402221679688e+01
3.502931976318359375e+01
3.470473098754882812e+01
3.416522598266601562e+01
3.400089645385742188e+01
3.388640594482421875e+01
3.381456756591796875e+01
3.376807403564453125e+01
3.389326858520507812e+01
3.398804092407226562e+01
3.404468154907226562e+01
3.394515609741210938e+01
3.385327529907226562e+01
3.396393585205078125e+01
3.422837066650390625e+01
3.464617919921875000e+01
3.444326019287109375e+01
3.435393524169921875e+01
3.422362899780273438e+01
3.421928787231445312e+01
3.418435287475585938e+01
3.401120758056640625e+01
3.396385574340820312e+01
3.416824340820312500e+01
3.447227096557617188e+01
3.477323150634765625e+01
3.475524902343750000e+01
3.488929367065429688e+01
3.502541732788085938e+01
3.514182662963867188e+01
3.528751373291015625e+01
3.554040908813476562e+01
3.572898483276367188e+01
3.512998580932617188e+01
3.458023452758789062e+01
3.424822235107421875e+01
3.399039840698242188e+01
3.382452774047851562e+01
3.373218154907226562e+01
3.372943878173828125e+01
3.374076080322265625e+01
3.368605041503906250e+01
3.358438110351562500e+01
3.358619308471679688e+01
3.347147369384765625e+01
3.359096908569335938e+01
3.379354095458984375e+01
3.399516677856445312e+01
3.392045211791992188e+01
3.391953659057617188e+01
3.390688705444335938e+01
3.377518844604492188e+01
3.373826980590820312e+01
3.386870193481445312e+01
3.397814559936523438e+01
3.406956863403320312e+01
3.405039596557617188e+01
3.423717880249023438e+01
3.426620864868164062e+01
3.415961837768554688e+01
3.402495193481445312e+01
3.389929199218750000e+01
3.384934616088867188e+01
3.386382675170898438e+01
3.391315841674804688e+01
3.386875915527343750e+01
3.401504898071289062e+01
3.411963272094726562e+01
3.412636947631835938e+01
3.393135833740234375e+01
3.384052276611328125e+01
3.399581909179687500e+01
3.418113708496093750e+01
3.391546630859375000e+01
3.371258163452148438e+01
3.375957870483398438e+01
3.394528579711914062e+01
3.419306564331054688e+01
3.423523712158203125e+01
3.399301147460937500e+01
3.365906143188476562e+01
3.349419021606445312e+01
3.347107315063476562e+01
3.318970108032226562e+01
3.320286178588867188e+01
3.335441970825195312e+01
3.306556320190429688e+01
3.251933288574218750e+01
3.220832061767578125e+01
3.247871017456054688e+01
3.259083938598632812e+01
