2.533250236511230469e+01
2.581943893432617188e+01
2.611385345458984375e+01
2.608753967285156250e+01
2.643523216247558594e+01
2.650192070007324219e+01
2.636474990844726562e+01
2.643273735046386719e+01
2.628584480285644531e+01
2.612268447875976562e+01
2.609244918823242188e+01
2.605258178710937500e+01
2.605997085571289062e+01
2.598111724853515625e+01
2.596027565002441406e+01
2.596621322631835938e+01
2.602458190917968750e+01
2.630459403991699219e+01
2.633106613159179688e+01
2.640771865844726562e+01
2.648554229736328125e+01
2.644663429260253906e+01
2.632124900817871094e+01
2.623755073547363281e+01
2.611492729187011719e+01
2.606281661987304688e+01
2.588144111633300781e+01
2.580894660949707031e+01
2.578234100341796875e+01
2.574780273437500000e+01
2.574415588378906250e+01
2.569944763183593750e+01
2.578299331665039062e+01
2.590128517150878906e+01
2.595410728454589844e+01
2.606845855712890625e+01
2.614499664306640625e+01
2.625044250488281250e+01
2.634717941284179688e+01
2.637745857238769531e+01
2.640270996093750000e+01
2.636501502990722656e+01
2.629923629760742188e+01
2.632187271118164062e+01
2.633358383178710938e+01
2.628111076354980469e+01
2.622210693359375000e+01
2.616040420532226562e+01
2.611347579956054688e+01
2.613086891174316406e+01
2.614604377746582031e+01
2.602484130859375000e+01
2.581576156616210938e+01
2.574806594848632812e+01
2.576432609558105469e+01
2.565955543518066406e+01
2.565294265747070312e+01
2.566333007812500000e+01
2.569531440734863281e+01
2.583358764648437500e+01
2.585131835937500000e+01
2.587366485595703125e+01
2.593848800659179688e+01
2.597344207763671875e+01
2.603247261047363281e+01
2.605216026306152344e+01
2.606811523437500000e+01
2.602910423278808594e+01
2.596957588195800781e+01
2.590038108825683594e+01
2.583575630187988281e+01
2.574549674987792969e+01
2.566194915771484375e+01
2.552476310729980469e+01
2.546753120422363281e+01
2.544550323486328125e+01
2.542009735107421875e+01
2.547830963134765625e+01
2.552799034118652344e+01
2.564562988281250000e+01
2.579792213439941406e+01
2.587333869934082031e+01
2.592918395996093750e+01
2.596519088745117188e+01
2.602107238769531250e+01
2.619466209411621094e+01
2.619604110717773438e+01
2.623117828369140625e+01
2.623319625854492188e+01
2.610101890563964844e+01
2.602154922485351562e+01
2.598015975952148438e+01
2.605619049072265625e+01
2.622367095947265625e+01
2.617631912231445312e+01
2.623472785949707031e+01
2.619467926025390625e+01
2.626922988891601562e+01
2.648807334899902344e+01
2.649404907226562500e+01
2.649599838256835938e+01
2.660595512390136719e+01
2.647133445739746094e+01
2.682371711730957031e+01
2.661300849914550781e+01
2.645123481750488281e+01
2.647017288208007812e+01
