3.224416351318359375e+01
3.154561233520507812e+01
3.161450004577636719e+01
3.189234161376953125e+01
3.223489379882812500e+01
3.277254104614257812e+01
3.229489898681640625e+01
3.228296279907226562e+01
3.254560470581054688e+01
3.257982254028320312e+01
3.295915603637695312e+01
3.304314804077148438e+01
3.313223648071289062e+01
3.335032653808593750e+01
3.332488250732421875e+01
3.331778335571289062e+01
3.339311599731445312e+01
3.420814895629882812e+01
3.487080383300781250e+01
3.574103164672851562e+01
3.333733749389648438e+01
3.224060821533203125e+01
3.233243942260742188e+01
3.223837661743164062e+01
3.245134735107421875e+01
3.271225357055664062e+01
3.230118179321289062e+01
3.179864311218261719e+01
3.162809181213378906e+01
3.154052162170410156e+01
3.150980567932128906e+01
3.143730354309082031e+01
3.138034629821777344e+01
3.137831878662109375e+01
3.146056556701660156e+01
3.157162666320800781e+01
3.168885040283203125e+01
3.170688247680664062e+01
3.164259529113769531e+01
3.156356811523437500e+01
3.167889022827148438e+01
3.191563987731933594e+01
3.209518814086914062e+01
3.191460227966308594e+01
3.180709457397460938e+01
3.169692230224609375e+01
3.146156692504882812e+01
3.135874938964843750e+01
3.127989006042480469e+01
3.139013290405273438e+01
3.140660667419433594e+01
3.151131057739257812e+01
3.171233940124511719e+01
3.188392829895019531e+01
3.207294082641601562e+01
3.230281829833984375e+01
3.244948196411132812e+01
3.209759140014648438e+01
3.184296989440917969e+01
3.182941818237304688e+01
3.185197830200195312e+01
3.210453033447265625e+01
3.235384368896484375e+01
3.227516937255859375e+01
3.224248886108398438e+01
3.228135681152343750e+01
3.232818603515625000e+01
3.240416336059570312e+01
3.240437316894531250e+01
3.225226974487304688e+01
3.219367218017578125e+01
3.216061782836914062e+01
3.213534927368164062e+01
3.220616531372070312e+01
3.219058990478515625e+01
3.200749969482421875e+01
3.199200630187988281e+01
3.186897277832031250e+01
3.191280746459960938e+01
3.200348281860351562e+01
3.217728424072265625e+01
3.240913391113281250e+01
3.263801574707031250e+01
3.248589324951171875e+01
3.235670089721679688e+01
3.210079574584960938e+01
3.189001846313476562e+01
3.196456718444824219e+01
3.204986572265625000e+01
3.205081558227539062e+01
3.208149337768554688e+01
3.225981903076171875e+01
3.252511596679687500e+01
3.256681442260742188e+01
3.244652938842773438e+01
3.240859222412109375e+01
3.255260467529296875e+01
3.346635818481445312e+01
3.407221603393554688e+01
3.417192459106445312e+01
