3.623522186279296875e+01
3.540322113037109375e+01
3.578083038330078125e+01
3.652883911132812500e+01
3.682461929321289062e+01
3.679202651977539062e+01
3.624826049804687500e+01
3.642691040039062500e+01
3.667269515991210938e+01
3.646991729736328125e+01
3.629536056518554688e+01
3.622845077514648438e+01
3.589225769042968750e+01
3.599207305908203125e+01
3.675448226928710938e+01
3.634731674194335938e+01
3.534688186645507812e+01
3.518225097656250000e+01
3.464474105834960938e+01
3.394206237792968750e+01
3.375654983520507812e+01
3.443714904785156250e+01
3.563218307495117188e+01
3.540585327148437500e+01
3.513585281372070312e+01
3.605622482299804688e+01
3.643353271484375000e+01
3.673455810546875000e+01
3.683782196044921875e+01
3.674623107910156250e+01
3.644985198974609375e+01
3.653007507324218750e+01
3.589595413208007812e+01
3.568951797485351562e+01
3.591359710693359375e+01
3.669795989990234375e+01
3.704372024536132812e+01
3.702182006835937500e+01
3.686452484130859375e+01
3.612927246093750000e+01
3.561702346801757812e+01
3.603533554077148438e+01
3.676505661010742188e+01
3.704804611206054688e+01
3.700449752807617188e+01
3.688269042968750000e+01
3.639834213256835938e+01
3.541049957275390625e+01
3.505466842651367188e+01
3.536296463012695312e+01
3.542351913452148438e+01
3.559339141845703125e+01
3.550856018066406250e+01
3.528073883056640625e+01
3.482370376586914062e+01
3.461587524414062500e+01
3.472903060913085938e+01
3.475035858154296875e+01
3.485499191284179688e+01
3.496189117431640625e+01
3.561178207397460938e+01
3.628043746948242188e+01
3.682112884521484375e+01
3.683853149414062500e+01
3.657376098632812500e+01
3.663502883911132812e+01
3.665377807617187500e+01
3.688353729248046875e+01
3.711568069458007812e+01
3.708262634277343750e+01
3.695632934570312500e+01
3.700328445434570312e+01
3.691225433349609375e+01
3.690475463867187500e+01
3.642181015014648438e+01
3.627338409423828125e+01
3.585585021972656250e+01
3.562337112426757812e+01
3.597237777709960938e+01
3.650444030761718750e+01
3.645965957641601562e+01
3.666057586669921875e+01
3.601394271850585938e+01
3.600786590576171875e+01
3.581099700927734375e+01
3.572921371459960938e+01
3.577111816406250000e+01
3.585954284667968750e+01
3.569974899291992188e+01
3.542396163940429688e+01
3.548461151123046875e+01
3.655773925781250000e+01
3.660309600830078125e+01
3.649388885498046875e+01
3.688240432739257812e+01
3.690701293945312500e+01
3.661960601806640625e+01
3.643134307861328125e+01
3.580651092529296875e+01
3.581330108642578125e+01
