2.295409202575683594e+01
2.289988517761230469e+01
2.309134101867675781e+01
2.322551155090332031e+01
2.322015571594238281e+01
2.304312515258789062e+01
2.276870155334472656e+01
2.269750595092773438e+01
2.247784042358398438e+01
2.231738281250000000e+01
2.209605789184570312e+01
2.203225708007812500e+01
2.209604263305664062e+01
2.197485160827636719e+01
2.193445396423339844e+01
2.184674263000488281e+01
2.183202743530273438e+01
2.174740982055664062e+01
2.171623802185058594e+01
2.170615386962890625e+01
2.158603668212890625e+01
2.143454170227050781e+01
2.119885444641113281e+01
2.109826469421386719e+01
2.106008148193359375e+01
2.109176063537597656e+01
2.112011718750000000e+01
2.111729621887207031e+01
2.117333412170410156e+01
2.117975234985351562e+01
2.114107322692871094e+01
2.105156707763671875e+01
2.103550910949707031e+01
2.111362266540527344e+01
2.110375785827636719e+01
2.110178947448730469e+01
2.111456871032714844e+01
2.133071136474609375e+01
2.151574897766113281e+01
2.165888214111328125e+01
2.178856468200683594e+01
2.177572059631347656e+01
2.178199768066406250e+01
2.150154113769531250e+01
2.121318435668945312e+01
2.091338539123535156e+01
2.090814208984375000e+01
2.097562980651855469e+01
2.117899131774902344e+01
2.133788490295410156e+01
2.144818115234375000e+01
2.166822242736816406e+01
2.186778450012207031e+01
2.199159431457519531e+01
2.201595115661621094e+01
2.205687141418457031e+01
2.213549423217773438e+01
2.222060775756835938e+01
2.234091758728027344e+01
2.238212013244628906e+01
2.240621376037597656e+01
2.240990447998046875e+01
2.236908149719238281e+01
2.232073211669921875e+01
2.220472908020019531e+01
2.216013526916503906e+01
2.208380889892578125e+01
2.211429977416992188e+01
2.221589660644531250e+01
2.230913925170898438e+01
2.242066955566406250e+01
2.243525314331054688e+01
2.246826744079589844e+01
2.242577934265136719e+01
2.239189720153808594e+01
2.232780265808105469e+01
2.226145553588867188e+01
2.220503234863281250e+01
2.223067855834960938e+01
2.217523002624511719e+01
2.193424034118652344e+01
2.154421615600585938e+01
2.134333038330078125e+01
2.113146972656250000e+01
2.100595664978027344e+01
2.093993949890136719e+01
2.110537147521972656e+01
2.132472229003906250e+01
2.168269348144531250e+01
2.205323410034179688e+01
2.228795242309570312e+01
2.248394775390625000e+01
2.257100486755371094e+01
2.269901275634765625e+01
2.260941886901855469e+01
2.266003608703613281e+01
2.286625862121582031e+01
2.310603523254394531e+01
2.333254814147949219e+01
2.325499916076660156e+01
2.288166809082031250e+01
