3.864811325073242188e+01
3.833649063110351562e+01
3.796604156494140625e+01
3.840659713745117188e+01
3.815211105346679688e+01
3.770536422729492188e+01
3.763053512573242188e+01
3.761767196655273438e+01
3.737871551513671875e+01
3.686035919189453125e+01
3.651653289794921875e+01
3.643944931030273438e+01
3.651684570312500000e+01
3.651332473754882812e+01
3.647900390625000000e+01
3.660950469970703125e+01
3.690144729614257812e+01
3.700973129272460938e+01
3.653152465820312500e+01
3.584247970581054688e+01
3.544288635253906250e+01
3.546756744384765625e+01
3.597618484497070312e+01
3.620401000976562500e+01
3.656157302856445312e+01
3.631421279907226562e+01
3.502283477783203125e+01
3.456278991699218750e+01
3.446121597290039062e+01
3.482120895385742188e+01
3.429990768432617188e+01
3.397343444824218750e+01
3.413249588012695312e+01
3.446986007690429688e+01
3.489925003051757812e+01
3.499167633056640625e+01
3.490299987792968750e+01
3.479692077636718750e+01
3.475167465209960938e+01
3.479388427734375000e+01
3.450139236450195312e+01
3.432768249511718750e+01
3.435561752319335938e+01
3.458844757080078125e+01
3.485866165161132812e+01
3.473101425170898438e+01
3.456589126586914062e+01
3.439951705932617188e+01
3.483329010009765625e+01
3.520177459716796875e+01
3.484170913696289062e+01
3.446112060546875000e+01
3.433038330078125000e+01
3.461711502075195312e+01
3.501160049438476562e+01
3.494283676147460938e+01
3.504612350463867188e+01
3.474598312377929688e+01
3.535996246337890625e+01
3.590594863891601562e+01
3.646349334716796875e+01
3.676906585693359375e+01
3.671549224853515625e+01
3.641619873046875000e+01
3.636698150634765625e+01
3.635163116455078125e+01
3.625637435913085938e+01
3.543539428710937500e+01
3.509002685546875000e+01
3.494773483276367188e+01
3.511378097534179688e+01
3.529850769042968750e+01
3.515543365478515625e+01
3.536423873901367188e+01
3.549164199829101562e+01
3.572041702270507812e+01
3.594628143310546875e+01
3.645860671997070312e+01
3.679098129272460938e+01
3.677283859252929688e+01
3.655044555664062500e+01
3.642835235595703125e+01
3.651120758056640625e+01
3.655961227416992188e+01
3.592961120605468750e+01
3.640793609619140625e+01
3.721519851684570312e+01
3.753056716918945312e+01
3.763997650146484375e+01
3.776632690429687500e+01
3.776798629760742188e+01
3.760411071777343750e+01
3.734646606445312500e+01
3.789133834838867188e+01
3.808148574829101562e+01
3.809285354614257812e+01
3.817778778076171875e+01
3.826381683349609375e+01
3.826521301269531250e+01
3.784811401367187500e+01
3.725531387329101562e+01
