3.645048141479492188e+01
3.690947341918945312e+01
3.695255661010742188e+01
3.646311187744140625e+01
3.548675155639648438e+01
3.524336242675781250e+01
3.512234115600585938e+01
3.508037567138671875e+01
3.510072708129882812e+01
3.531646728515625000e+01
3.606938171386718750e+01
3.729397201538085938e+01
3.745558547973632812e+01
3.749122238159179688e+01
3.749320220947265625e+01
3.739448928833007812e+01
3.740759277343750000e+01
3.758644104003906250e+01
3.754739379882812500e+01
3.760147476196289062e+01
3.818651962280273438e+01
3.752526092529296875e+01
3.703230285644531250e+01
3.695843505859375000e+01
3.683367919921875000e+01
3.696028518676757812e+01
3.725952529907226562e+01
3.737602615356445312e+01
3.735425949096679688e+01
3.740908432006835938e+01
3.750134658813476562e+01
3.747237777709960938e+01
3.734408569335937500e+01
3.718738174438476562e+01
3.721094894409179688e+01
3.739347076416015625e+01
3.742053985595703125e+01
3.737980270385742188e+01
3.740962982177734375e+01
3.745294952392578125e+01
3.750603103637695312e+01
3.775494384765625000e+01
3.769152450561523438e+01
3.763416671752929688e+01
3.753702545166015625e+01
3.741857528686523438e+01
3.745576477050781250e+01
3.761966323852539062e+01
3.769105148315429688e+01
3.763963317871093750e+01
3.764618682861328125e+01
3.767392730712890625e+01
3.773020553588867188e+01
3.765561294555664062e+01
3.749913787841796875e+01
3.736912918090820312e+01
3.745400238037109375e+01
3.768480300903320312e+01
3.789274215698242188e+01
3.787725448608398438e+01
3.778919982910156250e+01
3.759970855712890625e+01
3.749237442016601562e+01
3.748754501342773438e+01
3.750686264038085938e+01
3.759688568115234375e+01
3.763759994506835938e+01
3.778601074218750000e+01
3.775001144409179688e+01
3.752419662475585938e+01
3.756168365478515625e+01
3.762974548339843750e+01
3.776461791992187500e+01
3.805649948120117188e+01
3.824643325805664062e+01
3.827787780761718750e+01
3.819102859497070312e+01
3.807492828369140625e+01
3.817934417724609375e+01
3.824530410766601562e+01
3.814277267456054688e+01
3.809613418579101562e+01
3.817059707641601562e+01
3.833614349365234375e+01
3.826823425292968750e+01
3.782965850830078125e+01
3.749226379394531250e+01
3.741498947143554688e+01
3.745565032958984375e+01
3.749552536010742188e+01
3.748630905151367188e+01
3.730112075805664062e+01
3.748286056518554688e+01
3.724497985839843750e+01
3.640584182739257812e+01
3.609683609008789062e+01
3.696024703979492188e+01
3.703766632080078125e+01
