3.432116699218750000e+01
3.464100646972656250e+01
3.480385589599609375e+01
3.501040649414062500e+01
3.510999679565429688e+01
3.507571792602539062e+01
3.514509201049804688e+01
3.521275711059570312e+01
3.539207839965820312e+01
3.639754486083984375e+01
3.659160995483398438e+01
3.582096862792968750e+01
3.474990081787109375e+01
3.424193954467773438e+01
3.423962402343750000e+01
3.440108489990234375e+01
3.436211395263671875e+01
3.436191940307617188e+01
3.435154724121093750e+01
3.432640838623046875e+01
3.449319458007812500e+01
3.547583770751953125e+01
3.660392761230468750e+01
3.714055633544921875e+01
3.735782623291015625e+01
3.711305236816406250e+01
3.706338882446289062e+01
3.705156326293945312e+01
3.682384490966796875e+01
3.663180541992187500e+01
3.640013504028320312e+01
3.593932342529296875e+01
3.522552871704101562e+01
3.572494506835937500e+01
3.608687591552734375e+01
3.583949661254882812e+01
3.673772811889648438e+01
3.723406219482421875e+01
3.714739227294921875e+01
3.638447570800781250e+01
3.497322845458984375e+01
3.438851928710937500e+01
3.441932678222656250e+01
3.441609191894531250e+01
3.425840759277343750e+01
3.428662109375000000e+01
3.441547775268554688e+01
3.458239746093750000e+01
3.442260742187500000e+01
3.433333206176757812e+01
3.407765579223632812e+01
3.401087951660156250e+01
3.420288848876953125e+01
3.459054946899414062e+01
3.495199203491210938e+01
3.577072906494140625e+01
3.690207672119140625e+01
3.682363891601562500e+01
3.597752761840820312e+01
3.542024993896484375e+01
3.536388397216796875e+01
3.562328338623046875e+01
3.618785095214843750e+01
3.679354476928710938e+01
3.662912750244140625e+01
3.572010803222656250e+01
3.487597656250000000e+01
3.435117721557617188e+01
3.437968444824218750e+01
3.483427429199218750e+01
3.385708236694335938e+01
3.365539550781250000e+01
3.365187454223632812e+01
3.388108825683593750e+01
3.414799880981445312e+01
3.441319656372070312e+01
3.481273651123046875e+01
3.558225250244140625e+01
3.606048965454101562e+01
3.561193847656250000e+01
3.447864151000976562e+01
3.422019958496093750e+01
3.433471679687500000e+01
3.463393020629882812e+01
3.464360809326171875e+01
3.396899795532226562e+01
3.381097030639648438e+01
3.383387374877929688e+01
3.387888717651367188e+01
3.403442764282226562e+01
3.456146240234375000e+01
3.519306945800781250e+01
3.463899230957031250e+01
