3.608609008789062500e+01
3.624233245849609375e+01
3.615138626098632812e+01
3.569810104370117188e+01
3.590413284301757812e+01
3.649523925781250000e+01
3.707835388183593750e+01
3.733101272583007812e+01
3.729282379150390625e+01
3.717842102050781250e+01
3.709952926635742188e+01
3.707342529296875000e+01
3.698162078857421875e+01
3.715021896362304688e+01
3.725178527832031250e+01
3.725337600708007812e+01
3.725850677490234375e+01
3.733235549926757812e+01
3.711278915405273438e+01
3.683543395996093750e+01
3.678296279907226562e+01
3.654216384887695312e+01
3.652341461181640625e+01
3.654526519775390625e+01
3.669952392578125000e+01
3.704199600219726562e+01
3.729659271240234375e+01
3.754370498657226562e+01
3.753107070922851562e+01
3.723138809204101562e+01
3.705276489257812500e+01
3.732342147827148438e+01
3.765829467773437500e+01
3.765123748779296875e+01
3.749559402465820312e+01
3.754470443725585938e+01
3.744939804077148438e+01
3.726020812988281250e+01
3.697475814819335938e+01
3.696937942504882812e+01
3.702217483520507812e+01
3.715531539916992188e+01
3.743399429321289062e+01
3.744313812255859375e+01
3.740789794921875000e+01
3.746863174438476562e+01
3.759959030151367188e+01
3.765843963623046875e+01
3.748910903930664062e+01
3.722073745727539062e+01
3.718500900268554688e+01
3.726819992065429688e+01
3.729056549072265625e+01
3.709937667846679688e+01
3.690629577636718750e+01
3.697665405273437500e+01
3.734073257446289062e+01
3.736219787597656250e+01
3.733185958862304688e+01
3.721847152709960938e+01
3.715478134155273438e+01
3.711711502075195312e+01
3.691101074218750000e+01
3.666424179077148438e+01
3.648877334594726562e+01
3.586959838867187500e+01
3.594486236572265625e+01
3.591849899291992188e+01
3.630821228027343750e+01
3.654499053955078125e+01
3.646445846557617188e+01
3.660369110107421875e+01
3.665421676635742188e+01
3.685430908203125000e+01
3.702918243408203125e+01
3.691233062744140625e+01
3.681114959716796875e+01
3.647877120971679688e+01
3.571507644653320312e+01
3.439032363891601562e+01
3.411977005004882812e+01
3.511494827270507812e+01
3.541817092895507812e+01
3.621083068847656250e+01
3.671643447875976562e+01
3.692602157592773438e+01
3.711716079711914062e+01
3.741324234008789062e+01
3.740388488769531250e+01
3.698262786865234375e+01
3.704520797729492188e+01
3.748919296264648438e+01
3.748713302612304688e+01
3.720904922485351562e+01
3.710996627807617188e+01
3.683589935302734375e+01
3.685898971557617188e+01
