3.589861679077148438e+01
3.578661346435546875e+01
3.611983489990234375e+01
3.691656112670898438e+01
3.715538787841796875e+01
3.698968124389648438e+01
3.663100433349609375e+01
3.671599578857421875e+01
3.717998123168945312e+01
3.749066162109375000e+01
3.744650268554687500e+01
3.750113677978515625e+01
3.725828552246093750e+01
3.728437042236328125e+01
3.738706588745117188e+01
3.681581115722656250e+01
3.679576492309570312e+01
3.624233245849609375e+01
3.669947052001953125e+01
3.679482650756835938e+01
3.684493637084960938e+01
3.696300125122070312e+01
3.738985061645507812e+01
3.745758056640625000e+01
3.749652862548828125e+01
3.743754577636718750e+01
3.723657608032226562e+01
3.756469345092773438e+01
3.771274566650390625e+01
3.771926879882812500e+01
3.754649353027343750e+01
3.751008224487304688e+01
3.746462249755859375e+01
3.743687438964843750e+01
3.742041015625000000e+01
3.734197998046875000e+01
3.743498992919921875e+01
3.752208709716796875e+01
3.771822738647460938e+01
3.807331466674804688e+01
3.794268417358398438e+01
3.743704605102539062e+01
3.693805313110351562e+01
3.703318786621093750e+01
3.690124893188476562e+01
3.705260086059570312e+01
3.719560623168945312e+01
3.741004943847656250e+01
3.758589935302734375e+01
3.740781402587890625e+01
3.716336822509765625e+01
3.719295501708984375e+01
3.717023468017578125e+01
3.690420150756835938e+01
3.699875259399414062e+01
3.748701858520507812e+01
3.753962707519531250e+01
3.753506851196289062e+01
3.772761154174804688e+01
3.779832458496093750e+01
3.753773117065429688e+01
3.698295593261718750e+01
3.575032424926757812e+01
3.521737289428710938e+01
3.603984451293945312e+01
3.671585464477539062e+01
3.703632736206054688e+01
3.713756942749023438e+01
3.716890335083007812e+01
3.716276931762695312e+01
3.698921203613281250e+01
3.705336761474609375e+01
3.723733520507812500e+01
3.751298904418945312e+01
3.721701812744140625e+01
3.711592864990234375e+01
3.704867553710937500e+01
3.722371673583984375e+01
3.725041198730468750e+01
3.719012832641601562e+01
3.730167007446289062e+01
3.770550155639648438e+01
3.790599822998046875e+01
3.759083938598632812e+01
3.733236694335937500e+01
3.764781570434570312e+01
3.808615112304687500e+01
3.799955368041992188e+01
3.788436889648437500e+01
3.796019744873046875e+01
3.765330886840820312e+01
3.757444381713867188e+01
3.766457366943359375e+01
3.780995178222656250e+01
3.790673828125000000e+01
3.750268936157226562e+01
3.739340972900390625e+01
3.747197341918945312e+01
3.722702026367187500e+01
3.710796737670898438e+01
3.722935104370117188e+01
3.742007064819335938e+01
3.800830841064453125e+01
