2.454125213623046875e+01
2.308301162719726562e+01
2.319780921936035156e+01
2.364991188049316406e+01
2.362338066101074219e+01
2.360405158996582031e+01
2.333505821228027344e+01
2.323301887512207031e+01
2.367378807067871094e+01
2.355263710021972656e+01
2.345140647888183594e+01
2.316326332092285156e+01
2.240053749084472656e+01
2.202159690856933594e+01
2.191436386108398438e+01
2.188446235656738281e+01
2.210552024841308594e+01
2.276955413818359375e+01
2.315125846862792969e+01
2.349467277526855469e+01
2.391968345642089844e+01
2.401274871826171875e+01
2.392374038696289062e+01
2.369017791748046875e+01
2.376630020141601562e+01
2.403909301757812500e+01
2.428899955749511719e+01
2.408776092529296875e+01
2.406516838073730469e+01
2.443970108032226562e+01
2.455077552795410156e+01
2.463073921203613281e+01
2.461983680725097656e+01
2.416023635864257812e+01
2.408804512023925781e+01
2.377783203125000000e+01
2.354749298095703125e+01
2.365049743652343750e+01
2.399113273620605469e+01
2.422946166992187500e+01
2.435513114929199219e+01
2.444618606567382812e+01
2.432969093322753906e+01
2.412416458129882812e+01
2.404820632934570312e+01
2.399837684631347656e+01
2.405485343933105469e+01
2.389228820800781250e+01
2.350357437133789062e+01
2.372098922729492188e+01
2.409037590026855469e+01
2.429118537902832031e+01
2.449385261535644531e+01
2.481320381164550781e+01
2.492878341674804688e+01
2.509851837158203125e+01
2.519831275939941406e+01
2.510506248474121094e+01
2.496436500549316406e+01
2.483697700500488281e+01
2.496484947204589844e+01
2.508965873718261719e+01
2.499392318725585938e+01
2.478456497192382812e+01
2.435186576843261719e+01
2.373696708679199219e+01
2.364196968078613281e+01
2.375592041015625000e+01
2.387852668762207031e+01
2.372098922729492188e+01
2.376684570312500000e+01
2.391275596618652344e+01
2.406918334960937500e+01
2.419212722778320312e+01
2.416433906555175781e+01
2.413957214355468750e+01
2.432886505126953125e+01
2.420380210876464844e+01
2.448200798034667969e+01
2.486460685729980469e+01
2.457152557373046875e+01
2.381651115417480469e+01
2.350044822692871094e+01
2.315212059020996094e+01
2.282320022583007812e+01
2.270112800598144531e+01
2.284613227844238281e+01
2.361913681030273438e+01
2.417742156982421875e+01
2.447268104553222656e+01
2.464914512634277344e+01
2.490912818908691406e+01
2.498300743103027344e+01
2.467196464538574219e+01
2.398998260498046875e+01
2.330751228332519531e+01
2.315275764465332031e+01
2.346856498718261719e+01
2.351891899108886719e+01
2.345176696777343750e+01
2.374293327331542969e+01
2.304668617248535156e+01
2.291868972778320312e+01
