3.707941055297851562e+01
3.720098495483398438e+01
3.689256668090820312e+01
3.755083084106445312e+01
3.749434661865234375e+01
3.767710876464843750e+01
3.784936141967773438e+01
3.778225708007812500e+01
3.775607299804687500e+01
3.796757507324218750e+01
3.803759384155273438e+01
3.782799530029296875e+01
3.746788024902343750e+01
3.756868362426757812e+01
3.738145065307617188e+01
3.732616043090820312e+01
3.774031448364257812e+01
3.812415695190429688e+01
3.814594650268554688e+01
3.809133148193359375e+01
3.805599594116210938e+01
3.785938644409179688e+01
3.761126708984375000e+01
3.776844787597656250e+01
3.785839462280273438e+01
3.774884033203125000e+01
3.740627670288085938e+01
3.711328125000000000e+01
3.726791381835937500e+01
3.754053878784179688e+01
3.777714538574218750e+01
3.780139923095703125e+01
3.776667404174804688e+01
3.760898208618164062e+01
3.758403015136718750e+01
3.745711517333984375e+01
3.806713104248046875e+01
3.833164596557617188e+01
3.839028167724609375e+01
3.808234786987304688e+01
3.775036239624023438e+01
3.753114318847656250e+01
3.706291580200195312e+01
3.655448150634765625e+01
3.650443649291992188e+01
3.660693359375000000e+01
3.683821487426757812e+01
3.664098739624023438e+01
3.645452499389648438e+01
3.631402587890625000e+01
3.644142532348632812e+01
3.655871963500976562e+01
3.640310668945312500e+01
3.653381729125976562e+01
3.692945861816406250e+01
3.768058395385742188e+01
3.791104125976562500e+01
3.790879440307617188e+01
3.805079269409179688e+01
3.826644134521484375e+01
3.817250061035156250e+01
3.805280685424804688e+01
3.766404342651367188e+01
3.746801757812500000e+01
3.802657318115234375e+01
3.817354583740234375e+01
3.789394760131835938e+01
3.795668411254882812e+01
3.794184112548828125e+01
3.785440063476562500e+01
3.782766342163085938e+01
3.795388412475585938e+01
3.790694046020507812e+01
3.796217346191406250e+01
3.799541854858398438e+01
3.775559616088867188e+01
3.762441253662109375e+01
3.777906417846679688e+01
3.805257415771484375e+01
3.799694442749023438e+01
3.793675231933593750e+01
3.807011413574218750e+01
3.771006774902343750e+01
3.765022659301757812e+01
3.758065795898437500e+01
3.765509796142578125e+01
3.797898101806640625e+01
3.820544815063476562e+01
3.827471160888671875e+01
3.802712249755859375e+01
3.805894851684570312e+01
3.813321304321289062e+01
3.801575088500976562e+01
3.783467864990234375e+01
3.766076278686523438e+01
3.720345306396484375e+01
3.612783050537109375e+01
3.647939682006835938e+01
3.733213424682617188e+01
3.749369812011718750e+01
3.749261856079101562e+01
3.754912185668945312e+01
