3.179571914672851562e+01
3.185181045532226562e+01
3.211551666259765625e+01
3.264544296264648438e+01
3.270788574218750000e+01
3.240425491333007812e+01
3.208565521240234375e+01
3.215050506591796875e+01
3.251021957397460938e+01
3.288193893432617188e+01
3.294345092773437500e+01
3.272022247314453125e+01
3.248813629150390625e+01
3.220382308959960938e+01
3.183996772766113281e+01
3.165056800842285156e+01
3.156826210021972656e+01
3.136985969543457031e+01
3.156099891662597656e+01
3.197803306579589844e+01
3.213803863525390625e+01
3.239044189453125000e+01
3.190647315979003906e+01
3.156151580810546875e+01
3.134507942199707031e+01
3.131997108459472656e+01
3.121920967102050781e+01
3.095592689514160156e+01
3.088779830932617188e+01
3.103283500671386719e+01
3.133713722229003906e+01
3.150319671630859375e+01
3.148097038269042969e+01
3.150001907348632812e+01
3.183448410034179688e+01
3.227082824707031250e+01
3.258788681030273438e+01
3.300516510009765625e+01
3.323998641967773438e+01
3.329357147216796875e+01
3.316283416748046875e+01
3.300561523437500000e+01
3.292832565307617188e+01
3.298885726928710938e+01
3.325514221191406250e+01
3.330736541748046875e+01
3.276425933837890625e+01
3.222182464599609375e+01
3.201619720458984375e+01
3.214573287963867188e+01
3.273240280151367188e+01
3.281434631347656250e+01
3.275636672973632812e+01
3.235430908203125000e+01
3.247695922851562500e+01
3.264944839477539062e+01
3.227984237670898438e+01
3.214719772338867188e+01
3.244104385375976562e+01
3.268429565429687500e+01
3.293769073486328125e+01
3.333519744873046875e+01
3.333512115478515625e+01
3.293949127197265625e+01
3.255867004394531250e+01
3.220888519287109375e+01
3.190465545654296875e+01
3.175502014160156250e+01
3.165769767761230469e+01
3.163138008117675781e+01
3.155707931518554688e+01
3.176770782470703125e+01
3.187269973754882812e+01
3.240951538085937500e+01
3.243840789794921875e+01
3.221896362304687500e+01
3.209556579589843750e+01
3.222631835937500000e+01
3.233178710937500000e+01
3.247500991821289062e+01
3.258449172973632812e+01
3.253467559814453125e+01
3.228438186645507812e+01
3.194758415222167969e+01
3.175326156616210938e+01
3.176288986206054688e+01
3.179107475280761719e+01
3.167718315124511719e+01
3.163726997375488281e+01
3.192164993286132812e+01
3.292990875244140625e+01
3.310101699829101562e+01
3.287350463867187500e+01
3.276154708862304688e+01
3.204333877563476562e+01
3.146509742736816406e+01
3.146600151062011719e+01
3.177821159362792969e+01
3.206798553466796875e+01
3.185537910461425781e+01
3.133845710754394531e+01
3.120266914367675781e+01
