2.334501838684082031e+01
2.332347488403320312e+01
2.287328720092773438e+01
2.267812347412109375e+01
2.239563560485839844e+01
2.223532676696777344e+01
2.207996368408203125e+01
2.193743515014648438e+01
2.180694389343261719e+01
2.172271728515625000e+01
2.171172904968261719e+01
2.171885490417480469e+01
2.190827941894531250e+01
2.197763824462890625e+01
2.212037086486816406e+01
2.222529029846191406e+01
2.228708267211914062e+01
2.211933326721191406e+01
2.199168968200683594e+01
2.174130439758300781e+01
2.154835128784179688e+01
2.137273597717285156e+01
2.134071540832519531e+01
2.149425697326660156e+01
2.159269905090332031e+01
2.160585784912109375e+01
2.156835365295410156e+01
2.162818717956542969e+01
2.167133903503417969e+01
2.174304962158203125e+01
2.163488578796386719e+01
2.161219596862792969e+01
2.155917358398437500e+01
2.170470046997070312e+01
2.172370338439941406e+01
2.184837913513183594e+01
2.190623283386230469e+01
2.199951744079589844e+01
2.165794372558593750e+01
2.114876747131347656e+01
2.094542503356933594e+01
2.104121208190917969e+01
2.124830627441406250e+01
2.152297401428222656e+01
2.191561126708984375e+01
2.237223434448242188e+01
2.277341842651367188e+01
2.255787277221679688e+01
2.220145416259765625e+01
2.203749275207519531e+01
2.204479408264160156e+01
2.222201919555664062e+01
2.244886398315429688e+01
2.273284721374511719e+01
2.292420578002929688e+01
2.276762962341308594e+01
2.249537277221679688e+01
2.231845855712890625e+01
2.236457061767578125e+01
2.233721923828125000e+01
2.223681259155273438e+01
2.231160736083984375e+01
2.232946205139160156e+01
2.229976081848144531e+01
2.212479209899902344e+01
2.194804382324218750e+01
2.186655235290527344e+01
2.194453048706054688e+01
2.205562400817871094e+01
2.228489112854003906e+01
2.214629173278808594e+01
2.180555725097656250e+01
2.128602027893066406e+01
2.088114356994628906e+01
2.050633811950683594e+01
2.025425910949707031e+01
2.019337081909179688e+01
2.021176147460937500e+01
2.022741317749023438e+01
2.020379447937011719e+01
2.027687072753906250e+01
2.026460838317871094e+01
2.034270286560058594e+01
2.028293800354003906e+01
2.044466400146484375e+01
2.038101959228515625e+01
2.046326828002929688e+01
2.040146255493164062e+01
2.045879554748535156e+01
2.048730087280273438e+01
2.065767097473144531e+01
2.080059432983398438e+01
2.081891632080078125e+01
2.091497611999511719e+01
2.085130691528320312e+01
2.109961509704589844e+01
