3.528476333618164062e+01
3.573563003540039062e+01
3.633709716796875000e+01
3.648322677612304688e+01
3.544538497924804688e+01
3.424405288696289062e+01
3.488504028320312500e+01
3.655187988281250000e+01
3.698651123046875000e+01
3.692715072631835938e+01
3.684319686889648438e+01
3.684406280517578125e+01
3.670734786987304688e+01
3.682666015625000000e+01
3.709520339965820312e+01
3.732003021240234375e+01
3.736570358276367188e+01
3.740267944335937500e+01
3.720360565185546875e+01
3.725678634643554688e+01
3.728478622436523438e+01
3.728408813476562500e+01
3.713797760009765625e+01
3.705214691162109375e+01
3.711934661865234375e+01
3.728431320190429688e+01
3.723690032958984375e+01
3.647969436645507812e+01
3.598243331909179688e+01
3.664363861083984375e+01
3.692753601074218750e+01
3.718276596069335938e+01
3.705411148071289062e+01
3.709799194335937500e+01
3.699297332763671875e+01
3.626943206787109375e+01
3.570883178710937500e+01
3.573892593383789062e+01
3.589340591430664062e+01
3.588468170166015625e+01
3.550914764404296875e+01
3.528789138793945312e+01
3.517585372924804688e+01
3.539683151245117188e+01
3.533942031860351562e+01
3.523514938354492188e+01
3.499405288696289062e+01
3.463762283325195312e+01
3.426700973510742188e+01
3.438934707641601562e+01
3.477080154418945312e+01
3.527080154418945312e+01
3.540107727050781250e+01
3.603863906860351562e+01
3.674303817749023438e+01
3.694736099243164062e+01
3.655851364135742188e+01
3.659696197509765625e+01
3.711110305786132812e+01
3.716434478759765625e+01
3.734038925170898438e+01
3.723611450195312500e+01
3.705780410766601562e+01
3.684311676025390625e+01
3.607640838623046875e+01
3.557899475097656250e+01
3.594998931884765625e+01
3.611149597167968750e+01
3.644393920898437500e+01
3.653564071655273438e+01
3.657510375976562500e+01
3.644259643554687500e+01
3.632406997680664062e+01
3.553337860107421875e+01
3.431356430053710938e+01
3.441656494140625000e+01
3.620445251464843750e+01
3.667229843139648438e+01
3.618067932128906250e+01
3.536474227905273438e+01
3.547468566894531250e+01
3.686079788208007812e+01
3.700680541992187500e+01
3.709367370605468750e+01
3.727351760864257812e+01
3.733578491210937500e+01
3.730768585205078125e+01
3.748707962036132812e+01
3.738430404663085938e+01
3.730241012573242188e+01
3.741553115844726562e+01
3.733101272583007812e+01
3.725186920166015625e+01
3.671989440917968750e+01
3.725018692016601562e+01
