3.783988571166992188e+01
3.795874786376953125e+01
3.784527969360351562e+01
3.779478836059570312e+01
3.784622192382812500e+01
3.783375930786132812e+01
3.743889236450195312e+01
3.734532928466796875e+01
3.728565979003906250e+01
3.732547378540039062e+01
3.715607833862304688e+01
3.697361755371093750e+01
3.701892852783203125e+01
3.738748550415039062e+01
3.726343154907226562e+01
3.663245391845703125e+01
3.821789169311523438e+01
3.803672790527343750e+01
3.777823638916015625e+01
3.819164657592773438e+01
3.789504623413085938e+01
3.759896850585937500e+01
3.722067642211914062e+01
3.643202972412109375e+01
3.634723663330078125e+01
3.733490371704101562e+01
3.698346710205078125e+01
3.639994812011718750e+01
3.744865036010742188e+01
3.798130416870117188e+01
3.820530319213867188e+01
3.825219345092773438e+01
3.803900146484375000e+01
3.813224411010742188e+01
3.827848052978515625e+01
3.851382446289062500e+01
3.869587326049804688e+01
3.855475997924804688e+01
3.820388412475585938e+01
3.766648101806640625e+01
3.707390213012695312e+01
3.744365310668945312e+01
3.803598403930664062e+01
3.814448928833007812e+01
3.873642349243164062e+01
3.863562011718750000e+01
3.823738479614257812e+01
3.833213043212890625e+01
3.840481948852539062e+01
3.884632492065429688e+01
3.882264328002929688e+01
3.816498947143554688e+01
3.626509094238281250e+01
3.447426223754882812e+01
3.459666061401367188e+01
3.549095916748046875e+01
3.692967987060546875e+01
3.803116989135742188e+01
3.829841613769531250e+01
3.853956222534179688e+01
3.854494094848632812e+01
3.840482711791992188e+01
3.848086929321289062e+01
3.882559967041015625e+01
3.880606842041015625e+01
3.862458801269531250e+01
3.832687759399414062e+01
3.820740509033203125e+01
3.817247009277343750e+01
3.809998703002929688e+01
3.820062637329101562e+01
3.837039184570312500e+01
3.851966476440429688e+01
3.862630844116210938e+01
3.838142395019531250e+01
3.773214721679687500e+01
3.750399780273437500e+01
3.763767242431640625e+01
3.818882751464843750e+01
3.832474517822265625e+01
3.822845840454101562e+01
3.840125274658203125e+01
3.859799957275390625e+01
3.873037338256835938e+01
3.867590713500976562e+01
3.837597274780273438e+01
3.825400924682617188e+01
3.812613296508789062e+01
3.798775100708007812e+01
3.768487167358398438e+01
3.636336517333984375e+01
3.678241348266601562e+01
3.643896102905273438e+01
3.577091979980468750e+01
3.697168731689453125e+01
3.712347793579101562e+01
3.675356674194335938e+01
3.581012344360351562e+01
3.596655273437500000e+01
3.494169998168945312e+01
3.477880859375000000e+01
3.469715499877929688e+01
3.505608749389648438e+01
3.534302520751953125e+01
3.611716842651367188e+01
3.502704238891601562e+01
3.432919692993164062e+01
3.451547622680664062e+01
