3.131250000000000000e+01
3.137396621704101562e+01
3.156996917724609375e+01
3.031585311889648438e+01
2.945564651489257812e+01
2.948017120361328125e+01
2.962887954711914062e+01
3.005173683166503906e+01
3.037090301513671875e+01
3.032483291625976562e+01
3.107407951354980469e+01
3.114222717285156250e+01
3.112036132812500000e+01
3.121197319030761719e+01
3.124078559875488281e+01
3.093605232238769531e+01
3.094101715087890625e+01
3.096585845947265625e+01
3.096403503417968750e+01
3.127844810485839844e+01
3.229687881469726562e+01
3.232970809936523438e+01
3.206656646728515625e+01
3.155997085571289062e+01
3.166748046875000000e+01
3.182241439819335938e+01
3.211068344116210938e+01
3.186714172363281250e+01
3.204256820678710938e+01
3.190217590332031250e+01
3.171463584899902344e+01
3.177945327758789062e+01
3.177658462524414062e+01
3.221674728393554688e+01
3.232690048217773438e+01
3.237000274658203125e+01
3.244895553588867188e+01
3.268798065185546875e+01
3.251717758178710938e+01
3.202677154541015625e+01
3.178588485717773438e+01
3.170275878906250000e+01
3.186530494689941406e+01
3.220881652832031250e+01
3.213093948364257812e+01
3.180103302001953125e+01
3.174018478393554688e+01
3.180798149108886719e+01
3.178473854064941406e+01
3.172863197326660156e+01
3.162869834899902344e+01
3.167562675476074219e+01
3.194998168945312500e+01
3.238652038574218750e+01
3.236656188964843750e+01
3.182009124755859375e+01
3.149213981628417969e+01
3.132150268554687500e+01
3.134042549133300781e+01
3.147513389587402344e+01
3.142701911926269531e+01
3.133840560913085938e+01
3.117393112182617188e+01
3.101893615722656250e+01
3.097586250305175781e+01
3.099805068969726562e+01
3.103339767456054688e+01
3.113643646240234375e+01
3.119080734252929688e+01
3.131567955017089844e+01
3.150690078735351562e+01
3.148374176025390625e+01
3.139310073852539062e+01
3.126605224609375000e+01
3.108442306518554688e+01
3.093754959106445312e+01
3.084001541137695312e+01
3.075097274780273438e+01
3.077611732482910156e+01
3.097186851501464844e+01
3.105859947204589844e+01
3.111835670471191406e+01
3.144836807250976562e+01
3.173213958740234375e+01
3.190525054931640625e+01
3.186018371582031250e+01
3.127558326721191406e+01
3.117533111572265625e+01
3.134916114807128906e+01
3.139431762695312500e+01
3.140546798706054688e+01
3.169433403015136719e+01
3.178804206848144531e+01
3.196726226806640625e+01
3.218027114868164062e+01
3.220412826538085938e+01
3.213032531738281250e+01
3.230842208862304688e+01
3.217198562622070312e+01
3.195624351501464844e+01
3.162535095214843750e+01
