2.462274551391601562e+01
2.325700950622558594e+01
2.236844062805175781e+01
2.262328910827636719e+01
2.294467735290527344e+01
2.255084800720214844e+01
2.235373115539550781e+01
2.242713737487792969e+01
2.272543334960937500e+01
2.352887535095214844e+01
2.377864074707031250e+01
2.423619461059570312e+01
2.426354026794433594e+01
2.447700881958007812e+01
2.386904716491699219e+01
2.286387825012207031e+01
2.393424034118652344e+01
2.388578605651855469e+01
2.405044746398925781e+01
2.436733627319335938e+01
2.430477714538574219e+01
2.453238296508789062e+01
2.438440132141113281e+01
2.429325485229492188e+01
2.384153366088867188e+01
2.365958213806152344e+01
2.357444381713867188e+01
2.318002128601074219e+01
2.304463958740234375e+01
2.274895477294921875e+01
2.262551116943359375e+01
2.293167114257812500e+01
2.295485305786132812e+01
2.279056358337402344e+01
2.246743774414062500e+01
2.221687126159667969e+01
2.219213104248046875e+01
2.225778770446777344e+01
2.228187179565429688e+01
2.249181556701660156e+01
2.309569931030273438e+01
2.370657157897949219e+01
2.394819450378417969e+01
2.425065612792968750e+01
2.377239036560058594e+01
2.382501602172851562e+01
2.321653175354003906e+01
2.324290084838867188e+01
2.413061141967773438e+01
2.421911048889160156e+01
2.455170249938964844e+01
2.445724105834960938e+01
2.451413536071777344e+01
2.439158248901367188e+01
2.423997879028320312e+01
2.391268157958984375e+01
2.370325469970703125e+01
2.389339256286621094e+01
2.366185760498046875e+01
2.365416526794433594e+01
2.377751922607421875e+01
2.358309173583984375e+01
2.356888961791992188e+01
2.313261604309082031e+01
2.334728622436523438e+01
2.329714393615722656e+01
2.307479858398437500e+01
2.294984626770019531e+01
2.282465171813964844e+01
2.284038734436035156e+01
2.280468177795410156e+01
2.280190467834472656e+01
2.247104454040527344e+01
2.225678825378417969e+01
2.232851791381835938e+01
2.245978736877441406e+01
2.271279907226562500e+01
2.279667854309082031e+01
2.282962799072265625e+01
2.297413825988769531e+01
2.290137863159179688e+01
2.293676376342773438e+01
2.313478660583496094e+01
2.333081817626953125e+01
2.382112312316894531e+01
2.426854133605957031e+01
2.469890594482421875e+01
2.493987274169921875e+01
2.496578788757324219e+01
2.480430221557617188e+01
2.466750907897949219e+01
2.504877471923828125e+01
2.494568634033203125e+01
2.506933021545410156e+01
2.479928398132324219e+01
2.420428466796875000e+01
2.402808952331542969e+01
2.396451187133789062e+01
2.466279983520507812e+01
2.474707603454589844e+01
2.460489463806152344e+01
2.500526428222656250e+01
2.456705474853515625e+01
2.465640449523925781e+01
2.351695442199707031e+01
2.206994056701660156e+01
2.152056694030761719e+01
2.273289680480957031e+01
