3.814015960693359375e+01
3.766040039062500000e+01
3.775222015380859375e+01
3.748854827880859375e+01
3.729296875000000000e+01
3.745174026489257812e+01
3.762453460693359375e+01
3.811137771606445312e+01
3.805166625976562500e+01
3.780181503295898438e+01
3.753218460083007812e+01
3.756050872802734375e+01
3.762666702270507812e+01
3.780462646484375000e+01
3.795095443725585938e+01
3.755848693847656250e+01
3.722397994995117188e+01
3.712162017822265625e+01
3.694834136962890625e+01
3.665610504150390625e+01
3.662880706787109375e+01
3.669412231445312500e+01
3.699959182739257812e+01
3.704887771606445312e+01
3.723140716552734375e+01
3.739354705810546875e+01
3.743629074096679688e+01
3.743826293945312500e+01
3.742891693115234375e+01
3.750891113281250000e+01
3.735499954223632812e+01
3.736683273315429688e+01
3.735554885864257812e+01
3.717266845703125000e+01
3.720827865600585938e+01
3.725859832763671875e+01
3.720843505859375000e+01
3.729925537109375000e+01
3.733882522583007812e+01
3.737011718750000000e+01
3.747737121582031250e+01
3.749649047851562500e+01
3.745706176757812500e+01
3.738634872436523438e+01
3.741645431518554688e+01
3.751071166992187500e+01
3.747353363037109375e+01
3.761440658569335938e+01
3.773530960083007812e+01
3.771370697021484375e+01
3.760425949096679688e+01
3.776423645019531250e+01
3.793662261962890625e+01
3.752789306640625000e+01
3.747362518310546875e+01
3.745087432861328125e+01
3.747255706787109375e+01
3.724088668823242188e+01
3.703861618041992188e+01
3.734087371826171875e+01
3.705683135986328125e+01
3.704707336425781250e+01
3.729792022705078125e+01
3.749827957153320312e+01
3.758272552490234375e+01
3.771962356567382812e+01
3.791556167602539062e+01
3.807908248901367188e+01
3.783273315429687500e+01
3.750240707397460938e+01
3.701384353637695312e+01
3.656198883056640625e+01
3.650590133666992188e+01
3.663961029052734375e+01
3.705728530883789062e+01
3.725177001953125000e+01
3.737695312500000000e+01
3.787902450561523438e+01
3.792586135864257812e+01
3.771261596679687500e+01
3.732758712768554688e+01
3.707538986206054688e+01
3.684257125854492188e+01
3.687711715698242188e+01
3.760770797729492188e+01
3.799829864501953125e+01
3.779148864746093750e+01
3.781241607666015625e+01
3.804376602172851562e+01
3.824865341186523438e+01
3.821201705932617188e+01
3.816046905517578125e+01
3.813309860229492188e+01
3.811815643310546875e+01
3.781450271606445312e+01
3.733611297607421875e+01
3.735353088378906250e+01
3.787912750244140625e+01
3.807044219970703125e+01
3.812424468994140625e+01
3.793640899658203125e+01
3.769214630126953125e+01
3.818094253540039062e+01
3.787426376342773438e+01
3.761387634277343750e+01
3.691444396972656250e+01
