2.301969528198242188e+01
2.272966384887695312e+01
2.233066749572753906e+01
2.195536231994628906e+01
2.229020881652832031e+01
2.278177261352539062e+01
2.306125450134277344e+01
2.320578956604003906e+01
2.328797531127929688e+01
2.326733589172363281e+01
2.325421905517578125e+01
2.324796867370605469e+01
2.323412132263183594e+01
2.313312721252441406e+01
2.296512222290039062e+01
2.286795425415039062e+01
2.276278495788574219e+01
2.267654418945312500e+01
2.262013435363769531e+01
2.251315307617187500e+01
2.229619979858398438e+01
2.214442443847656250e+01
2.207899475097656250e+01
2.216126823425292969e+01
2.229513740539550781e+01
2.246905517578125000e+01
2.259298706054687500e+01
2.265990257263183594e+01
2.269942855834960938e+01
2.275164604187011719e+01
2.280625343322753906e+01
2.281235313415527344e+01
2.285708427429199219e+01
2.295113182067871094e+01
2.307357025146484375e+01
2.319002342224121094e+01
2.329310607910156250e+01
2.340020561218261719e+01
2.348966217041015625e+01
2.360299682617187500e+01
2.366267585754394531e+01
2.361695480346679688e+01
2.354417991638183594e+01
2.350547409057617188e+01
2.345001792907714844e+01
2.349691581726074219e+01
2.359142684936523438e+01
2.381813049316406250e+01
2.401984977722167969e+01
2.417419815063476562e+01
2.426679801940917969e+01
2.437474441528320312e+01
2.442541694641113281e+01
2.439873313903808594e+01
2.438084602355957031e+01
2.435111999511718750e+01
2.441303634643554688e+01
2.440594100952148438e+01
2.435767555236816406e+01
2.424168205261230469e+01
2.418069839477539062e+01
2.416074180603027344e+01
2.412723159790039062e+01
2.412108421325683594e+01
2.398696899414062500e+01
2.389293098449707031e+01
2.373840332031250000e+01
2.369656944274902344e+01
2.366648674011230469e+01
2.367593193054199219e+01
2.365392494201660156e+01
2.377145576477050781e+01
2.386736488342285156e+01
2.393020248413085938e+01
2.375587654113769531e+01
2.347604370117187500e+01
2.327276802062988281e+01
2.317024230957031250e+01
2.317436408996582031e+01
2.317934036254882812e+01
2.320689201354980469e+01
2.319121170043945312e+01
2.312157249450683594e+01
2.306667518615722656e+01
2.306935119628906250e+01
2.312234878540039062e+01
2.320030593872070312e+01
2.326120185852050781e+01
2.330453300476074219e+01
2.328156471252441406e+01
2.326020050048828125e+01
2.327639961242675781e+01
2.327016639709472656e+01
2.316758155822753906e+01
2.306942939758300781e+01
2.301750946044921875e+01
2.301165771484375000e+01
2.305392837524414062e+01
2.307859992980957031e+01
2.304754638671875000e+01
2.301586532592773438e+01
2.299129867553710938e+01
2.298562049865722656e+01
2.304449844360351562e+01
2.311006164550781250e+01
2.313413810729980469e+01
2.311557579040527344e+01
2.304318428039550781e+01
2.299577903747558594e+01
2.295143699645996094e+01
2.292529869079589844e+01
