3.375728607177734375e+01
3.412979125976562500e+01
3.460039901733398438e+01
3.547921371459960938e+01
3.627504348754882812e+01
3.657801055908203125e+01
3.695379257202148438e+01
3.702274322509765625e+01
3.633378601074218750e+01
3.630673980712890625e+01
3.611846542358398438e+01
3.611476516723632812e+01
3.623592758178710938e+01
3.714200210571289062e+01
3.753017807006835938e+01
3.732593536376953125e+01
3.727705764770507812e+01
3.692128372192382812e+01
3.683183288574218750e+01
3.709725952148437500e+01
3.738001632690429688e+01
3.764490509033203125e+01
3.783887481689453125e+01
3.799397659301757812e+01
3.816341400146484375e+01
3.801347732543945312e+01
3.785635757446289062e+01
3.783540344238281250e+01
3.756062316894531250e+01
3.625613403320312500e+01
3.655779647827148438e+01
3.625158691406250000e+01
3.641157531738281250e+01
3.663716506958007812e+01
3.619096755981445312e+01
3.541852569580078125e+01
3.540658569335937500e+01
3.573151016235351562e+01
3.541844558715820312e+01
3.523136138916015625e+01
3.560992813110351562e+01
3.626052093505859375e+01
3.650390625000000000e+01
3.591509628295898438e+01
3.604026412963867188e+01
3.677143478393554688e+01
3.681998825073242188e+01
3.663808441162109375e+01
3.605111312866210938e+01
3.634734725952148438e+01
3.624960327148437500e+01
3.654509353637695312e+01
3.722726440429687500e+01
3.746680068969726562e+01
3.750688171386718750e+01
3.723162841796875000e+01
3.591626739501953125e+01
3.606760406494140625e+01
3.590105056762695312e+01
3.582204437255859375e+01
3.517621994018554688e+01
3.516456985473632812e+01
3.531329727172851562e+01
3.551285934448242188e+01
3.497400283813476562e+01
3.474055099487304688e+01
3.440779113769531250e+01
3.399068450927734375e+01
3.426639175415039062e+01
3.440590667724609375e+01
3.478890609741210938e+01
3.512467193603515625e+01
3.516156387329101562e+01
3.514432144165039062e+01
3.495231246948242188e+01
3.492621612548828125e+01
3.518952941894531250e+01
3.563615036010742188e+01
3.606710815429687500e+01
3.619874191284179688e+01
3.629581451416015625e+01
3.626303482055664062e+01
3.631107711791992188e+01
3.642341995239257812e+01
3.561754226684570312e+01
3.533035659790039062e+01
3.587413787841796875e+01
3.567067337036132812e+01
3.601476287841796875e+01
3.722455596923828125e+01
3.782075500488281250e+01
3.797396087646484375e+01
3.775323486328125000e+01
3.727843856811523438e+01
3.597097015380859375e+01
3.528221893310546875e+01
3.517760467529296875e+01
3.492024612426757812e+01
3.481879806518554688e+01
3.463476943969726562e+01
3.402959442138671875e+01
3.455320358276367188e+01
3.573645401000976562e+01
3.664588928222656250e+01
3.739401626586914062e+01
3.619022750854492188e+01
