3.282306289672851562e+01
3.283372497558593750e+01
3.307825469970703125e+01
3.429430007934570312e+01
3.491645050048828125e+01
3.465136718750000000e+01
3.538239288330078125e+01
3.527222061157226562e+01
3.427322769165039062e+01
3.356325149536132812e+01
3.316427230834960938e+01
3.300863265991210938e+01
3.294803619384765625e+01
3.277093505859375000e+01
3.284847259521484375e+01
3.315595245361328125e+01
3.253502273559570312e+01
3.214622879028320312e+01
3.237426376342773438e+01
3.224406051635742188e+01
3.207916259765625000e+01
3.221893310546875000e+01
3.217824554443359375e+01
3.222356414794921875e+01
3.233914566040039062e+01
3.234682464599609375e+01
3.217765808105468750e+01
3.199383163452148438e+01
3.192471504211425781e+01
3.214962768554687500e+01
3.240427780151367188e+01
3.225884246826171875e+01
3.228680801391601562e+01
3.245210647583007812e+01
3.256037521362304688e+01
3.271037292480468750e+01
3.289516830444335938e+01
3.306978988647460938e+01
3.315922546386718750e+01
3.321031570434570312e+01
3.284657669067382812e+01
3.271757888793945312e+01
3.302483367919921875e+01
3.322011947631835938e+01
3.312080764770507812e+01
3.279513549804687500e+01
3.259550094604492188e+01
3.249040985107421875e+01
3.223282241821289062e+01
3.195037269592285156e+01
3.180048370361328125e+01
3.191627120971679688e+01
3.197333908081054688e+01
3.218441009521484375e+01
3.254222106933593750e+01
3.291341781616210938e+01
3.325287246704101562e+01
3.323392486572265625e+01
3.300799179077148438e+01
3.314919662475585938e+01
3.318537902832031250e+01
3.311093139648437500e+01
3.311870574951171875e+01
3.307511138916015625e+01
3.299980163574218750e+01
3.286375045776367188e+01
3.280035018920898438e+01
3.309075546264648438e+01
3.331099319458007812e+01
3.312060165405273438e+01
3.302051925659179688e+01
3.294894027709960938e+01
3.317816162109375000e+01
3.334345245361328125e+01
3.326601409912109375e+01
3.250994873046875000e+01
3.221747589111328125e+01
3.233401107788085938e+01
3.296534729003906250e+01
3.342684936523437500e+01
3.333597564697265625e+01
3.348678970336914062e+01
3.343346786499023438e+01
3.358886718750000000e+01
3.369689559936523438e+01
3.385018920898437500e+01
3.374798583984375000e+01
3.350460815429687500e+01
3.363253402709960938e+01
3.389918518066406250e+01
3.402492141723632812e+01
3.409465789794921875e+01
3.366384124755859375e+01
3.335767364501953125e+01
3.312442779541015625e+01
3.296833038330078125e+01
3.277564620971679688e+01
3.273403549194335938e+01
3.299133300781250000e+01
3.287088012695312500e+01
