3.164242362976074219e+01
3.148267936706542969e+01
3.167818450927734375e+01
3.202662277221679688e+01
3.203968429565429688e+01
3.144313049316406250e+01
3.128747177124023438e+01
3.167711830139160156e+01
3.145485877990722656e+01
3.145153999328613281e+01
3.149406051635742188e+01
3.156263732910156250e+01
3.181110191345214844e+01
3.212647247314453125e+01
3.246971893310546875e+01
3.260886383056640625e+01
3.255219268798828125e+01
3.258087539672851562e+01
3.272435760498046875e+01
3.268391036987304688e+01
3.289734649658203125e+01
3.286415100097656250e+01
3.290083694458007812e+01
3.298238754272460938e+01
3.323274612426757812e+01
3.330995941162109375e+01
3.306872940063476562e+01
3.297801589965820312e+01
3.298568725585937500e+01
3.256910324096679688e+01
3.195531082153320312e+01
3.194186973571777344e+01
3.257672500610351562e+01
3.307619476318359375e+01
3.359365844726562500e+01
3.459926223754882812e+01
3.432569122314453125e+01
3.391736221313476562e+01
3.343535614013671875e+01
3.315280532836914062e+01
3.259841918945312500e+01
3.224432373046875000e+01
3.254229736328125000e+01
3.160590744018554688e+01
3.176275253295898438e+01
3.246181106567382812e+01
3.213731384277343750e+01
3.199973678588867188e+01
3.211400985717773438e+01
3.221280670166015625e+01
3.196693038940429688e+01
3.176026916503906250e+01
3.184755134582519531e+01
3.175419425964355469e+01
3.174791717529296875e+01
3.194763755798339844e+01
3.182006835937500000e+01
3.158719062805175781e+01
3.148006057739257812e+01
3.163469696044921875e+01
3.181391716003417969e+01
3.202258682250976562e+01
3.234089279174804688e+01
3.246374511718750000e+01
3.248306274414062500e+01
3.259335327148437500e+01
3.252953338623046875e+01
3.250695037841796875e+01
3.233746337890625000e+01
3.215619659423828125e+01
3.201473999023437500e+01
3.178160095214843750e+01
3.175673103332519531e+01
3.181207466125488281e+01
3.167698478698730469e+01
3.159215545654296875e+01
3.166953849792480469e+01
3.188994789123535156e+01
3.169753265380859375e+01
3.201625442504882812e+01
3.231240081787109375e+01
3.225514984130859375e+01
3.225986099243164062e+01
3.235222625732421875e+01
3.265157699584960938e+01
3.302545928955078125e+01
3.321090698242187500e+01
3.317512512207031250e+01
3.297408676147460938e+01
3.297252273559570312e+01
3.321493148803710938e+01
3.337973785400390625e+01
3.327911376953125000e+01
3.288463973999023438e+01
3.244759368896484375e+01
3.233395004272460938e+01
3.253443908691406250e+01
3.293832778930664062e+01
3.240128707885742188e+01
3.214117813110351562e+01
3.269482040405273438e+01
3.419206237792968750e+01
3.412727355957031250e+01
3.389840316772460938e+01
