2.714007759094238281e+01
2.703802680969238281e+01
2.675863456726074219e+01
2.634185981750488281e+01
2.603561592102050781e+01
2.590482330322265625e+01
2.585682487487792969e+01
2.597869110107421875e+01
2.608776283264160156e+01
2.592940330505371094e+01
2.581144905090332031e+01
2.642454338073730469e+01
2.684186744689941406e+01
2.684301757812500000e+01
2.657041168212890625e+01
2.640121078491210938e+01
2.640673065185546875e+01
2.658582878112792969e+01
2.702736091613769531e+01
2.784439659118652344e+01
2.776259040832519531e+01
2.751986122131347656e+01
2.748153686523437500e+01
2.731467247009277344e+01
2.723106002807617188e+01
2.730374526977539062e+01
2.760995101928710938e+01
2.791405487060546875e+01
2.805294418334960938e+01
2.804946899414062500e+01
2.772546577453613281e+01
2.752079582214355469e+01
2.758217430114746094e+01
2.767882537841796875e+01
2.767669677734375000e+01
2.772982406616210938e+01
2.770767021179199219e+01
2.755651473999023438e+01
2.749690055847167969e+01
2.751423454284667969e+01
2.751910591125488281e+01
2.742580604553222656e+01
2.730932044982910156e+01
2.711648368835449219e+01
2.692445182800292969e+01
2.691208457946777344e+01
2.684965133666992188e+01
2.674759864807128906e+01
2.702051353454589844e+01
2.743551635742187500e+01
2.760411262512207031e+01
2.757481002807617188e+01
2.742360687255859375e+01
2.725071334838867188e+01
2.711432075500488281e+01
2.700898170471191406e+01
2.676081085205078125e+01
2.646866798400878906e+01
2.637455749511718750e+01
2.659239578247070312e+01
2.710865402221679688e+01
2.750041389465332031e+01
2.759282112121582031e+01
2.744269180297851562e+01
2.723208808898925781e+01
2.712104988098144531e+01
2.703020858764648438e+01
2.701192283630371094e+01
2.711765861511230469e+01
2.759702110290527344e+01
2.817989921569824219e+01
2.839386940002441406e+01
2.837636756896972656e+01
2.831773376464843750e+01
2.833537292480468750e+01
2.809566116333007812e+01
2.803087997436523438e+01
2.841938209533691406e+01
2.880200386047363281e+01
2.887546920776367188e+01
2.811046600341796875e+01
2.790480422973632812e+01
2.814098548889160156e+01
2.892977905273437500e+01
2.966269493103027344e+01
2.928256988525390625e+01
2.874946403503417969e+01
2.868375396728515625e+01
2.884718513488769531e+01
2.926410865783691406e+01
