3.650259017944335938e+01
3.597113418579101562e+01
3.566679382324218750e+01
3.501956176757812500e+01
3.501222991943359375e+01
3.503399276733398438e+01
3.467854309082031250e+01
3.441861343383789062e+01
3.459679412841796875e+01
3.456121063232421875e+01
3.445961761474609375e+01
3.438644409179687500e+01
3.430468368530273438e+01
3.405329513549804688e+01
3.402407836914062500e+01
3.402988433837890625e+01
3.393441772460937500e+01
3.384097671508789062e+01
3.378819274902343750e+01
3.387641143798828125e+01
3.394874572753906250e+01
3.405294418334960938e+01
3.421904754638671875e+01
3.430743789672851562e+01
3.424136352539062500e+01
3.431514358520507812e+01
3.461506271362304688e+01
3.497331237792968750e+01
3.562426376342773438e+01
3.560424423217773438e+01
3.501689147949218750e+01
3.468111419677734375e+01
3.439303588867187500e+01
3.454252624511718750e+01
3.501715850830078125e+01
3.490601348876953125e+01
3.496051406860351562e+01
3.542944335937500000e+01
3.607220077514648438e+01
3.635047149658203125e+01
3.617744827270507812e+01
3.551733016967773438e+01
3.497701644897460938e+01
3.437731552124023438e+01
3.426071929931640625e+01
3.438128662109375000e+01
3.443540954589843750e+01
3.449741363525390625e+01
3.429080200195312500e+01
3.422972106933593750e+01
3.454278945922851562e+01
3.495155334472656250e+01
3.469469833374023438e+01
3.454394149780273438e+01
3.433110809326171875e+01
3.415488052368164062e+01
3.386364746093750000e+01
3.387543869018554688e+01
3.401684570312500000e+01
3.423245239257812500e+01
3.414179992675781250e+01
3.390263366699218750e+01
3.388027954101562500e+01
3.412366104125976562e+01
3.402833557128906250e+01
3.450036621093750000e+01
3.508479690551757812e+01
3.513137435913085938e+01
3.481326675415039062e+01
3.459316635131835938e+01
3.440929412841796875e+01
3.450355148315429688e+01
3.439497375488281250e+01
3.406337356567382812e+01
3.380059051513671875e+01
3.369196319580078125e+01
3.364025878906250000e+01
3.373042297363281250e+01
3.382024765014648438e+01
3.369995498657226562e+01
3.371598052978515625e+01
3.372006225585937500e+01
3.391644668579101562e+01
3.402502059936523438e+01
3.398394393920898438e+01
3.388742065429687500e+01
3.391611480712890625e+01
3.399998092651367188e+01
3.423065948486328125e+01
3.429670333862304688e+01
3.425084686279296875e+01
3.406803512573242188e+01
3.410599899291992188e+01
3.404079055786132812e+01
3.401668930053710938e+01
3.397206878662109375e+01
3.393521881103515625e+01
3.401143646240234375e+01
3.411446380615234375e+01
3.420122528076171875e+01
3.427056884765625000e+01
3.397477722167968750e+01
3.380389404296875000e+01
3.418934249877929688e+01
3.466828918457031250e+01
3.495513153076171875e+01
3.434800720214843750e+01
3.385383987426757812e+01
