3.457015228271484375e+01
3.511747360229492188e+01
3.579456329345703125e+01
3.707389450073242188e+01
3.709646987915039062e+01
3.587861251831054688e+01
3.654697036743164062e+01
3.676017379760742188e+01
3.634275054931640625e+01
3.651181793212890625e+01
3.707113647460937500e+01
3.734974288940429688e+01
3.766256332397460938e+01
3.722124862670898438e+01
3.574451446533203125e+01
3.671894454956054688e+01
3.696338272094726562e+01
3.701045227050781250e+01
3.712809371948242188e+01
3.717000579833984375e+01
3.730941390991210938e+01
3.725174713134765625e+01
3.652641296386718750e+01
3.514554977416992188e+01
3.422949600219726562e+01
3.422568130493164062e+01
3.443865585327148438e+01
3.459572982788085938e+01
3.414597702026367188e+01
3.351656723022460938e+01
3.368532943725585938e+01
3.392072296142578125e+01
3.415732574462890625e+01
3.422492218017578125e+01
3.444967651367187500e+01
3.504768371582031250e+01
3.568135833740234375e+01
3.523908233642578125e+01
3.487978363037109375e+01
3.468127441406250000e+01
3.542435455322265625e+01
3.521289062500000000e+01
3.638841629028320312e+01
3.734014511108398438e+01
3.741080856323242188e+01
3.719133758544921875e+01
3.736483001708984375e+01
3.748289871215820312e+01
3.718195343017578125e+01
3.679198455810546875e+01
3.549621582031250000e+01
3.500037384033203125e+01
3.609373092651367188e+01
3.653622055053710938e+01
3.671205520629882812e+01
3.642457199096679688e+01
3.546515274047851562e+01
3.510425186157226562e+01
3.666330718994140625e+01
3.701902008056640625e+01
3.666992187500000000e+01
3.632944488525390625e+01
3.538949966430664062e+01
3.483523178100585938e+01
3.469117736816406250e+01
3.436277770996093750e+01
3.551906967163085938e+01
3.677798461914062500e+01
3.686444854736328125e+01
3.711166763305664062e+01
3.705128860473632812e+01
3.721460342407226562e+01
3.680998611450195312e+01
3.573640823364257812e+01
3.524478149414062500e+01
3.480916976928710938e+01
3.403643798828125000e+01
3.390373611450195312e+01
3.380057525634765625e+01
3.485217666625976562e+01
3.630935668945312500e+01
3.666874313354492188e+01
3.681762695312500000e+01
3.663572311401367188e+01
3.558995437622070312e+01
3.489792633056640625e+01
3.708577728271484375e+01
3.760638427734375000e+01
3.765713119506835938e+01
3.768687820434570312e+01
3.764224624633789062e+01
3.778177642822265625e+01
3.778207778930664062e+01
3.773018264770507812e+01
3.755854415893554688e+01
3.767690277099609375e+01
3.762382125854492188e+01
3.730136489868164062e+01
3.722837448120117188e+01
3.702199172973632812e+01
3.718808746337890625e+01
3.728059387207031250e+01
3.693965911865234375e+01
3.468348312377929688e+01
