2.518455886840820312e+01
2.559022903442382812e+01
2.595945358276367188e+01
2.602904701232910156e+01
2.606499099731445312e+01
2.587898635864257812e+01
2.560006523132324219e+01
2.504000854492187500e+01
2.459994888305664062e+01
2.439435195922851562e+01
2.443600845336914062e+01
2.432050323486328125e+01
2.451926040649414062e+01
2.465213775634765625e+01
2.493063163757324219e+01
2.538953590393066406e+01
2.551188087463378906e+01
2.557406044006347656e+01
2.552663612365722656e+01
2.556040573120117188e+01
2.541628074645996094e+01
2.521833801269531250e+01
2.512211227416992188e+01
2.509710693359375000e+01
2.517689323425292969e+01
2.524744224548339844e+01
2.525416755676269531e+01
2.517940139770507812e+01
2.512179756164550781e+01
2.512565803527832031e+01
2.514347648620605469e+01
2.512856674194335938e+01
2.507791137695312500e+01
2.505005264282226562e+01
2.507645797729492188e+01
2.503697204589843750e+01
2.496795272827148438e+01
2.497499847412109375e+01
2.511553192138671875e+01
2.524678611755371094e+01
2.539333534240722656e+01
2.544184684753417969e+01
2.553204154968261719e+01
2.563630485534667969e+01
2.562055969238281250e+01
2.556999969482421875e+01
2.554168701171875000e+01
2.550984573364257812e+01
2.550106620788574219e+01
2.541623497009277344e+01
2.533356285095214844e+01
2.531352615356445312e+01
2.531590270996093750e+01
2.532551765441894531e+01
2.532394027709960938e+01
2.534362792968750000e+01
2.528272247314453125e+01
2.516116905212402344e+01
2.505451965332031250e+01
2.498413848876953125e+01
2.485280990600585938e+01
2.473757553100585938e+01
2.469350814819335938e+01
2.478657913208007812e+01
2.493513870239257812e+01
2.488473510742187500e+01
2.484584808349609375e+01
2.485305023193359375e+01
2.486285781860351562e+01
2.490473747253417969e+01
2.497771835327148438e+01
2.503248977661132812e+01
2.499228668212890625e+01
2.509912490844726562e+01
2.532205009460449219e+01
2.534442329406738281e+01
2.525225448608398438e+01
2.515822982788085938e+01
2.517617034912109375e+01
2.495503616333007812e+01
2.458091545104980469e+01
2.433335113525390625e+01
2.421701812744140625e+01
2.416756629943847656e+01
2.424020767211914062e+01
2.423077964782714844e+01
2.425952911376953125e+01
2.422776603698730469e+01
2.410062789916992188e+01
2.427888870239257812e+01
2.431866836547851562e+01
2.462075233459472656e+01
2.464667892456054688e+01
2.429471588134765625e+01
2.426367950439453125e+01
2.430579376220703125e+01
2.454488182067871094e+01
