2.921387290954589844e+01
2.943790817260742188e+01
2.927759933471679688e+01
2.890397834777832031e+01
2.853067970275878906e+01
2.844835853576660156e+01
2.831054496765136719e+01
2.848134803771972656e+01
2.872199821472167969e+01
2.881836700439453125e+01
2.877367210388183594e+01
2.901660537719726562e+01
2.938247871398925781e+01
2.966956520080566406e+01
2.989576911926269531e+01
3.007249641418457031e+01
2.995887947082519531e+01
2.992714881896972656e+01
2.987587356567382812e+01
2.982554435729980469e+01
2.947512817382812500e+01
2.930311012268066406e+01
2.941383934020996094e+01
2.949337577819824219e+01
2.941482353210449219e+01
2.938153457641601562e+01
2.946810531616210938e+01
2.934328651428222656e+01
2.919269561767578125e+01
2.915033721923828125e+01
2.911581611633300781e+01
2.913400840759277344e+01
2.917713165283203125e+01
2.908818626403808594e+01
2.896479225158691406e+01
2.880236816406250000e+01
2.872887039184570312e+01
2.872348976135253906e+01
2.877437973022460938e+01
2.884916877746582031e+01
2.903013038635253906e+01
2.926319503784179688e+01
2.950049400329589844e+01
2.947954177856445312e+01
2.956202507019042969e+01
2.961789894104003906e+01
2.948282241821289062e+01
2.935575103759765625e+01
2.946486854553222656e+01
2.967665481567382812e+01
2.950579071044921875e+01
2.929371261596679688e+01
2.908487701416015625e+01
2.885454368591308594e+01
2.890062904357910156e+01
2.930974006652832031e+01
2.969750595092773438e+01
2.993704986572265625e+01
3.006237030029296875e+01
2.999359512329101562e+01
2.998942947387695312e+01
2.967771339416503906e+01
2.925649452209472656e+01
2.918887519836425781e+01
2.889445304870605469e+01
2.859990501403808594e+01
2.845684242248535156e+01
2.849847412109375000e+01
2.860578155517578125e+01
2.871539115905761719e+01
2.906886672973632812e+01
2.932444953918457031e+01
2.951275062561035156e+01
2.945126152038574219e+01
2.917004776000976562e+01
2.885450553894042969e+01
2.875483131408691406e+01
2.878775596618652344e+01
2.851813888549804688e+01
2.845687866210937500e+01
2.863844871520996094e+01
2.887469291687011719e+01
2.913018989562988281e+01
2.946702194213867188e+01
2.955270957946777344e+01
2.956841468811035156e+01
2.939182090759277344e+01
2.880233192443847656e+01
2.884305000305175781e+01
2.914850044250488281e+01
2.901920700073242188e+01
2.890411186218261719e+01
2.862491989135742188e+01
2.864445495605468750e+01
2.873319816589355469e+01
2.886567115783691406e+01
2.897661209106445312e+01
2.888337135314941406e+01
2.912569999694824219e+01
2.999263954162597656e+01
2.967869377136230469e+01
2.977571678161621094e+01
3.052354049682617188e+01
