3.304191589355468750e+01
3.281296539306640625e+01
3.321365356445312500e+01
3.340153503417968750e+01
3.362715911865234375e+01
3.354004287719726562e+01
3.330743408203125000e+01
3.322840118408203125e+01
3.288843154907226562e+01
3.263319396972656250e+01
3.233938980102539062e+01
3.218540573120117188e+01
3.193229675292968750e+01
3.199117469787597656e+01
3.265656280517578125e+01
3.258570861816406250e+01
3.214546966552734375e+01
3.237134552001953125e+01
3.264979553222656250e+01
3.265528869628906250e+01
3.265399932861328125e+01
3.248176574707031250e+01
3.242410659790039062e+01
3.224150848388671875e+01
3.205587768554687500e+01
3.232466888427734375e+01
3.253528594970703125e+01
3.250497436523437500e+01
3.266303253173828125e+01
3.309819030761718750e+01
3.331216049194335938e+01
3.338862991333007812e+01
3.352210235595703125e+01
3.347778701782226562e+01
3.322692871093750000e+01
3.292419433593750000e+01
3.305883789062500000e+01
3.347383880615234375e+01
3.357604980468750000e+01
3.324787521362304688e+01
3.300710296630859375e+01
3.293318176269531250e+01
3.305026245117187500e+01
3.315811920166015625e+01
3.298498153686523438e+01
3.297663116455078125e+01
3.333099365234375000e+01
3.368467712402343750e+01
3.411764526367187500e+01
3.437119674682617188e+01
3.443886947631835938e+01
3.525563049316406250e+01
3.515827178955078125e+01
3.464395523071289062e+01
3.448395538330078125e+01
3.425054168701171875e+01
3.402693557739257812e+01
3.418497467041015625e+01
3.422940444946289062e+01
3.393133163452148438e+01
3.384415435791015625e+01
3.388032150268554688e+01
3.415467453002929688e+01
3.401769638061523438e+01
3.362806320190429688e+01
3.337866973876953125e+01
3.323636627197265625e+01
3.333934402465820312e+01
3.354643630981445312e+01
3.352430343627929688e+01
3.359589385986328125e+01
3.390694427490234375e+01
3.427131271362304688e+01
3.484239578247070312e+01
3.557817459106445312e+01
3.604548263549804688e+01
3.580965805053710938e+01
3.483942413330078125e+01
3.423402786254882812e+01
3.381335449218750000e+01
3.351094436645507812e+01
3.332295989990234375e+01
3.378932571411132812e+01
3.365357589721679688e+01
3.356254959106445312e+01
3.306917953491210938e+01
3.236122894287109375e+01
3.219165039062500000e+01
3.246055603027343750e+01
3.305490112304687500e+01
3.327574920654296875e+01
3.334579086303710938e+01
3.317459869384765625e+01
3.301569366455078125e+01
3.288562011718750000e+01
3.319850921630859375e+01
3.368272781372070312e+01
3.405628204345703125e+01
3.401519775390625000e+01
3.348566055297851562e+01
3.306646347045898438e+01
3.298300552368164062e+01
3.244588470458984375e+01
3.283591842651367188e+01
3.328645324707031250e+01
3.347387313842773438e+01
