3.459136962890625000e+01
3.467996215820312500e+01
3.527093887329101562e+01
3.536170959472656250e+01
3.534514236450195312e+01
3.550849914550781250e+01
3.603435516357421875e+01
3.557872390747070312e+01
3.580519485473632812e+01
3.563562011718750000e+01
3.569084548950195312e+01
3.546495056152343750e+01
3.573307037353515625e+01
3.641836929321289062e+01
3.580451202392578125e+01
3.476677322387695312e+01
3.463068389892578125e+01
3.449705886840820312e+01
3.451211929321289062e+01
3.464828491210937500e+01
3.520901489257812500e+01
3.505312347412109375e+01
3.462886810302734375e+01
3.412500762939453125e+01
3.361407470703125000e+01
3.317299270629882812e+01
3.281418609619140625e+01
3.259059906005859375e+01
3.275554656982421875e+01
3.296005249023437500e+01
3.298012542724609375e+01
3.288715744018554688e+01
3.270843124389648438e+01
3.264040756225585938e+01
3.261096191406250000e+01
3.263277053833007812e+01
3.262094879150390625e+01
3.272869873046875000e+01
3.287217712402343750e+01
3.300491333007812500e+01
3.305140686035156250e+01
3.320755386352539062e+01
3.344679260253906250e+01
3.373870849609375000e+01
3.411180114746093750e+01
3.429985427856445312e+01
3.430672454833984375e+01
3.445396423339843750e+01
3.585772705078125000e+01
3.545686721801757812e+01
3.485917663574218750e+01
3.473381423950195312e+01
3.436489105224609375e+01
3.446289062500000000e+01
3.482813262939453125e+01
3.491422271728515625e+01
3.497522735595703125e+01
3.485245895385742188e+01
3.453301239013671875e+01
3.409592056274414062e+01
3.376071929931640625e+01
3.380665206909179688e+01
3.427418518066406250e+01
3.465190505981445312e+01
3.472433471679687500e+01
3.469919586181640625e+01
3.475301361083984375e+01
3.484429168701171875e+01
3.424411392211914062e+01
3.390362167358398438e+01
3.404807662963867188e+01
3.380259704589843750e+01
3.362590408325195312e+01
3.353231811523437500e+01
3.322055816650390625e+01
3.301161575317382812e+01
3.315496444702148438e+01
3.397293090820312500e+01
3.420718383789062500e+01
3.427923202514648438e+01
3.437891387939453125e+01
3.430645370483398438e+01
3.440410232543945312e+01
3.402777099609375000e+01
3.429505157470703125e+01
3.435658645629882812e+01
3.431508255004882812e+01
3.434022903442382812e+01
3.460661315917968750e+01
3.476573944091796875e+01
3.468249893188476562e+01
3.475085449218750000e+01
3.455917358398437500e+01
3.410877609252929688e+01
3.330604171752929688e+01
3.304791641235351562e+01
3.340660476684570312e+01
3.368694305419921875e+01
3.361021804809570312e+01
3.391228866577148438e+01
3.414255142211914062e+01
3.434518051147460938e+01
3.414522171020507812e+01
3.383642959594726562e+01
