2.570712089538574219e+01
2.591492843627929688e+01
2.621166610717773438e+01
2.649974250793457031e+01
2.646643447875976562e+01
2.653509902954101562e+01
2.624956703186035156e+01
2.628772735595703125e+01
2.634170913696289062e+01
2.630297660827636719e+01
2.633624267578125000e+01
2.655534172058105469e+01
2.674017715454101562e+01
2.695381736755371094e+01
2.695874977111816406e+01
2.679986572265625000e+01
2.667066383361816406e+01
2.656220626831054688e+01
2.645752525329589844e+01
2.641879463195800781e+01
2.653793144226074219e+01
2.665448188781738281e+01
2.673861122131347656e+01
2.683390426635742188e+01
2.696097755432128906e+01
2.697066497802734375e+01
2.692283821105957031e+01
2.685144042968750000e+01
2.682271575927734375e+01
2.679314994812011719e+01
2.682795143127441406e+01
2.684732627868652344e+01
2.683418846130371094e+01
2.682285118103027344e+01
2.681997108459472656e+01
2.690142059326171875e+01
2.695809555053710938e+01
2.687310600280761719e+01
2.675000953674316406e+01
2.669550895690917969e+01
2.674973869323730469e+01
2.672434806823730469e+01
2.671325874328613281e+01
2.683811187744140625e+01
2.700014686584472656e+01
2.720778083801269531e+01
2.752315330505371094e+01
2.729903221130371094e+01
2.690557289123535156e+01
2.643280792236328125e+01
2.546235275268554688e+01
2.556083106994628906e+01
2.620981597900390625e+01
2.668944931030273438e+01
2.689354515075683594e+01
2.693805694580078125e+01
2.692577362060546875e+01
2.688440132141113281e+01
2.665625953674316406e+01
2.653960609436035156e+01
2.656551361083984375e+01
2.662146949768066406e+01
2.650537300109863281e+01
2.639831924438476562e+01
2.627058792114257812e+01
2.623293113708496094e+01
2.628152084350585938e+01
2.616965675354003906e+01
2.615329551696777344e+01
2.635154724121093750e+01
2.662283515930175781e+01
2.669555473327636719e+01
2.672913742065429688e+01
2.664143753051757812e+01
2.655464935302734375e+01
2.656320190429687500e+01
2.641463661193847656e+01
2.628472900390625000e+01
2.626399993896484375e+01
2.630268859863281250e+01
2.639371681213378906e+01
2.658797073364257812e+01
2.651947784423828125e+01
2.639578437805175781e+01
2.647297096252441406e+01
2.659087181091308594e+01
2.671236038208007812e+01
2.671139717102050781e+01
2.660493278503417969e+01
2.648342895507812500e+01
2.640987777709960938e+01
2.607979583740234375e+01
2.583553886413574219e+01
2.558490562438964844e+01
2.545899391174316406e+01
2.563237571716308594e+01
2.573234558105468750e+01
2.539642906188964844e+01
2.559722709655761719e+01
2.571932792663574219e+01
2.592115402221679688e+01
2.600397109985351562e+01
2.588413429260253906e+01
2.592357063293457031e+01
