3.724497222900390625e+01
3.731483840942382812e+01
3.726739883422851562e+01
3.726185989379882812e+01
3.752738571166992188e+01
3.761807250976562500e+01
3.759811019897460938e+01
3.735417556762695312e+01
3.713459014892578125e+01
3.731562423706054688e+01
3.750209808349609375e+01
3.772708511352539062e+01
3.771215057373046875e+01
3.765109634399414062e+01
3.776727676391601562e+01
3.773279190063476562e+01
3.748520660400390625e+01
3.694789505004882812e+01
3.662297058105468750e+01
3.686820602416992188e+01
3.661305618286132812e+01
3.567690658569335938e+01
3.590800094604492188e+01
3.644058990478515625e+01
3.561738967895507812e+01
3.493597030639648438e+01
3.480674362182617188e+01
3.618905639648437500e+01
3.745908737182617188e+01
3.775055694580078125e+01
3.785586929321289062e+01
3.786735916137695312e+01
3.783688735961914062e+01
3.793610000610351562e+01
3.776799011230468750e+01
3.782191085815429688e+01
3.794338989257812500e+01
3.769462966918945312e+01
3.707389831542968750e+01
3.727951812744140625e+01
3.782896804809570312e+01
3.800514984130859375e+01
3.759450912475585938e+01
3.748230743408203125e+01
3.747541046142578125e+01
3.766555786132812500e+01
3.764631652832031250e+01
3.728954315185546875e+01
3.702833175659179688e+01
3.704265213012695312e+01
3.687695312500000000e+01
3.723381423950195312e+01
3.751214218139648438e+01
3.761249160766601562e+01
3.761333084106445312e+01
3.747121047973632812e+01
3.751329803466796875e+01
3.753957748413085938e+01
3.753902816772460938e+01
3.747269058227539062e+01
3.743177795410156250e+01
3.726034927368164062e+01
3.694580459594726562e+01
3.703092575073242188e+01
3.717969131469726562e+01
3.713307952880859375e+01
3.706710433959960938e+01
3.699105453491210938e+01
3.701051330566406250e+01
3.725337600708007812e+01
3.753305053710937500e+01
3.744020462036132812e+01
3.724602127075195312e+01
3.687658309936523438e+01
3.685507965087890625e+01
3.703481674194335938e+01
3.682001495361328125e+01
3.671986389160156250e+01
3.755196762084960938e+01
3.770978164672851562e+01
3.732733154296875000e+01
3.721796798706054688e+01
3.704267120361328125e+01
3.692139816284179688e+01
3.699600219726562500e+01
3.747923278808593750e+01
3.733798599243164062e+01
3.696338653564453125e+01
3.677032470703125000e+01
3.644054031372070312e+01
3.674920654296875000e+01
3.717111968994140625e+01
3.753487396240234375e+01
3.762899780273437500e+01
