2.808146858215332031e+01
2.845798683166503906e+01
2.842289733886718750e+01
2.932352828979492188e+01
3.007655334472656250e+01
3.012525177001953125e+01
3.010142707824707031e+01
3.011549758911132812e+01
3.003610610961914062e+01
3.006161308288574219e+01
3.023941040039062500e+01
3.011744499206542969e+01
3.019922447204589844e+01
3.060024833679199219e+01
3.132576370239257812e+01
3.186046600341796875e+01
3.206661987304687500e+01
3.196014595031738281e+01
3.154137802124023438e+01
3.140890884399414062e+01
3.153665351867675781e+01
3.164663124084472656e+01
3.173072242736816406e+01
3.135433006286621094e+01
3.113235855102539062e+01
3.104488182067871094e+01
3.122081565856933594e+01
3.136724662780761719e+01
3.136221122741699219e+01
3.137543869018554688e+01
3.160334014892578125e+01
3.164788246154785156e+01
3.158880805969238281e+01
3.169293212890625000e+01
3.190300750732421875e+01
3.189592170715332031e+01
3.194836997985839844e+01
3.185095405578613281e+01
3.163655662536621094e+01
3.150098228454589844e+01
3.123501586914062500e+01
3.106639862060546875e+01
3.085101509094238281e+01
3.073403739929199219e+01
3.112252235412597656e+01
3.142703628540039062e+01
3.164509391784667969e+01
3.161802673339843750e+01
3.146289253234863281e+01
3.106003189086914062e+01
3.103750228881835938e+01
3.161068916320800781e+01
3.184495735168457031e+01
3.137135124206542969e+01
3.099214553833007812e+01
3.088549995422363281e+01
3.070954132080078125e+01
3.043258285522460938e+01
3.030876350402832031e+01
3.036682319641113281e+01
3.043750953674316406e+01
3.059558296203613281e+01
3.133138847351074219e+01
3.142200851440429688e+01
3.122060775756835938e+01
3.098738861083984375e+01
3.141002273559570312e+01
3.133467292785644531e+01
3.112466239929199219e+01
3.075631713867187500e+01
3.057747077941894531e+01
3.048134803771972656e+01
3.042469596862792969e+01
3.037853431701660156e+01
3.034620285034179688e+01
3.021505165100097656e+01
3.022739791870117188e+01
3.034004211425781250e+01
3.008700180053710938e+01
2.990041160583496094e+01
2.977606010437011719e+01
2.973540687561035156e+01
2.980419540405273438e+01
3.002621459960937500e+01
3.035775566101074219e+01
3.066834640502929688e+01
3.088320732116699219e+01
3.107745742797851562e+01
3.118835449218750000e+01
3.122571563720703125e+01
3.136208152770996094e+01
3.136461448669433594e+01
3.109780883789062500e+01
3.050673675537109375e+01
3.010351371765136719e+01
2.996183395385742188e+01
2.993093299865722656e+01
3.006175231933593750e+01
3.018451118469238281e+01
3.053805923461914062e+01
3.074788856506347656e+01
3.059515190124511719e+01
3.038504409790039062e+01
3.046227073669433594e+01
2.998721504211425781e+01
2.973567962646484375e+01
2.936837768554687500e+01
2.886908912658691406e+01
