3.369226837158203125e+01
3.397734451293945312e+01
3.466806030273437500e+01
3.559854125976562500e+01
3.601436614990234375e+01
3.579942321777343750e+01
3.585952377319335938e+01
3.608995437622070312e+01
3.640003967285156250e+01
3.638158416748046875e+01
3.613460159301757812e+01
3.580075454711914062e+01
3.574049758911132812e+01
3.565710449218750000e+01
3.546741867065429688e+01
3.510779571533203125e+01
3.478040695190429688e+01
3.471182632446289062e+01
3.462170028686523438e+01
3.446408081054687500e+01
3.435221481323242188e+01
3.438346862792968750e+01
3.443158721923828125e+01
3.451445388793945312e+01
3.460558319091796875e+01
3.484195327758789062e+01
3.533773422241210938e+01
3.570149612426757812e+01
3.528401565551757812e+01
3.521554183959960938e+01
3.498296356201171875e+01
3.525403213500976562e+01
3.536339569091796875e+01
3.620346069335937500e+01
3.652033996582031250e+01
3.654492950439453125e+01
3.653462600708007812e+01
3.639310836791992188e+01
3.607787322998046875e+01
3.592010116577148438e+01
3.614005279541015625e+01
3.642378997802734375e+01
3.655912017822265625e+01
3.662050247192382812e+01
3.670583724975585938e+01
3.683978271484375000e+01
3.692356872558593750e+01
3.685414505004882812e+01
3.651424026489257812e+01
3.616421508789062500e+01
3.528922653198242188e+01
3.527070236206054688e+01
3.507469177246093750e+01
3.490468215942382812e+01
3.527931594848632812e+01
3.574368286132812500e+01
3.631663513183593750e+01
3.675539779663085938e+01
3.690958404541015625e+01
3.697555923461914062e+01
3.679159545898437500e+01
3.660091400146484375e+01
3.651855468750000000e+01
3.667562484741210938e+01
3.694450759887695312e+01
3.726768112182617188e+01
3.732274246215820312e+01
3.728362655639648438e+01
3.722558593750000000e+01
3.718393325805664062e+01
3.703395462036132812e+01
3.653655242919921875e+01
3.614891815185546875e+01
3.575217056274414062e+01
3.545117568969726562e+01
3.530415725708007812e+01
3.521443176269531250e+01
3.467245483398437500e+01
3.444441604614257812e+01
3.450091934204101562e+01
3.480723953247070312e+01
3.513391113281250000e+01
3.528267288208007812e+01
3.543759155273437500e+01
3.565753936767578125e+01
3.660437011718750000e+01
3.594151687622070312e+01
3.565939331054687500e+01
3.605736541748046875e+01
3.628542709350585938e+01
3.526960754394531250e+01
3.473157119750976562e+01
3.446198654174804688e+01
3.445952224731445312e+01
3.441334533691406250e+01
3.415554428100585938e+01
3.417787551879882812e+01
3.430894470214843750e+01
3.453625488281250000e+01
3.508694458007812500e+01
3.561460113525390625e+01
3.481436157226562500e+01
3.457962036132812500e+01
3.454824829101562500e+01
3.459975433349609375e+01
