2.757325363159179688e+01
2.821043777465820312e+01
2.861059570312500000e+01
2.922569847106933594e+01
2.940807533264160156e+01
2.966346168518066406e+01
2.978937149047851562e+01
2.892074584960937500e+01
2.867908477783203125e+01
2.948239135742187500e+01
2.955251121520996094e+01
2.917363166809082031e+01
2.895518302917480469e+01
2.926773834228515625e+01
2.991838645935058594e+01
3.024886322021484375e+01
3.017970275878906250e+01
2.991620635986328125e+01
2.945700836181640625e+01
2.907739067077636719e+01
2.868879318237304688e+01
2.857753181457519531e+01
2.885392761230468750e+01
2.902194404602050781e+01
2.890439605712890625e+01
2.884218025207519531e+01
2.872106552124023438e+01
2.877257919311523438e+01
2.940717315673828125e+01
2.978517150878906250e+01
3.020247840881347656e+01
3.061558151245117188e+01
3.077994537353515625e+01
3.083161544799804688e+01
3.062443733215332031e+01
3.038320541381835938e+01
3.025655364990234375e+01
3.016296768188476562e+01
3.014260673522949219e+01
3.023776054382324219e+01
3.027667045593261719e+01
3.009612274169921875e+01
2.992391967773437500e+01
2.926246643066406250e+01
2.918113708496093750e+01
2.925001907348632812e+01
2.916450309753417969e+01
2.911430931091308594e+01
2.935941505432128906e+01
2.957217025756835938e+01
2.959910011291503906e+01
2.949593925476074219e+01
2.986035728454589844e+01
3.043641281127929688e+01
3.055878448486328125e+01
3.039919853210449219e+01
3.004241180419921875e+01
2.968015480041503906e+01
2.941860580444335938e+01
2.924704170227050781e+01
2.925349426269531250e+01
2.935571479797363281e+01
2.934841156005859375e+01
2.940029525756835938e+01
2.955698013305664062e+01
2.986541938781738281e+01
3.015595626831054688e+01
2.999937820434570312e+01
2.990179252624511719e+01
2.992763900756835938e+01
2.992308425903320312e+01
2.982069206237792969e+01
2.964734077453613281e+01
2.920952987670898438e+01
2.880021476745605469e+01
2.856755638122558594e+01
2.852848243713378906e+01
2.849346160888671875e+01
2.854818534851074219e+01
2.862178802490234375e+01
2.824869155883789062e+01
2.791337776184082031e+01
2.804410362243652344e+01
2.837475967407226562e+01
2.886552429199218750e+01
2.946079444885253906e+01
2.956204795837402344e+01
2.972792053222656250e+01
2.985138893127441406e+01
2.966531944274902344e+01
2.981970405578613281e+01
3.014678955078125000e+01
3.007594490051269531e+01
2.988359069824218750e+01
2.979892158508300781e+01
2.971254730224609375e+01
2.965106773376464844e+01
2.967631530761718750e+01
2.965214920043945312e+01
2.936638641357421875e+01
2.880251121520996094e+01
2.861680603027343750e+01
2.862038230895996094e+01
2.820994567871093750e+01
2.801482963562011719e+01
2.778921699523925781e+01
2.792997932434082031e+01
2.761762619018554688e+01
