3.228091049194335938e+01
3.216110992431640625e+01
3.241753005981445312e+01
3.265320968627929688e+01
3.240757369995117188e+01
3.209150695800781250e+01
3.205169296264648438e+01
3.211865234375000000e+01
3.234125518798828125e+01
3.265610885620117188e+01
3.229491424560546875e+01
3.245393753051757812e+01
3.231849670410156250e+01
3.230827713012695312e+01
3.255273818969726562e+01
3.278931808471679688e+01
3.271294784545898438e+01
3.269165802001953125e+01
3.277760696411132812e+01
3.272676467895507812e+01
3.287415695190429688e+01
3.315792083740234375e+01
3.306672286987304688e+01
3.283771896362304688e+01
3.288277053833007812e+01
3.276891708374023438e+01
3.262812805175781250e+01
3.247005081176757812e+01
3.232792663574218750e+01
3.204773712158203125e+01
3.204714965820312500e+01
3.202731323242187500e+01
3.213406372070312500e+01
3.226612091064453125e+01
3.248726272583007812e+01
3.263302993774414062e+01
3.246895217895507812e+01
3.235602951049804688e+01
3.224309158325195312e+01
3.202521514892578125e+01
3.173439216613769531e+01
3.161760902404785156e+01
3.184660911560058594e+01
3.213694763183593750e+01
3.233773040771484375e+01
3.247151565551757812e+01
3.255798721313476562e+01
3.270487594604492188e+01
3.277272033691406250e+01
3.264846420288085938e+01
3.219040298461914062e+01
3.215286636352539062e+01
3.230217361450195312e+01
3.261286926269531250e+01
3.291626358032226562e+01
3.289794921875000000e+01
3.295959472656250000e+01
3.309433364868164062e+01
3.314149856567382812e+01
3.338225173950195312e+01
3.355486297607421875e+01
3.361236572265625000e+01
3.364456939697265625e+01
3.349919509887695312e+01
3.324931716918945312e+01
3.302992248535156250e+01
3.285373306274414062e+01
3.299818801879882812e+01
3.296273422241210938e+01
3.289758682250976562e+01
3.299893951416015625e+01
3.314642333984375000e+01
3.322583389282226562e+01
3.318509674072265625e+01
3.302058410644531250e+01
3.292000961303710938e+01
3.288736724853515625e+01
3.292053604125976562e+01
3.274941635131835938e+01
3.279202651977539062e+01
3.293032073974609375e+01
3.315444946289062500e+01
3.314381027221679688e+01
3.283704757690429688e+01
3.228641510009765625e+01
3.227558517456054688e+01
3.271113204956054688e+01
3.293302536010742188e+01
3.300780105590820312e+01
3.331050872802734375e+01
3.366313934326171875e+01
3.395511627197265625e+01
3.380982971191406250e+01
3.340293121337890625e+01
3.339084243774414062e+01
3.320679855346679688e+01
3.282352828979492188e+01
3.317209625244140625e+01
