2.996739768981933594e+01
3.017236518859863281e+01
3.019696617126464844e+01
3.026091384887695312e+01
3.017970275878906250e+01
2.996252822875976562e+01
2.939494705200195312e+01
2.880810165405273438e+01
2.882118415832519531e+01
2.899363327026367188e+01
2.939301681518554688e+01
2.972198104858398438e+01
2.987284851074218750e+01
2.970302391052246094e+01
2.954299736022949219e+01
2.920083999633789062e+01
2.875066566467285156e+01
2.831346321105957031e+01
2.822199630737304688e+01
2.820591163635253906e+01
2.828140449523925781e+01
2.849159049987792969e+01
2.882705879211425781e+01
2.920046424865722656e+01
2.926739883422851562e+01
2.900356292724609375e+01
2.876706695556640625e+01
2.881881332397460938e+01
2.886594390869140625e+01
2.888718986511230469e+01
2.895301818847656250e+01
2.916904449462890625e+01
2.936130523681640625e+01
2.935980415344238281e+01
2.930788040161132812e+01
2.926056861877441406e+01
2.937472724914550781e+01
2.957279014587402344e+01
2.959265136718750000e+01
2.938376426696777344e+01
2.920943832397460938e+01
2.910957336425781250e+01
2.895416641235351562e+01
2.879727554321289062e+01
2.872838592529296875e+01
2.882191467285156250e+01
2.892137336730957031e+01
2.837243080139160156e+01
2.820798873901367188e+01
2.823361778259277344e+01
2.861045265197753906e+01
2.903574562072753906e+01
2.914050674438476562e+01
2.878758621215820312e+01
2.869431877136230469e+01
2.898440742492675781e+01
2.966954421997070312e+01
2.980128479003906250e+01
2.994085311889648438e+01
3.009254264831542969e+01
2.999547767639160156e+01
2.982849311828613281e+01
2.970577621459960938e+01
2.979192352294921875e+01
2.993062591552734375e+01
3.006467628479003906e+01
3.014474678039550781e+01
2.988535308837890625e+01
2.950464057922363281e+01
2.906323432922363281e+01
2.899844169616699219e+01
2.906208229064941406e+01
2.926675605773925781e+01
2.929567527770996094e+01
2.919752883911132812e+01
2.941430473327636719e+01
2.957288169860839844e+01
2.960301399230957031e+01
2.970728683471679688e+01
2.973591232299804688e+01
2.940014839172363281e+01
2.825209045410156250e+01
2.774206733703613281e+01
2.755198669433593750e+01
2.740990257263183594e+01
2.747600555419921875e+01
2.784803009033203125e+01
2.802595520019531250e+01
2.815567970275878906e+01
2.809806442260742188e+01
2.776007461547851562e+01
2.769670295715332031e+01
2.763697052001953125e+01
2.782423591613769531e+01
2.805857276916503906e+01
2.840769386291503906e+01
2.874517059326171875e+01
2.906426811218261719e+01
2.924527359008789062e+01
2.905766487121582031e+01
2.884784698486328125e+01
2.780171394348144531e+01
2.722821235656738281e+01
2.718903541564941406e+01
2.713157272338867188e+01
2.779102325439453125e+01
