3.453818511962890625e+01
3.448286056518554688e+01
3.447508239746093750e+01
3.443192291259765625e+01
3.439585113525390625e+01
3.442983627319335938e+01
3.487920761108398438e+01
3.409471511840820312e+01
3.418420791625976562e+01
3.424290466308593750e+01
3.419289779663085938e+01
3.423877334594726562e+01
3.422217178344726562e+01
3.411444854736328125e+01
3.437665557861328125e+01
3.456634140014648438e+01
3.487022399902343750e+01
3.494952392578125000e+01
3.507545089721679688e+01
3.483495712280273438e+01
3.453899765014648438e+01
3.461475753784179688e+01
3.463238143920898438e+01
3.436950302124023438e+01
3.396631240844726562e+01
3.378103256225585938e+01
3.374203491210937500e+01
3.378999328613281250e+01
3.389926910400390625e+01
3.395498657226562500e+01
3.381036376953125000e+01
3.380726242065429688e+01
3.399829101562500000e+01
3.417312622070312500e+01
3.403061676025390625e+01
3.381138229370117188e+01
3.373529052734375000e+01
3.374599075317382812e+01
3.384986877441406250e+01
3.389411163330078125e+01
3.382756805419921875e+01
3.384515380859375000e+01
3.383150482177734375e+01
3.360543060302734375e+01
3.309234619140625000e+01
3.280234146118164062e+01
3.310826110839843750e+01
3.335559463500976562e+01
3.340797805786132812e+01
3.342954254150390625e+01
3.350881195068359375e+01
3.367778396606445312e+01
3.379018020629882812e+01
3.399027252197265625e+01
3.421980667114257812e+01
3.419983673095703125e+01
3.423855972290039062e+01
3.404051589965820312e+01
3.379996490478515625e+01
3.369020462036132812e+01
3.369798660278320312e+01
3.357061767578125000e+01
3.328260421752929688e+01
3.324059677124023438e+01
3.352808380126953125e+01
3.417148208618164062e+01
3.436428451538085938e+01
3.425709152221679688e+01
3.390726089477539062e+01
3.349652862548828125e+01
3.320908355712890625e+01
3.359068679809570312e+01
3.396224975585937500e+01
3.408928680419921875e+01
3.392999649047851562e+01
3.389570236206054688e+01
3.384164047241210938e+01
3.360424041748046875e+01
3.347656250000000000e+01
3.332513427734375000e+01
3.331682586669921875e+01
3.324782180786132812e+01
3.321995162963867188e+01
