3.693769073486328125e+01
3.479507064819335938e+01
3.464121627807617188e+01
3.500975418090820312e+01
3.529042053222656250e+01
3.517393112182617188e+01
3.476074600219726562e+01
3.431793975830078125e+01
3.394120788574218750e+01
3.397059249877929688e+01
3.392462158203125000e+01
3.387717437744140625e+01
3.375376892089843750e+01
3.350509643554687500e+01
3.385398483276367188e+01
3.382914733886718750e+01
3.406470108032226562e+01
3.404821777343750000e+01
3.412158203125000000e+01
3.429713821411132812e+01
3.444850921630859375e+01
3.453199386596679688e+01
3.547351455688476562e+01
3.726921081542968750e+01
3.624789047241210938e+01
3.539162826538085938e+01
3.500171661376953125e+01
3.528428649902343750e+01
3.621969604492187500e+01
3.713679504394531250e+01
3.733914566040039062e+01
3.628094482421875000e+01
3.528437805175781250e+01
3.551307678222656250e+01
3.538673019409179688e+01
3.480892944335937500e+01
3.428939819335937500e+01
3.430604171752929688e+01
3.455583572387695312e+01
3.480051040649414062e+01
3.497154998779296875e+01
3.488113021850585938e+01
3.476338577270507812e+01
3.463237380981445312e+01
3.456091690063476562e+01
3.458693695068359375e+01
3.471566772460937500e+01
3.485366821289062500e+01
3.533039093017578125e+01
3.604122543334960938e+01
3.611091613769531250e+01
3.571132659912109375e+01
3.525380706787109375e+01
3.480860900878906250e+01
3.469474029541015625e+01
3.452506256103515625e+01
3.437812805175781250e+01
3.416053009033203125e+01
3.389704132080078125e+01
3.385537719726562500e+01
3.406183624267578125e+01
3.449585723876953125e+01
3.534979629516601562e+01
3.484576416015625000e+01
3.462287521362304688e+01
3.528724288940429688e+01
3.583391189575195312e+01
3.611780166625976562e+01
3.531050491333007812e+01
3.453186798095703125e+01
3.435329818725585938e+01
3.530604553222656250e+01
3.701674652099609375e+01
3.755447769165039062e+01
3.760150146484375000e+01
3.758532333374023438e+01
3.746891403198242188e+01
3.751435852050781250e+01
3.753149032592773438e+01
3.729169082641601562e+01
3.712818527221679688e+01
3.726531600952148438e+01
3.744295501708984375e+01
3.740520858764648438e+01
3.705173110961914062e+01
3.676519012451171875e+01
3.713558197021484375e+01
3.730652618408203125e+01
3.738941955566406250e+01
3.741755676269531250e+01
3.731659698486328125e+01
3.722206878662109375e+01
3.720077514648437500e+01
3.680795669555664062e+01
3.635885238647460938e+01
3.655907058715820312e+01
3.744435119628906250e+01
3.757388687133789062e+01
