3.111831092834472656e+01
3.049918746948242188e+01
3.030770874023437500e+01
3.004949760437011719e+01
3.037003707885742188e+01
3.067104339599609375e+01
3.144606781005859375e+01
3.184485054016113281e+01
3.132676696777343750e+01
3.066490364074707031e+01
2.946277618408203125e+01
2.904406738281250000e+01
2.925316047668457031e+01
3.019427299499511719e+01
3.074188423156738281e+01
3.110938072204589844e+01
3.123781776428222656e+01
3.088684272766113281e+01
3.018701171875000000e+01
2.978044700622558594e+01
2.942006492614746094e+01
2.927617073059082031e+01
2.903708839416503906e+01
2.877047920227050781e+01
2.878505706787109375e+01
2.841905403137207031e+01
2.796776008605957031e+01
2.763600349426269531e+01
2.751006126403808594e+01
2.780314826965332031e+01
2.815270042419433594e+01
2.832102966308593750e+01
2.828940963745117188e+01
2.834712409973144531e+01
2.884761810302734375e+01
2.917057991027832031e+01
2.937273025512695312e+01
2.966543388366699219e+01
2.992851638793945312e+01
2.955296134948730469e+01
2.910969161987304688e+01
2.910653305053710938e+01
2.917566299438476562e+01
2.924230957031250000e+01
2.924736022949218750e+01
2.871209335327148438e+01
2.834439086914062500e+01
2.832610893249511719e+01
2.832425308227539062e+01
2.835802841186523438e+01
2.842090034484863281e+01
2.884310150146484375e+01
2.889939498901367188e+01
2.880762481689453125e+01
2.864531898498535156e+01
2.839271163940429688e+01
2.805568504333496094e+01
2.791537857055664062e+01
2.785705757141113281e+01
2.804643058776855469e+01
2.795983505249023438e+01
2.779835319519042969e+01
2.771809387207031250e+01
2.781735038757324219e+01
2.792674255371093750e+01
2.786165046691894531e+01
2.782857131958007812e+01
2.776367378234863281e+01
2.774839973449707031e+01
2.775473403930664062e+01
2.770703887939453125e+01
2.772510719299316406e+01
2.785699844360351562e+01
2.781312561035156250e+01
2.776448440551757812e+01
2.775353240966796875e+01
2.770133018493652344e+01
2.760158348083496094e+01
2.764394569396972656e+01
2.770591163635253906e+01
2.773638725280761719e+01
2.759353256225585938e+01
2.752419853210449219e+01
2.759397888183593750e+01
2.785464286804199219e+01
2.777472305297851562e+01
2.757432937622070312e+01
2.742525291442871094e+01
2.738416671752929688e+01
2.736171913146972656e+01
2.727941513061523438e+01
2.715876388549804688e+01
2.719738006591796875e+01
2.738800430297851562e+01
2.761575889587402344e+01
2.790344619750976562e+01
2.806874275207519531e+01
2.810980415344238281e+01
2.827017784118652344e+01
2.836365127563476562e+01
2.818982505798339844e+01
2.816513061523437500e+01
2.814410591125488281e+01
2.862237930297851562e+01
