2.581082916259765625e+01
2.533078765869140625e+01
2.492518615722656250e+01
2.480589103698730469e+01
2.461982727050781250e+01
2.457100105285644531e+01
2.457530784606933594e+01
2.497598075866699219e+01
2.494136047363281250e+01
2.507176208496093750e+01
2.518030929565429688e+01
2.547024345397949219e+01
2.517116737365722656e+01
2.508761596679687500e+01
2.459513473510742188e+01
2.451301956176757812e+01
2.411428260803222656e+01
2.433459854125976562e+01
2.449239921569824219e+01
2.445947647094726562e+01
2.415085792541503906e+01
2.379912185668945312e+01
2.365927696228027344e+01
2.388258743286132812e+01
2.409705543518066406e+01
2.390874671936035156e+01
2.389196777343750000e+01
2.395940017700195312e+01
2.408256721496582031e+01
2.422769737243652344e+01
2.432601547241210938e+01
2.434191513061523438e+01
2.431882095336914062e+01
2.420485496520996094e+01
2.392004585266113281e+01
2.344607353210449219e+01
2.267234420776367188e+01
2.193702316284179688e+01
2.172471046447753906e+01
2.166949081420898438e+01
2.137073135375976562e+01
2.077402496337890625e+01
2.035510826110839844e+01
2.005063819885253906e+01
1.986661148071289062e+01
1.992346000671386719e+01
1.986609077453613281e+01
1.990047645568847656e+01
1.998752212524414062e+01
2.020121955871582031e+01
2.054236221313476562e+01
2.160853004455566406e+01
2.208247375488281250e+01
2.247665977478027344e+01
2.263010215759277344e+01
2.279151725769042969e+01
2.303842163085937500e+01
2.319646644592285156e+01
2.320307731628417969e+01
2.315389442443847656e+01
2.258155250549316406e+01
2.174611854553222656e+01
2.112898063659667969e+01
2.074079322814941406e+01
2.034785461425781250e+01
2.016739845275878906e+01
2.022653579711914062e+01
2.032666015625000000e+01
2.036135482788085938e+01
2.037220954895019531e+01
2.068856620788574219e+01
2.115425872802734375e+01
2.094748687744140625e+01
2.050753974914550781e+01
2.026881980895996094e+01
2.003780555725097656e+01
1.996042442321777344e+01
1.991427040100097656e+01
2.005201530456542969e+01
2.006543350219726562e+01
2.013425064086914062e+01
2.010398101806640625e+01
1.999296760559082031e+01
1.987305259704589844e+01
1.989779472351074219e+01
1.996846961975097656e+01
2.004699134826660156e+01
2.016163444519042969e+01
2.018149948120117188e+01
2.020771217346191406e+01
2.017526626586914062e+01
2.018645477294921875e+01
2.016186332702636719e+01
2.024719238281250000e+01
2.039647865295410156e+01
2.140083885192871094e+01
2.222677993774414062e+01
2.283042144775390625e+01
2.288330459594726562e+01
2.309175491333007812e+01
2.261529350280761719e+01
2.193849182128906250e+01
2.125701141357421875e+01
2.124246788024902344e+01
2.127589225769042969e+01
