3.248705291748046875e+01
3.333623504638671875e+01
3.390522766113281250e+01
3.382419967651367188e+01
3.361558532714843750e+01
3.322201156616210938e+01
3.290424728393554688e+01
3.184392166137695312e+01
3.167314338684082031e+01
3.210441207885742188e+01
3.253939437866210938e+01
3.244450378417968750e+01
3.233612442016601562e+01
3.242039108276367188e+01
3.225629043579101562e+01
3.202947616577148438e+01
3.237278747558593750e+01
3.267492294311523438e+01
3.277456665039062500e+01
3.269816589355468750e+01
3.263922119140625000e+01
3.282917404174804688e+01
3.303060531616210938e+01
3.310116958618164062e+01
3.303274154663085938e+01
3.294553756713867188e+01
3.279211425781250000e+01
3.278122329711914062e+01
3.290587997436523438e+01
3.312966537475585938e+01
3.322364044189453125e+01
3.326238632202148438e+01
3.340611648559570312e+01
3.342540359497070312e+01
3.377811050415039062e+01
3.388236618041992188e+01
3.341204071044921875e+01
3.341476821899414062e+01
3.337523651123046875e+01
3.347422790527343750e+01
3.365421295166015625e+01
3.337179565429687500e+01
3.312229537963867188e+01
3.320655822753906250e+01
3.349721527099609375e+01
3.324993133544921875e+01
3.309020996093750000e+01
3.326663970947265625e+01
3.353699493408203125e+01
3.395075988769531250e+01
3.361423492431640625e+01
3.311056900024414062e+01
3.289627075195312500e+01
3.249687576293945312e+01
3.266077041625976562e+01
3.347415161132812500e+01
3.385267257690429688e+01
3.388617706298828125e+01
3.366767883300781250e+01
3.367739486694335938e+01
3.357644653320312500e+01
3.374304199218750000e+01
3.368967437744140625e+01
3.353179931640625000e+01
3.344235610961914062e+01
3.314023590087890625e+01
3.293928146362304688e+01
3.263622283935546875e+01
3.294576644897460938e+01
3.321052932739257812e+01
3.341098022460937500e+01
3.341765213012695312e+01
3.333053970336914062e+01
3.329525756835937500e+01
3.277502059936523438e+01
3.242966461181640625e+01
3.264181137084960938e+01
3.271615982055664062e+01
3.292540359497070312e+01
3.318739318847656250e+01
3.344509887695312500e+01
3.320502853393554688e+01
3.282551956176757812e+01
3.260784149169921875e+01
3.277832412719726562e+01
3.314657592773437500e+01
3.334654235839843750e+01
3.345481872558593750e+01
3.334321212768554688e+01
3.368108749389648438e+01
3.406232452392578125e+01
3.337514114379882812e+01
3.193280601501464844e+01
3.119303703308105469e+01
3.125172805786132812e+01
3.144228744506835938e+01
3.145888137817382812e+01
3.191762924194335938e+01
3.267662429809570312e+01
3.324682617187500000e+01
3.327588272094726562e+01
3.331798171997070312e+01
3.337014007568359375e+01
3.304394912719726562e+01
3.298934936523437500e+01
