2.595997428894042969e+01
2.608045005798339844e+01
2.630102348327636719e+01
2.663862228393554688e+01
2.670157051086425781e+01
2.647702217102050781e+01
2.626937484741210938e+01
2.609200859069824219e+01
2.595162582397460938e+01
2.587912178039550781e+01
2.591070938110351562e+01
2.598947715759277344e+01
2.616603851318359375e+01
2.635682296752929688e+01
2.649403572082519531e+01
2.665614700317382812e+01
2.677509880065917969e+01
2.677996826171875000e+01
2.663675498962402344e+01
2.652951812744140625e+01
2.648377418518066406e+01
2.638510704040527344e+01
2.624390983581542969e+01
2.612227058410644531e+01
2.606027603149414062e+01
2.608231163024902344e+01
2.608370590209960938e+01
2.612970924377441406e+01
2.617495918273925781e+01
2.614401435852050781e+01
2.603102111816406250e+01
2.591203689575195312e+01
2.598412895202636719e+01
2.608467292785644531e+01
2.613743209838867188e+01
2.607025337219238281e+01
2.607022476196289062e+01
2.611930084228515625e+01
2.616209983825683594e+01
2.606552124023437500e+01
2.600786018371582031e+01
2.600678443908691406e+01
2.607711791992187500e+01
2.629416847229003906e+01
2.665169715881347656e+01
2.688945198059082031e+01
2.705061721801757812e+01
2.706706619262695312e+01
2.705611610412597656e+01
2.706889152526855469e+01
2.709664344787597656e+01
2.710315895080566406e+01
2.709051704406738281e+01
2.708907508850097656e+01
2.711849784851074219e+01
2.714890289306640625e+01
2.720147132873535156e+01
2.722831916809082031e+01
2.719647979736328125e+01
2.719142150878906250e+01
2.718245887756347656e+01
2.724114227294921875e+01
2.728398704528808594e+01
2.732259178161621094e+01
2.740970802307128906e+01
2.725895690917968750e+01
2.706280136108398438e+01
2.696692276000976562e+01
2.689610862731933594e+01
2.679492759704589844e+01
2.674664497375488281e+01
2.662509346008300781e+01
2.647421836853027344e+01
2.639380455017089844e+01
2.631865692138671875e+01
2.628699684143066406e+01
2.625442123413085938e+01
2.616496658325195312e+01
2.597258377075195312e+01
2.586144828796386719e+01
2.588115882873535156e+01
2.586247444152832031e+01
2.567529869079589844e+01
2.571472549438476562e+01
2.579689979553222656e+01
2.605026245117187500e+01
2.618554878234863281e+01
2.621522331237792969e+01
2.618110847473144531e+01
2.614016151428222656e+01
2.606329727172851562e+01
2.596140670776367188e+01
2.587237739562988281e+01
2.586233901977539062e+01
2.581884384155273438e+01
2.566473197937011719e+01
2.546937370300292969e+01
2.555925178527832031e+01
2.586697578430175781e+01
2.603773307800292969e+01
2.594059944152832031e+01
2.574361419677734375e+01
