3.479727172851562500e+01
3.424551773071289062e+01
3.377617645263671875e+01
3.358774948120117188e+01
3.351935577392578125e+01
3.356312561035156250e+01
3.377534103393554688e+01
3.407967376708984375e+01
3.423418426513671875e+01
3.450997924804687500e+01
3.485991287231445312e+01
3.461420440673828125e+01
3.440835189819335938e+01
3.411011123657226562e+01
3.397945404052734375e+01
3.398567581176757812e+01
3.378547668457031250e+01
3.371876144409179688e+01
3.373758697509765625e+01
3.360256576538085938e+01
3.350872802734375000e+01
3.349742889404296875e+01
3.349683380126953125e+01
3.338608932495117188e+01
3.344057846069335938e+01
3.319181823730468750e+01
3.294820022583007812e+01
3.295350646972656250e+01
3.313340759277343750e+01
3.318653488159179688e+01
3.329152297973632812e+01
3.334993743896484375e+01
3.342225265502929688e+01
3.339119720458984375e+01
3.358441925048828125e+01
3.351351928710937500e+01
3.347768783569335938e+01
3.360085296630859375e+01
3.386194229125976562e+01
3.395370483398437500e+01
3.395305633544921875e+01
3.372801589965820312e+01
3.362064361572265625e+01
3.356313323974609375e+01
3.344040679931640625e+01
3.362919616699218750e+01
3.381525421142578125e+01
3.392405700683593750e+01
3.398873519897460938e+01
3.364122390747070312e+01
3.310369110107421875e+01
3.333509063720703125e+01
3.361926269531250000e+01
3.359329223632812500e+01
3.361679458618164062e+01
3.401316070556640625e+01
3.440370941162109375e+01
3.408825302124023438e+01
3.415774536132812500e+01
3.414628601074218750e+01
3.392845535278320312e+01
3.393450927734375000e+01
3.382591247558593750e+01
3.371590423583984375e+01
3.371833801269531250e+01
3.361485290527343750e+01
3.359437179565429688e+01
3.378887557983398438e+01
3.407634353637695312e+01
3.428711700439453125e+01
3.418492507934570312e+01
3.372558593750000000e+01
3.376508331298828125e+01
3.389250183105468750e+01
3.385197448730468750e+01
3.365993881225585938e+01
3.342618560791015625e+01
3.328338241577148438e+01
3.311699676513671875e+01
3.340308761596679688e+01
3.350420761108398438e+01
3.356125640869140625e+01
3.366701507568359375e+01
3.386788177490234375e+01
3.397897338867187500e+01
3.400222396850585938e+01
3.389680099487304688e+01
3.363259887695312500e+01
3.354247283935546875e+01
3.354558944702148438e+01
3.361438369750976562e+01
3.383609008789062500e+01
3.387743759155273438e+01
3.383792495727539062e+01
3.387066268920898438e+01
3.402907562255859375e+01
3.396755218505859375e+01
3.386015701293945312e+01
3.362689208984375000e+01
3.338304138183593750e+01
3.358901596069335938e+01
3.390857315063476562e+01
3.395418548583984375e+01
3.388990402221679688e+01
3.398727416992187500e+01
3.399311828613281250e+01
