3.658157730102539062e+01
3.686624908447265625e+01
3.692861557006835938e+01
3.675724411010742188e+01
3.712351226806640625e+01
3.762983322143554688e+01
3.796409988403320312e+01
3.758518981933593750e+01
3.734678649902343750e+01
3.756427383422851562e+01
3.777249908447265625e+01
3.784881973266601562e+01
3.771254730224609375e+01
3.776571273803710938e+01
3.765084838867187500e+01
3.753598785400390625e+01
3.715028381347656250e+01
3.703174972534179688e+01
3.667168045043945312e+01
3.749842453002929688e+01
3.761727905273437500e+01
3.732330703735351562e+01
3.747658157348632812e+01
3.738543701171875000e+01
3.756993484497070312e+01
3.728850936889648438e+01
3.703343200683593750e+01
3.742304611206054688e+01
3.787182235717773438e+01
3.803807830810546875e+01
3.745240783691406250e+01
3.730887603759765625e+01
3.782994461059570312e+01
3.810205078125000000e+01
3.811329650878906250e+01
3.769174194335937500e+01
3.754776000976562500e+01
3.754400253295898438e+01
3.639648437500000000e+01
3.579386520385742188e+01
3.628549957275390625e+01
3.710120773315429688e+01
3.771109771728515625e+01
3.747990417480468750e+01
3.737730026245117188e+01
3.720725250244140625e+01
3.719494247436523438e+01
3.728161621093750000e+01
3.794446945190429688e+01
3.808307647705078125e+01
3.789373397827148438e+01
3.761875915527343750e+01
3.746291732788085938e+01
3.743545150756835938e+01
3.742948913574218750e+01
3.804677200317382812e+01
3.830075836181640625e+01
3.798403167724609375e+01
3.762854385375976562e+01
3.772558593750000000e+01
3.718412017822265625e+01
3.691327285766601562e+01
3.663847732543945312e+01
3.660540771484375000e+01
3.704035186767578125e+01
3.719409942626953125e+01
3.736331176757812500e+01
3.706460189819335938e+01
3.683023834228515625e+01
3.684406280517578125e+01
3.691168975830078125e+01
3.715858459472656250e+01
3.617654418945312500e+01
3.664832305908203125e+01
3.607403945922851562e+01
3.635090255737304688e+01
3.598637008666992188e+01
3.571737289428710938e+01
3.598157501220703125e+01
3.634072494506835938e+01
3.693009185791015625e+01
3.714968109130859375e+01
3.688137054443359375e+01
3.717438125610351562e+01
3.744081497192382812e+01
3.753701019287109375e+01
3.782159423828125000e+01
3.788276672363281250e+01
3.766293334960937500e+01
3.773992538452148438e+01
3.791535568237304688e+01
3.787578582763671875e+01
3.763784027099609375e+01
3.745906829833984375e+01
3.751109313964843750e+01
3.760299301147460938e+01
3.761209487915039062e+01
3.753014755249023438e+01
3.772369766235351562e+01
3.800970840454101562e+01
3.777924728393554688e+01
3.746647644042968750e+01
