3.530225753784179688e+01
3.528165435791015625e+01
3.458249664306640625e+01
3.486794281005859375e+01
3.476592636108398438e+01
3.372597122192382812e+01
3.384185028076171875e+01
3.491996383666992188e+01
3.563904571533203125e+01
3.500600051879882812e+01
3.430564880371093750e+01
3.406666183471679688e+01
3.472903442382812500e+01
3.531829833984375000e+01
3.584426116943359375e+01
3.610693359375000000e+01
3.500158309936523438e+01
3.474695587158203125e+01
3.465479660034179688e+01
3.401350784301757812e+01
3.373307037353515625e+01
3.488968658447265625e+01
3.491084289550781250e+01
3.429270172119140625e+01
3.397165679931640625e+01
3.402402496337890625e+01
3.420659255981445312e+01
3.477249526977539062e+01
3.508303070068359375e+01
3.479485321044921875e+01
3.468839645385742188e+01
3.482138061523437500e+01
3.473053741455078125e+01
3.496790313720703125e+01
3.475699615478515625e+01
3.443251800537109375e+01
3.415246963500976562e+01
3.397108840942382812e+01
3.411098861694335938e+01
3.453133773803710938e+01
3.522858810424804688e+01
3.481686401367187500e+01
3.463004302978515625e+01
3.510998916625976562e+01
3.489297485351562500e+01
3.476541519165039062e+01
3.467714691162109375e+01
3.522957229614257812e+01
3.492062377929687500e+01
3.411159133911132812e+01
3.388859176635742188e+01
3.380654907226562500e+01
3.379929351806640625e+01
3.439408493041992188e+01
3.501016616821289062e+01
3.601055526733398438e+01
3.646324920654296875e+01
3.630748748779296875e+01
3.586547470092773438e+01
3.506643295288085938e+01
3.467818069458007812e+01
3.493968582153320312e+01
3.518895339965820312e+01
3.526376342773437500e+01
3.520119476318359375e+01
3.484165954589843750e+01
3.463965225219726562e+01
3.459579467773437500e+01
3.466401290893554688e+01
3.479802703857421875e+01
3.482419967651367188e+01
3.499048614501953125e+01
3.499273300170898438e+01
3.493901062011718750e+01
3.514259338378906250e+01
3.558578109741210938e+01
3.578609466552734375e+01
3.657102966308593750e+01
3.682898712158203125e+01
3.675084686279296875e+01
3.644814300537109375e+01
3.621252822875976562e+01
3.595989608764648438e+01
3.513234710693359375e+01
3.522542190551757812e+01
3.549627304077148438e+01
3.560995483398437500e+01
3.550984954833984375e+01
3.610348510742187500e+01
3.620935821533203125e+01
3.599310302734375000e+01
3.566822433471679688e+01
3.537742614746093750e+01
3.521420669555664062e+01
3.542787933349609375e+01
3.567306900024414062e+01
3.636611938476562500e+01
3.639973068237304688e+01
3.635861968994140625e+01
3.639674377441406250e+01
3.626966476440429688e+01
3.612187194824218750e+01
3.462422943115234375e+01
3.386573028564453125e+01
