3.416042709350585938e+01
3.414351272583007812e+01
3.396197128295898438e+01
3.374433517456054688e+01
3.465412521362304688e+01
3.504217910766601562e+01
3.445109939575195312e+01
3.373392868041992188e+01
3.416748428344726562e+01
3.465590286254882812e+01
3.511859130859375000e+01
3.585871887207031250e+01
3.602155303955078125e+01
3.632927703857421875e+01
3.601567840576171875e+01
3.512131118774414062e+01
3.448994064331054688e+01
3.425413131713867188e+01
3.432208633422851562e+01
3.427718353271484375e+01
3.444618988037109375e+01
3.464085006713867188e+01
3.476110839843750000e+01
3.480446243286132812e+01
3.464446258544921875e+01
3.450150299072265625e+01
3.449319839477539062e+01
3.445476913452148438e+01
3.456658554077148438e+01
3.465233612060546875e+01
3.438786315917968750e+01
3.414947128295898438e+01
3.408773803710937500e+01
3.406542968750000000e+01
3.448112869262695312e+01
3.476829528808593750e+01
3.480489349365234375e+01
3.479013442993164062e+01
3.428944778442382812e+01
3.340889358520507812e+01
3.345412063598632812e+01
3.363311386108398438e+01
3.393624877929687500e+01
3.387429046630859375e+01
3.366608047485351562e+01
3.372617721557617188e+01
3.393778991699218750e+01
3.467530822753906250e+01
3.529083251953125000e+01
3.520026016235351562e+01
3.521450042724609375e+01
3.442987442016601562e+01
3.425016021728515625e+01
3.428134918212890625e+01
3.491790390014648438e+01
3.488720321655273438e+01
3.501759719848632812e+01
3.561679458618164062e+01
3.580965042114257812e+01
3.619154739379882812e+01
3.679292678833007812e+01
3.726366043090820312e+01
3.718088150024414062e+01
3.612979507446289062e+01
3.486969375610351562e+01
3.445587158203125000e+01
3.413649749755859375e+01
3.427770996093750000e+01
3.442879867553710938e+01
3.454949569702148438e+01
3.466890335083007812e+01
3.481257247924804688e+01
3.485734939575195312e+01
3.476023101806640625e+01
3.436356735229492188e+01
3.417398452758789062e+01
3.472810745239257812e+01
3.488818740844726562e+01
3.494701766967773438e+01
3.530153274536132812e+01
3.491484069824218750e+01
3.444896316528320312e+01
3.443283843994140625e+01
3.419544982910156250e+01
3.439952468872070312e+01
3.455402374267578125e+01
3.433112335205078125e+01
3.411197662353515625e+01
3.405884170532226562e+01
3.430086135864257812e+01
3.456149673461914062e+01
3.465819168090820312e+01
3.465474700927734375e+01
3.468037033081054688e+01
3.470583724975585938e+01
3.446803665161132812e+01
3.423736953735351562e+01
3.437706375122070312e+01
3.443469238281250000e+01
3.499475860595703125e+01
