3.407688140869140625e+01
3.371823501586914062e+01
3.396322250366210938e+01
3.416568374633789062e+01
3.403445053100585938e+01
3.364126205444335938e+01
3.323448181152343750e+01
3.304187774658203125e+01
3.261342620849609375e+01
3.242538833618164062e+01
3.266454696655273438e+01
3.309631729125976562e+01
3.337963485717773438e+01
3.347800445556640625e+01
3.335936355590820312e+01
3.344079589843750000e+01
3.384923934936523438e+01
3.428261184692382812e+01
3.403638839721679688e+01
3.375019836425781250e+01
3.350175857543945312e+01
3.345686340332031250e+01
3.359405517578125000e+01
3.430485534667968750e+01
3.525516128540039062e+01
3.574688720703125000e+01
3.496846389770507812e+01
3.406192779541015625e+01
3.342029190063476562e+01
3.301570129394531250e+01
3.290283203125000000e+01
3.284366989135742188e+01
3.276334762573242188e+01
3.261585998535156250e+01
3.260336685180664062e+01
3.269717407226562500e+01
3.319842910766601562e+01
3.344015884399414062e+01
3.355195236206054688e+01
3.344552612304687500e+01
3.340262603759765625e+01
3.356764602661132812e+01
3.327905273437500000e+01
3.314011001586914062e+01
3.297381973266601562e+01
3.296902084350585938e+01
3.305374526977539062e+01
3.308424758911132812e+01
3.339654159545898438e+01
3.331749725341796875e+01
3.298575973510742188e+01
3.280707168579101562e+01
3.282027435302734375e+01
3.276351165771484375e+01
3.258385467529296875e+01
3.233349609375000000e+01
3.218756103515625000e+01
3.229542541503906250e+01
3.252874755859375000e+01
3.300627899169921875e+01
3.301535415649414062e+01
3.305358505249023438e+01
3.315497970581054688e+01
3.320691299438476562e+01
3.307798767089843750e+01
3.271668243408203125e+01
3.278047561645507812e+01
3.328086853027343750e+01
3.354247283935546875e+01
3.365522003173828125e+01
3.353064727783203125e+01
3.359798812866210938e+01
3.379724502563476562e+01
3.359038162231445312e+01
3.336108016967773438e+01
3.326116943359375000e+01
3.303109359741210938e+01
3.292544555664062500e+01
3.301087188720703125e+01
3.312393188476562500e+01
3.315370941162109375e+01
3.328540802001953125e+01
3.316567993164062500e+01
3.278949356079101562e+01
3.283435058593750000e+01
3.324300003051757812e+01
3.361144256591796875e+01
3.373151397705078125e+01
3.360021209716796875e+01
3.364217376708984375e+01
3.387274169921875000e+01
3.388773345947265625e+01
3.360514831542968750e+01
3.327381896972656250e+01
3.346259689331054688e+01
3.397901153564453125e+01
3.343283462524414062e+01
3.267887496948242188e+01
3.250602340698242188e+01
3.260421371459960938e+01
3.284236526489257812e+01
