3.679252243041992188e+01
3.736684036254882812e+01
3.702277374267578125e+01
3.615499114990234375e+01
3.619141387939453125e+01
3.580085372924804688e+01
3.609144592285156250e+01
3.651220321655273438e+01
3.667817687988281250e+01
3.652376174926757812e+01
3.608195495605468750e+01
3.616425704956054688e+01
3.596681594848632812e+01
3.547517776489257812e+01
3.532867813110351562e+01
3.499222946166992188e+01
3.502392959594726562e+01
3.591621780395507812e+01
3.686890029907226562e+01
3.748706054687500000e+01
3.751509857177734375e+01
3.726489257812500000e+01
3.698492050170898438e+01
3.715968704223632812e+01
3.750006484985351562e+01
3.749694442749023438e+01
3.712934875488281250e+01
3.682622909545898438e+01
3.618587493896484375e+01
3.603110122680664062e+01
3.615153503417968750e+01
3.594180679321289062e+01
3.585943984985351562e+01
3.612638854980468750e+01
3.619609451293945312e+01
3.647604370117187500e+01
3.713581466674804688e+01
3.770503616333007812e+01
3.747845458984375000e+01
3.725844955444335938e+01
3.678181838989257812e+01
3.627909469604492188e+01
3.562639999389648438e+01
3.553665542602539062e+01
3.580167007446289062e+01
3.595727157592773438e+01
3.737451171875000000e+01
3.811552429199218750e+01
3.789843750000000000e+01
3.773101425170898438e+01
3.761420059204101562e+01
3.728617858886718750e+01
3.701193618774414062e+01
3.690361404418945312e+01
3.696944427490234375e+01
3.760246658325195312e+01
3.747603225708007812e+01
3.716741180419921875e+01
3.660348129272460938e+01
3.652284240722656250e+01
3.698092651367187500e+01
3.761496353149414062e+01
3.784885025024414062e+01
3.764899063110351562e+01
3.729052734375000000e+01
3.661836624145507812e+01
3.621586227416992188e+01
3.635795974731445312e+01
3.622154617309570312e+01
3.628808212280273438e+01
3.615293502807617188e+01
3.585407257080078125e+01
3.565285491943359375e+01
3.592239761352539062e+01
3.569972991943359375e+01
3.500624847412109375e+01
3.460597610473632812e+01
3.455659866333007812e+01
3.466353607177734375e+01
3.466364288330078125e+01
3.469664382934570312e+01
3.465237045288085938e+01
3.479555511474609375e+01
3.514645385742187500e+01
3.571008682250976562e+01
3.574841690063476562e+01
3.550831604003906250e+01
3.535001754760742188e+01
3.504327011108398438e+01
3.482406234741210938e+01
3.501969146728515625e+01
3.544208908081054688e+01
3.548377990722656250e+01
3.519947433471679688e+01
3.515681457519531250e+01
3.502753448486328125e+01
3.456980133056640625e+01
3.430257797241210938e+01
3.478528976440429688e+01
3.559589004516601562e+01
3.602423858642578125e+01
3.591150283813476562e+01
3.608833312988281250e+01
3.548340988159179688e+01
