3.613468933105468750e+01
3.521366500854492188e+01
3.583541107177734375e+01
3.622918319702148438e+01
3.667858505249023438e+01
3.722346496582031250e+01
3.738850402832031250e+01
3.706917572021484375e+01
3.586220932006835938e+01
3.465504455566406250e+01
3.415124511718750000e+01
3.451013946533203125e+01
3.414544296264648438e+01
3.392948150634765625e+01
3.380167388916015625e+01
3.362700653076171875e+01
3.445482254028320312e+01
3.603828811645507812e+01
3.616184997558593750e+01
3.623329162597656250e+01
3.667410659790039062e+01
3.716646575927734375e+01
3.645060729980468750e+01
3.649003982543945312e+01
3.639277267456054688e+01
3.562018585205078125e+01
3.523410415649414062e+01
3.528054809570312500e+01
3.521796417236328125e+01
3.672539901733398438e+01
3.695110321044921875e+01
3.671762084960937500e+01
3.662921142578125000e+01
3.695333862304687500e+01
3.688384246826171875e+01
3.711824798583984375e+01
3.677701187133789062e+01
3.545492935180664062e+01
3.498154830932617188e+01
3.450093841552734375e+01
3.457086563110351562e+01
3.536706924438476562e+01
3.546305465698242188e+01
3.572082901000976562e+01
3.560620117187500000e+01
3.548944091796875000e+01
3.530743408203125000e+01
3.523657989501953125e+01
3.532605361938476562e+01
3.550516891479492188e+01
3.560533142089843750e+01
3.602436828613281250e+01
3.647130584716796875e+01
3.677316284179687500e+01
3.679369735717773438e+01
3.658989334106445312e+01
3.630941772460937500e+01
3.649138641357421875e+01
3.647034072875976562e+01
3.613861846923828125e+01
3.565425491333007812e+01
3.511903381347656250e+01
3.528589630126953125e+01
3.534646224975585938e+01
3.516132354736328125e+01
3.510660171508789062e+01
3.523845291137695312e+01
3.540858459472656250e+01
3.553794860839843750e+01
3.499663925170898438e+01
3.496905136108398438e+01
3.511617660522460938e+01
3.505103302001953125e+01
3.518609619140625000e+01
3.519541931152343750e+01
3.459805297851562500e+01
3.411658859252929688e+01
3.423910522460937500e+01
3.436833953857421875e+01
3.419982910156250000e+01
3.417840957641601562e+01
3.437563323974609375e+01
3.429480743408203125e+01
3.414661407470703125e+01
3.440374755859375000e+01
3.431586837768554688e+01
3.454229736328125000e+01
3.460576629638671875e+01
3.419938278198242188e+01
3.447843170166015625e+01
3.496135711669921875e+01
3.532908630371093750e+01
3.571597671508789062e+01
3.589922332763671875e+01
3.535082626342773438e+01
3.523125457763671875e+01
3.526263046264648438e+01
3.546281814575195312e+01
3.563404846191406250e+01
3.553332519531250000e+01
3.704604339599609375e+01
3.707335662841796875e+01
3.692329025268554688e+01
3.682773208618164062e+01
3.772215270996093750e+01
