2.515638542175292969e+01
2.519879913330078125e+01
2.543919944763183594e+01
2.558592796325683594e+01
2.537977600097656250e+01
2.540311431884765625e+01
2.541625404357910156e+01
2.566723251342773438e+01
2.606270408630371094e+01
2.614623832702636719e+01
2.606783103942871094e+01
2.611637878417968750e+01
2.654191207885742188e+01
2.706484413146972656e+01
2.698900794982910156e+01
2.686326408386230469e+01
2.671114730834960938e+01
2.663949012756347656e+01
2.660578727722167969e+01
2.653591156005859375e+01
2.659139633178710938e+01
2.643880271911621094e+01
2.640187644958496094e+01
2.638266372680664062e+01
2.642585563659667969e+01
2.652271652221679688e+01
2.641979026794433594e+01
2.621714401245117188e+01
2.613712310791015625e+01
2.608214759826660156e+01
2.598140716552734375e+01
2.592427253723144531e+01
2.598686981201171875e+01
2.597670936584472656e+01
2.598879051208496094e+01
2.594879722595214844e+01
2.593633079528808594e+01
2.594064521789550781e+01
2.602327156066894531e+01
2.618092155456542969e+01
2.633809852600097656e+01
2.638845062255859375e+01
2.639880561828613281e+01
2.635615921020507812e+01
2.621924209594726562e+01
2.612807464599609375e+01
2.607535934448242188e+01
2.607048797607421875e+01
2.611320877075195312e+01
2.619618415832519531e+01
2.631432723999023438e+01
2.629557228088378906e+01
2.626500701904296875e+01
2.624910545349121094e+01
2.622683715820312500e+01
2.623070716857910156e+01
2.626018142700195312e+01
2.639189338684082031e+01
2.651679420471191406e+01
2.652741622924804688e+01
2.657305526733398438e+01
2.654245376586914062e+01
2.646129417419433594e+01
2.628691864013671875e+01
2.606545448303222656e+01
2.597737312316894531e+01
2.588313674926757812e+01
2.574569320678710938e+01
2.546359443664550781e+01
2.530043601989746094e+01
2.522213172912597656e+01
2.515367698669433594e+01
2.511487197875976562e+01
2.519050979614257812e+01
2.540003585815429688e+01
2.592636299133300781e+01
2.646956443786621094e+01
2.673970222473144531e+01
2.700304794311523438e+01
2.706474685668945312e+01
2.701757240295410156e+01
2.698854255676269531e+01
2.690859222412109375e+01
2.696061325073242188e+01
2.678094291687011719e+01
2.664856719970703125e+01
2.659933280944824219e+01
2.654810523986816406e+01
2.656212425231933594e+01
2.645071029663085938e+01
2.660269737243652344e+01
2.689322090148925781e+01
2.718982124328613281e+01
2.720071220397949219e+01
2.705807113647460938e+01
2.735891723632812500e+01
2.762836074829101562e+01
2.774690055847167969e+01
2.805710601806640625e+01
