2.676695632934570312e+01
2.655306816101074219e+01
2.674713134765625000e+01
2.729194068908691406e+01
2.727593994140625000e+01
2.730098915100097656e+01
2.720812416076660156e+01
2.698396873474121094e+01
2.705760002136230469e+01
2.685898971557617188e+01
2.694191169738769531e+01
2.690221023559570312e+01
2.676911354064941406e+01
2.687634277343750000e+01
2.703215026855468750e+01
2.731766891479492188e+01
2.768012619018554688e+01
2.756255912780761719e+01
2.756713867187500000e+01
2.757370567321777344e+01
2.761524200439453125e+01
2.775732994079589844e+01
2.775110054016113281e+01
2.761696434020996094e+01
2.763458824157714844e+01
2.751269149780273438e+01
2.743883514404296875e+01
2.734140396118164062e+01
2.726943397521972656e+01
2.738278961181640625e+01
2.760953330993652344e+01
2.781954193115234375e+01
2.788738632202148438e+01
2.785512924194335938e+01
2.784389686584472656e+01
2.774240684509277344e+01
2.779254722595214844e+01
2.792683219909667969e+01
2.798383331298828125e+01
2.803749847412109375e+01
2.818189048767089844e+01
2.822320175170898438e+01
2.832559585571289062e+01
2.835835266113281250e+01
2.828545379638671875e+01
2.822468948364257812e+01
2.823138236999511719e+01
2.821065521240234375e+01
2.817926979064941406e+01
2.801371955871582031e+01
2.796402931213378906e+01
2.793703079223632812e+01
2.788070678710937500e+01
2.788328361511230469e+01
2.786045646667480469e+01
2.778224182128906250e+01
2.771526145935058594e+01
2.773393630981445312e+01
2.779695510864257812e+01
2.778293991088867188e+01
2.767283058166503906e+01
2.765432167053222656e+01
2.756020545959472656e+01
2.759905242919921875e+01
2.764512062072753906e+01
2.763207054138183594e+01
2.762970542907714844e+01
2.764347839355468750e+01
2.762891769409179688e+01
2.773801994323730469e+01
2.793895912170410156e+01
2.806223106384277344e+01
2.813576316833496094e+01
2.803892326354980469e+01
2.816814231872558594e+01
2.834134101867675781e+01
2.853806495666503906e+01
2.885768699645996094e+01
2.916557884216308594e+01
2.931542587280273438e+01
2.919653129577636719e+01
2.877034378051757812e+01
2.861977195739746094e+01
2.842791938781738281e+01
2.826573753356933594e+01
2.848739433288574219e+01
2.840176391601562500e+01
2.837085533142089844e+01
2.824462318420410156e+01
2.822874641418457031e+01
2.869775962829589844e+01
2.910601615905761719e+01
2.915032196044921875e+01
2.909200096130371094e+01
2.900892257690429688e+01
2.889779090881347656e+01
2.981759262084960938e+01
3.014655113220214844e+01
2.943953514099121094e+01
2.863478088378906250e+01
