2.835400772094726562e+01
2.821879577636718750e+01
2.796264076232910156e+01
2.804870986938476562e+01
2.815681266784667969e+01
2.825224304199218750e+01
2.835218048095703125e+01
2.829573822021484375e+01
2.810972213745117188e+01
2.796765518188476562e+01
2.785389709472656250e+01
2.776579284667968750e+01
2.785467529296875000e+01
2.797183418273925781e+01
2.803495025634765625e+01
2.810096359252929688e+01
2.819593238830566406e+01
2.816442680358886719e+01
2.811321640014648438e+01
2.813990592956542969e+01
2.827956771850585938e+01
2.843972396850585938e+01
2.828246116638183594e+01
2.808905220031738281e+01
2.791497421264648438e+01
2.787026977539062500e+01
2.785266304016113281e+01
2.784759902954101562e+01
2.783246612548828125e+01
2.780661010742187500e+01
2.776885223388671875e+01
2.772435379028320312e+01
2.774663734436035156e+01
2.784350967407226562e+01
2.788938140869140625e+01
2.806129837036132812e+01
2.823288345336914062e+01
2.802200508117675781e+01
2.780263328552246094e+01
2.763070487976074219e+01
2.751339530944824219e+01
2.755548667907714844e+01
2.759929275512695312e+01
2.762726211547851562e+01
2.739832878112792969e+01
2.735066986083984375e+01
2.743697929382324219e+01
2.757918930053710938e+01
2.823851585388183594e+01
2.865279006958007812e+01
2.983632278442382812e+01
3.035430908203125000e+01
3.011118125915527344e+01
2.923144912719726562e+01
2.883868026733398438e+01
2.821441268920898438e+01
2.746080780029296875e+01
2.733940696716308594e+01
2.739130020141601562e+01
2.752506256103515625e+01
2.753820037841796875e+01
2.755817985534667969e+01
2.747147369384765625e+01
2.742018699645996094e+01
2.734058380126953125e+01
2.730979347229003906e+01
2.733959579467773438e+01
2.732308959960937500e+01
2.733947753906250000e+01
2.746116065979003906e+01
2.745575714111328125e+01
2.727576828002929688e+01
2.725935363769531250e+01
2.730019760131835938e+01
2.723937034606933594e+01
2.718013572692871094e+01
2.716759109497070312e+01
2.731677055358886719e+01
2.745771980285644531e+01
2.750616645812988281e+01
2.757694435119628906e+01
2.770278167724609375e+01
2.774370956420898438e+01
2.781383132934570312e+01
2.776137542724609375e+01
2.764798355102539062e+01
2.755153656005859375e+01
2.746981048583984375e+01
2.739496040344238281e+01
2.733995437622070312e+01
2.758379364013671875e+01
2.799462318420410156e+01
2.828303527832031250e+01
2.837584304809570312e+01
2.824167251586914062e+01
2.803841590881347656e+01
2.795912742614746094e+01
2.805696868896484375e+01
2.805231285095214844e+01
2.800197982788085938e+01
2.811040496826171875e+01
2.814110946655273438e+01
