3.852026367187500000e+01
3.868732452392578125e+01
3.865947341918945312e+01
3.835038375854492188e+01
3.816447067260742188e+01
3.808617019653320312e+01
3.813797760009765625e+01
3.831925201416015625e+01
3.825885009765625000e+01
3.828421783447265625e+01
3.820592498779296875e+01
3.824663925170898438e+01
3.837051391601562500e+01
3.851031875610351562e+01
3.857142257690429688e+01
3.849568176269531250e+01
3.842498779296875000e+01
3.839341735839843750e+01
3.849164962768554688e+01
3.849322891235351562e+01
3.831165313720703125e+01
3.813787841796875000e+01
3.831378173828125000e+01
3.846066284179687500e+01
3.832011795043945312e+01
3.838022994995117188e+01
3.832585525512695312e+01
3.839580154418945312e+01
3.831872940063476562e+01
3.824945068359375000e+01
3.825624465942382812e+01
3.816721343994140625e+01
3.807822418212890625e+01
3.827805328369140625e+01
3.839895629882812500e+01
3.839075851440429688e+01
3.830754470825195312e+01
3.831078720092773438e+01
3.828215408325195312e+01
3.823826217651367188e+01
3.811149978637695312e+01
3.806386947631835938e+01
3.807047653198242188e+01
3.808665466308593750e+01
3.810240554809570312e+01
3.810853195190429688e+01
3.813999557495117188e+01
3.819002151489257812e+01
3.818564605712890625e+01
3.808694076538085938e+01
3.824910354614257812e+01
3.824209213256835938e+01
3.823688507080078125e+01
3.830450057983398438e+01
3.847282028198242188e+01
3.862757110595703125e+01
3.880500411987304688e+01
3.885765075683593750e+01
3.888864517211914062e+01
3.885734939575195312e+01
3.884983062744140625e+01
3.870287704467773438e+01
3.871932983398437500e+01
3.866250610351562500e+01
3.865803527832031250e+01
3.875473785400390625e+01
3.880097579956054688e+01
3.883375930786132812e+01
3.887298202514648438e+01
3.894334793090820312e+01
3.886177825927734375e+01
3.873725509643554688e+01
3.859548568725585938e+01
3.853832626342773438e+01
3.847537231445312500e+01
3.840423965454101562e+01
3.833192443847656250e+01
3.836548995971679688e+01
3.833355712890625000e+01
3.833146667480468750e+01
3.842343139648437500e+01
3.828409957885742188e+01
3.797646713256835938e+01
3.797938919067382812e+01
3.825450134277343750e+01
3.829997253417968750e+01
3.805363464355468750e+01
3.794881057739257812e+01
3.798430633544921875e+01
3.803408050537109375e+01
3.783090972900390625e+01
3.777915573120117188e+01
3.804846572875976562e+01
3.830078125000000000e+01
3.840563964843750000e+01
3.858814239501953125e+01
3.856786727905273438e+01
3.855533599853515625e+01
3.840942001342773438e+01
3.818823623657226562e+01
3.816098785400390625e+01
