3.062663841247558594e+01
3.098188400268554688e+01
3.103676986694335938e+01
3.053730964660644531e+01
3.035607719421386719e+01
3.052304458618164062e+01
3.088426399230957031e+01
3.108149719238281250e+01
3.141236305236816406e+01
3.191642951965332031e+01
3.234104919433593750e+01
3.241558456420898438e+01
3.232736206054687500e+01
3.219780731201171875e+01
3.212083053588867188e+01
3.214619827270507812e+01
3.211326599121093750e+01
3.208757781982421875e+01
3.182377052307128906e+01
3.173087882995605469e+01
3.182855415344238281e+01
3.200090408325195312e+01
3.200019073486328125e+01
3.202138137817382812e+01
3.226272201538085938e+01
3.236291885375976562e+01
3.238930130004882812e+01
3.224102401733398438e+01
3.208433914184570312e+01
3.208885192871093750e+01
3.210078811645507812e+01
3.176137351989746094e+01
3.142609596252441406e+01
3.142885017395019531e+01
3.173100090026855469e+01
3.209373855590820312e+01
3.238989639282226562e+01
3.237642288208007812e+01
3.234904861450195312e+01
3.225197219848632812e+01
3.223258209228515625e+01
3.237668228149414062e+01
3.216171264648437500e+01
3.191016769409179688e+01
3.209932327270507812e+01
3.244483566284179688e+01
3.252049636840820312e+01
3.240939331054687500e+01
3.216468811035156250e+01
3.214271926879882812e+01
3.285776138305664062e+01
3.266242980957031250e+01
3.226068115234375000e+01
3.178144264221191406e+01
3.145788955688476562e+01
3.158784675598144531e+01
3.154427909851074219e+01
3.161931991577148438e+01
3.171441459655761719e+01
3.172409629821777344e+01
3.176431274414062500e+01
3.207698822021484375e+01
3.234806060791015625e+01
3.255570602416992188e+01
3.277452087402343750e+01
3.271538162231445312e+01
3.242739868164062500e+01
3.223269653320312500e+01
3.216843414306640625e+01
3.216941452026367188e+01
3.205174255371093750e+01
3.159339141845703125e+01
3.166439056396484375e+01
3.188009262084960938e+01
3.198522567749023438e+01
3.208525848388671875e+01
3.206951904296875000e+01
3.197768974304199219e+01
3.177151107788085938e+01
3.170918273925781250e+01
3.194755363464355469e+01
3.219031143188476562e+01
3.239882278442382812e+01
3.258230972290039062e+01
3.248632431030273438e+01
3.243052673339843750e+01
3.244935607910156250e+01
3.255234146118164062e+01
3.262428283691406250e+01
3.272143554687500000e+01
3.265217208862304688e+01
3.245509719848632812e+01
3.232930374145507812e+01
3.215043258666992188e+01
3.189730072021484375e+01
3.191253852844238281e+01
3.175705146789550781e+01
3.189365768432617188e+01
3.205669403076171875e+01
3.220066452026367188e+01
3.222039794921875000e+01
3.122188758850097656e+01
