3.365368652343750000e+01
3.390715408325195312e+01
3.412845230102539062e+01
3.424383926391601562e+01
3.440428924560546875e+01
3.446260833740234375e+01
3.464755249023437500e+01
3.479260253906250000e+01
3.453021621704101562e+01
3.404677581787109375e+01
3.463441848754882812e+01
3.515936660766601562e+01
3.476971054077148438e+01
3.433560180664062500e+01
3.391879272460937500e+01
3.347079849243164062e+01
3.299594116210937500e+01
3.278697204589843750e+01
3.320038986206054688e+01
3.315424728393554688e+01
3.299549865722656250e+01
3.274680328369140625e+01
3.224558258056640625e+01
3.173212623596191406e+01
3.114150619506835938e+01
3.049518966674804688e+01
3.088645172119140625e+01
3.177474975585937500e+01
3.215866088867187500e+01
3.203060150146484375e+01
3.202961730957031250e+01
3.225441741943359375e+01
3.214876556396484375e+01
3.169512557983398438e+01
3.147118759155273438e+01
3.151091003417968750e+01
3.172536277770996094e+01
3.185514831542968750e+01
3.200238037109375000e+01
3.226136779785156250e+01
3.301860427856445312e+01
3.371667098999023438e+01
3.395560455322265625e+01
3.409915542602539062e+01
3.366061782836914062e+01
3.344076919555664062e+01
3.323285293579101562e+01
3.327859115600585938e+01
3.354039001464843750e+01
3.373006439208984375e+01
3.370301437377929688e+01
3.362156677246093750e+01
3.353316116333007812e+01
3.331687545776367188e+01
3.301538848876953125e+01
3.265392303466796875e+01
3.207146835327148438e+01
3.152435874938964844e+01
3.162524795532226562e+01
3.182970619201660156e+01
3.201897048950195312e+01
3.215349960327148438e+01
3.228062820434570312e+01
3.227685546875000000e+01
3.235431289672851562e+01
3.250548171997070312e+01
3.252997970581054688e+01
3.248649597167968750e+01
3.272979736328125000e+01
3.268369674682617188e+01
3.257596969604492188e+01
3.260012054443359375e+01
3.271802902221679688e+01
3.299555587768554688e+01
3.295108795166015625e+01
3.286258316040039062e+01
3.284225463867187500e+01
3.273746871948242188e+01
3.254266738891601562e+01
3.219682693481445312e+01
3.209555816650390625e+01
3.205711746215820312e+01
3.208152008056640625e+01
3.215560150146484375e+01
3.231829833984375000e+01
3.250361251831054688e+01
3.270892715454101562e+01
3.282457351684570312e+01
3.293294525146484375e+01
3.288434982299804688e+01
3.272153472900390625e+01
3.316923904418945312e+01
3.344879531860351562e+01
3.342556381225585938e+01
3.307300567626953125e+01
3.308576583862304688e+01
3.331373214721679688e+01
3.353818893432617188e+01
3.317234420776367188e+01
3.292137527465820312e+01
