3.225931930541992188e+01
3.230299377441406250e+01
3.224687194824218750e+01
3.215240478515625000e+01
3.199095535278320312e+01
3.142792129516601562e+01
3.126902770996093750e+01
3.131288146972656250e+01
3.122366142272949219e+01
3.137195014953613281e+01
3.131081390380859375e+01
3.127363204956054688e+01
3.133975982666015625e+01
3.150624656677246094e+01
3.174389648437500000e+01
3.203471755981445312e+01
3.244691467285156250e+01
3.279946136474609375e+01
3.282597351074218750e+01
3.223239898681640625e+01
3.168553352355957031e+01
3.148449516296386719e+01
3.156816101074218750e+01
3.154708099365234375e+01
3.151999282836914062e+01
3.135056495666503906e+01
3.120972251892089844e+01
3.123559570312500000e+01
3.111056709289550781e+01
3.088936805725097656e+01
3.100126838684082031e+01
3.102674484252929688e+01
3.097699737548828125e+01
3.086991500854492188e+01
3.077632331848144531e+01
3.052361488342285156e+01
3.037035560607910156e+01
3.063925170898437500e+01
3.067482948303222656e+01
3.094052886962890625e+01
3.095355033874511719e+01
3.056291580200195312e+01
3.028150367736816406e+01
3.011385536193847656e+01
2.985966873168945312e+01
2.998242187500000000e+01
3.023428726196289062e+01
3.062232589721679688e+01
3.076934814453125000e+01
3.087256622314453125e+01
3.109472656250000000e+01
3.150376701354980469e+01
3.175617599487304688e+01
3.153851890563964844e+01
3.124897193908691406e+01
3.094106483459472656e+01
3.107538795471191406e+01
3.185127830505371094e+01
3.209534072875976562e+01
3.184666824340820312e+01
3.133161735534667969e+01
3.139602851867675781e+01
3.110664176940917969e+01
3.101688575744628906e+01
3.097531509399414062e+01
3.077340698242187500e+01
3.072437858581542969e+01
3.131284904479980469e+01
3.197057914733886719e+01
3.213371658325195312e+01
3.210462951660156250e+01
3.229187774658203125e+01
3.244551086425781250e+01
3.251280212402343750e+01
3.246419143676757812e+01
3.241827774047851562e+01
3.230925750732421875e+01
3.228984832763671875e+01
3.204485321044921875e+01
3.179394340515136719e+01
3.153191947937011719e+01
3.157500839233398438e+01
3.163955497741699219e+01
3.181667900085449219e+01
3.207825851440429688e+01
3.213536071777343750e+01
3.210493850708007812e+01
3.191496467590332031e+01
3.199607658386230469e+01
3.221176910400390625e+01
3.210332870483398438e+01
3.215747070312500000e+01
3.227613449096679688e+01
3.239833068847656250e+01
3.237895965576171875e+01
3.232171249389648438e+01
3.236417388916015625e+01
3.245649337768554688e+01
3.253445434570312500e+01
3.385792922973632812e+01
