2.128293228149414062e+01
2.148722457885742188e+01
2.222835350036621094e+01
2.247364616394042969e+01
2.275917434692382812e+01
2.258984947204589844e+01
2.238187026977539062e+01
2.237951469421386719e+01
2.230592536926269531e+01
2.245634841918945312e+01
2.253393554687500000e+01
2.254630088806152344e+01
2.274852943420410156e+01
2.263393592834472656e+01
2.267474365234375000e+01
2.278875541687011719e+01
2.291686820983886719e+01
2.340481185913085938e+01
2.361441040039062500e+01
2.367521667480468750e+01
2.370418739318847656e+01
2.332565498352050781e+01
2.321279716491699219e+01
2.330431175231933594e+01
2.326294708251953125e+01
2.331171226501464844e+01
2.340602493286132812e+01
2.353222656250000000e+01
2.354083824157714844e+01
2.344878768920898438e+01
2.336510848999023438e+01
2.333557319641113281e+01
2.355136871337890625e+01
2.336549758911132812e+01
2.315799903869628906e+01
2.294210052490234375e+01
2.301383399963378906e+01
2.288127899169921875e+01
2.282710647583007812e+01
2.252314949035644531e+01
2.240410614013671875e+01
2.231354713439941406e+01
2.212798881530761719e+01
2.213838768005371094e+01
2.227875137329101562e+01
2.267868423461914062e+01
2.312708473205566406e+01
2.354812431335449219e+01
2.375978279113769531e+01
2.387184143066406250e+01
2.380140304565429688e+01
2.377657890319824219e+01
2.373766708374023438e+01
2.339002037048339844e+01
2.313637924194335938e+01
2.254891395568847656e+01
2.221314811706542969e+01
2.211542892456054688e+01
2.221486282348632812e+01
2.244219589233398438e+01
2.248064613342285156e+01
2.245461845397949219e+01
2.231275367736816406e+01
2.216576385498046875e+01
2.214556503295898438e+01
2.224341201782226562e+01
2.231536293029785156e+01
2.254273796081542969e+01
2.230290794372558594e+01
2.206165504455566406e+01
2.202076530456542969e+01
2.207879257202148438e+01
2.223374366760253906e+01
2.233223152160644531e+01
2.254642868041992188e+01
2.276087760925292969e+01
2.283818435668945312e+01
2.285421752929687500e+01
2.265625381469726562e+01
2.239824104309082031e+01
2.230940437316894531e+01
2.213385581970214844e+01
2.242518424987792969e+01
2.292313194274902344e+01
2.304130554199218750e+01
2.338577461242675781e+01
2.335412025451660156e+01
2.322610092163085938e+01
2.381808662414550781e+01
2.363993453979492188e+01
2.344149017333984375e+01
2.299304771423339844e+01
2.254012680053710938e+01
2.242319107055664062e+01
2.214643478393554688e+01
2.167922973632812500e+01
2.169742393493652344e+01
2.218120956420898438e+01
2.290212631225585938e+01
