2.781668090820312500e+01
3.023884201049804688e+01
3.266407394409179688e+01
3.186520576477050781e+01
3.163472366333007812e+01
3.144356727600097656e+01
3.104097175598144531e+01
3.164600181579589844e+01
3.330556106567382812e+01
3.469928741455078125e+01
3.472783279418945312e+01
3.403505325317382812e+01
3.344998550415039062e+01
3.335692596435546875e+01
3.304772186279296875e+01
3.307082748413085938e+01
3.355380249023437500e+01
3.373481750488281250e+01
3.400072097778320312e+01
3.510731124877929688e+01
3.544095611572265625e+01
3.603428649902343750e+01
3.622485351562500000e+01
3.598143386840820312e+01
3.601929092407226562e+01
3.591754150390625000e+01
3.573514175415039062e+01
3.519905853271484375e+01
3.459673690795898438e+01
3.384191131591796875e+01
3.414055633544921875e+01
3.371378326416015625e+01
3.317332077026367188e+01
3.302243423461914062e+01
3.331572341918945312e+01
3.357722854614257812e+01
3.384202575683593750e+01
3.333012771606445312e+01
3.324528884887695312e+01
3.400638580322265625e+01
3.494191360473632812e+01
3.455889511108398438e+01
3.377378082275390625e+01
3.329923629760742188e+01
3.311423110961914062e+01
3.333974075317382812e+01
3.391641235351562500e+01
3.454542922973632812e+01
3.449670028686523438e+01
3.465363311767578125e+01
3.501094818115234375e+01
3.458069229125976562e+01
3.337439727783203125e+01
3.307037734985351562e+01
3.287630462646484375e+01
3.297739791870117188e+01
3.316044616699218750e+01
3.362487030029296875e+01
3.537228393554687500e+01
3.554191970825195312e+01
3.388130950927734375e+01
3.361313247680664062e+01
3.373152542114257812e+01
3.333570480346679688e+01
3.278036880493164062e+01
3.259351348876953125e+01
3.255978775024414062e+01
3.293804931640625000e+01
3.442156600952148438e+01
3.505311965942382812e+01
3.436322784423828125e+01
3.292082595825195312e+01
3.206361770629882812e+01
3.194455528259277344e+01
3.205662536621093750e+01
3.197076797485351562e+01
3.207830810546875000e+01
3.216493606567382812e+01
3.219135284423828125e+01
3.243577575683593750e+01
3.260802841186523438e+01
3.244985198974609375e+01
3.250497055053710938e+01
3.262527084350585938e+01
3.290671539306640625e+01
3.316637802124023438e+01
3.319153976440429688e+01
3.333206939697265625e+01
3.361615753173828125e+01
3.366333007812500000e+01
3.312564086914062500e+01
3.291410827636718750e+01
3.309865188598632812e+01
3.406695175170898438e+01
3.513386535644531250e+01
3.507118606567382812e+01
3.444754028320312500e+01
3.405547714233398438e+01
3.426410293579101562e+01
3.450737380981445312e+01
3.467105484008789062e+01
3.565374755859375000e+01
3.438771820068359375e+01
3.358576583862304688e+01
