3.066087913513183594e+01
2.965774345397949219e+01
2.877804565429687500e+01
2.899674415588378906e+01
2.921049118041992188e+01
2.892452812194824219e+01
2.847348785400390625e+01
2.805349922180175781e+01
2.788389205932617188e+01
2.761814498901367188e+01
2.751071166992187500e+01
2.755630493164062500e+01
2.759702873229980469e+01
2.753210067749023438e+01
2.729911231994628906e+01
2.709198951721191406e+01
2.712451744079589844e+01
2.743320846557617188e+01
2.783007621765136719e+01
2.874441909790039062e+01
2.983782768249511719e+01
3.012474632263183594e+01
3.047900772094726562e+01
2.998827934265136719e+01
2.921605300903320312e+01
2.904268264770507812e+01
2.980885314941406250e+01
3.008885574340820312e+01
2.995166397094726562e+01
2.950509452819824219e+01
2.854817199707031250e+01
2.837739562988281250e+01
2.833763694763183594e+01
2.830391693115234375e+01
2.851525878906250000e+01
2.890382575988769531e+01
2.906720161437988281e+01
2.965569496154785156e+01
3.042796707153320312e+01
3.044307136535644531e+01
3.053549194335937500e+01
3.045755195617675781e+01
3.008755111694335938e+01
2.944294166564941406e+01
2.958789062500000000e+01
2.954179573059082031e+01
2.996224212646484375e+01
3.020662498474121094e+01
3.033423042297363281e+01
3.036000061035156250e+01
3.046269226074218750e+01
3.067536544799804688e+01
3.099934196472167969e+01
3.101215934753417969e+01
3.098402786254882812e+01
3.096405601501464844e+01
3.100323677062988281e+01
3.094495773315429688e+01
3.088607406616210938e+01
3.090902519226074219e+01
3.084735679626464844e+01
3.054852676391601562e+01
3.013105773925781250e+01
3.029073524475097656e+01
3.110390663146972656e+01
3.139965248107910156e+01
3.167985534667968750e+01
3.177679824829101562e+01
3.119174957275390625e+01
2.999506378173828125e+01
2.957969474792480469e+01
2.944928932189941406e+01
2.934852409362792969e+01
2.945166397094726562e+01
2.975177955627441406e+01
3.039786911010742188e+01
3.090065002441406250e+01
3.179691886901855469e+01
3.200472259521484375e+01
3.191603279113769531e+01
3.132717514038085938e+01
3.143394088745117188e+01
3.210409927368164062e+01
3.195269584655761719e+01
3.175907897949218750e+01
3.161970710754394531e+01
3.132788085937500000e+01
3.042755126953125000e+01
2.928101730346679688e+01
2.884319305419921875e+01
2.881435966491699219e+01
2.882814216613769531e+01
2.869908142089843750e+01
2.843998718261718750e+01
2.833061981201171875e+01
2.815240859985351562e+01
2.792875289916992188e+01
2.806425857543945312e+01
2.822308731079101562e+01
2.867861747741699219e+01
2.885379409790039062e+01
2.889686965942382812e+01
2.911755180358886719e+01
3.033562850952148438e+01
3.152069664001464844e+01
3.193384170532226562e+01
3.202279281616210938e+01
