3.621912765502929688e+01
3.601583480834960938e+01
3.503812026977539062e+01
3.498247528076171875e+01
3.596842193603515625e+01
3.664845275878906250e+01
3.647702789306640625e+01
3.631227874755859375e+01
3.630928039550781250e+01
3.650508880615234375e+01
3.657103347778320312e+01
3.627364349365234375e+01
3.561611557006835938e+01
3.566467666625976562e+01
3.594179916381835938e+01
3.551939392089843750e+01
3.615447616577148438e+01
3.643194961547851562e+01
3.683754730224609375e+01
3.701743698120117188e+01
3.705451202392578125e+01
3.715554046630859375e+01
3.725281906127929688e+01
3.736086273193359375e+01
3.731013107299804688e+01
3.706490707397460938e+01
3.698820495605468750e+01
3.755070114135742188e+01
3.701189041137695312e+01
3.662250137329101562e+01
3.742715072631835938e+01
3.769203948974609375e+01
3.772775650024414062e+01
3.747662353515625000e+01
3.731636428833007812e+01
3.718868637084960938e+01
3.699054718017578125e+01
3.711642456054687500e+01
3.701106643676757812e+01
3.685660552978515625e+01
3.666801452636718750e+01
3.656497573852539062e+01
3.663621902465820312e+01
3.678387832641601562e+01
3.689769363403320312e+01
3.699586868286132812e+01
3.718015670776367188e+01
3.716082000732421875e+01
3.711604690551757812e+01
3.704762268066406250e+01
3.705416870117187500e+01
3.703966522216796875e+01
3.697443771362304688e+01
3.694639587402343750e+01
3.571385574340820312e+01
3.573374176025390625e+01
3.592282485961914062e+01
3.614326858520507812e+01
3.604588317871093750e+01
3.529712295532226562e+01
3.464614105224609375e+01
3.434152221679687500e+01
3.458855438232421875e+01
3.521610260009765625e+01
3.574304199218750000e+01
3.511006927490234375e+01
3.524696350097656250e+01
3.613364791870117188e+01
3.606163406372070312e+01
3.674884033203125000e+01
3.668366241455078125e+01
3.662438964843750000e+01
3.598662948608398438e+01
3.521043777465820312e+01
3.497803497314453125e+01
3.515303421020507812e+01
3.569150161743164062e+01
3.599201202392578125e+01
3.695146560668945312e+01
3.753398132324218750e+01
3.769713592529296875e+01
3.765645599365234375e+01
3.793409729003906250e+01
3.783298873901367188e+01
3.735878372192382812e+01
3.732550811767578125e+01
3.730028915405273438e+01
3.710300827026367188e+01
3.694175338745117188e+01
3.633005905151367188e+01
3.538242721557617188e+01
3.513012313842773438e+01
3.439746093750000000e+01
3.499794769287109375e+01
3.737281799316406250e+01
