3.276502227783203125e+01
3.323897171020507812e+01
3.404723358154296875e+01
3.457546234130859375e+01
3.428925704956054688e+01
3.368341827392578125e+01
3.363632965087890625e+01
3.441287612915039062e+01
3.450576400756835938e+01
3.459138870239257812e+01
3.500290298461914062e+01
3.591567230224609375e+01
3.531840133666992188e+01
3.535281753540039062e+01
3.513372039794921875e+01
3.513111114501953125e+01
3.535305023193359375e+01
3.646324920654296875e+01
3.630911636352539062e+01
3.590432739257812500e+01
3.595263290405273438e+01
3.569422531127929688e+01
3.552186584472656250e+01
3.598189926147460938e+01
3.684471511840820312e+01
3.648918151855468750e+01
3.535680770874023438e+01
3.523144912719726562e+01
3.556039428710937500e+01
3.595954132080078125e+01
3.592667770385742188e+01
3.554181289672851562e+01
3.532437133789062500e+01
3.495433044433593750e+01
3.474464797973632812e+01
3.484510421752929688e+01
3.534149169921875000e+01
3.581020736694335938e+01
3.632959747314453125e+01
3.666963958740234375e+01
3.654233169555664062e+01
3.681397628784179688e+01
3.677029037475585938e+01
3.681711578369140625e+01
3.702932357788085938e+01
3.719849014282226562e+01
3.697808456420898438e+01
3.662643814086914062e+01
3.666918563842773438e+01
3.698035812377929688e+01
3.728324508666992188e+01
3.722729492187500000e+01
3.693746185302734375e+01
3.673875045776367188e+01
3.688652420043945312e+01
3.699472045898437500e+01
3.714821243286132812e+01
3.727802276611328125e+01
3.726856231689453125e+01
3.712257766723632812e+01
3.707024765014648438e+01
3.709192657470703125e+01
3.696458816528320312e+01
3.681215286254882812e+01
3.663158798217773438e+01
3.649402236938476562e+01
3.667679214477539062e+01
3.665988159179687500e+01
3.647357940673828125e+01
3.655234909057617188e+01
3.683486938476562500e+01
3.709150314331054688e+01
3.715460968017578125e+01
3.717100906372070312e+01
3.707451248168945312e+01
3.706895065307617188e+01
3.685897827148437500e+01
3.664305877685546875e+01
3.660453796386718750e+01
3.660972213745117188e+01
3.686837005615234375e+01
3.714688491821289062e+01
3.716703414916992188e+01
3.739628982543945312e+01
3.751678848266601562e+01
3.724420547485351562e+01
3.709885787963867188e+01
3.694082260131835938e+01
3.654774475097656250e+01
3.661858749389648438e+01
3.680260467529296875e+01
3.684889221191406250e+01
3.692145919799804688e+01
3.721184539794921875e+01
3.754054260253906250e+01
3.741184234619140625e+01
3.731761550903320312e+01
3.737125778198242188e+01
3.724559020996093750e+01
3.718027877807617188e+01
3.690486526489257812e+01
3.632529830932617188e+01
3.528314208984375000e+01
3.560257339477539062e+01
3.576115798950195312e+01
