2.852879524230957031e+01
2.910424423217773438e+01
2.948182106018066406e+01
2.979616546630859375e+01
3.011401176452636719e+01
3.007621192932128906e+01
2.934111213684082031e+01
2.840155601501464844e+01
2.831866836547851562e+01
2.828646659851074219e+01
2.806859397888183594e+01
2.813325881958007812e+01
2.821345901489257812e+01
2.790015411376953125e+01
2.746441841125488281e+01
2.707286262512207031e+01
2.705051422119140625e+01
2.721365737915039062e+01
2.753130912780761719e+01
2.797689628601074219e+01
2.831859779357910156e+01
2.847632789611816406e+01
2.854141044616699219e+01
2.853362083435058594e+01
2.851905441284179688e+01
2.850745201110839844e+01
2.838035202026367188e+01
2.832146835327148438e+01
2.833940124511718750e+01
2.831551551818847656e+01
2.825255393981933594e+01
2.822375106811523438e+01
2.829551506042480469e+01
2.837806510925292969e+01
2.845721244812011719e+01
2.842738914489746094e+01
2.834451675415039062e+01
2.826961135864257812e+01
2.823458862304687500e+01
2.822201919555664062e+01
2.825385475158691406e+01
2.836098670959472656e+01
2.854810905456542969e+01
2.879756736755371094e+01
2.888868522644042969e+01
2.886430549621582031e+01
2.885262107849121094e+01
2.891760253906250000e+01
2.898127937316894531e+01
2.895813369750976562e+01
2.883568763732910156e+01
2.863723945617675781e+01
2.848456954956054688e+01
2.839048004150390625e+01
2.839627075195312500e+01
2.838625526428222656e+01
2.841500854492187500e+01
2.848766708374023438e+01
2.845373535156250000e+01
2.829635620117187500e+01
2.816731643676757812e+01
2.822967338562011719e+01
2.839221763610839844e+01
2.865230369567871094e+01
2.904755210876464844e+01
2.936684226989746094e+01
2.955930900573730469e+01
2.961469078063964844e+01
2.944077873229980469e+01
2.922813034057617188e+01
2.912080383300781250e+01
2.915077781677246094e+01
2.913088035583496094e+01
2.915864944458007812e+01
2.914212989807128906e+01
2.905697250366210938e+01
2.887746429443359375e+01
2.858516311645507812e+01
2.805491638183593750e+01
2.770873451232910156e+01
2.752297019958496094e+01
2.755044746398925781e+01
2.765299415588378906e+01
2.772032737731933594e+01
2.806369590759277344e+01
2.830722236633300781e+01
2.816334152221679688e+01
2.814006423950195312e+01
