3.575909042358398438e+01
3.599271392822265625e+01
3.625355529785156250e+01
3.653180694580078125e+01
3.674545669555664062e+01
3.682433319091796875e+01
3.715010452270507812e+01
3.724386215209960938e+01
3.733661270141601562e+01
3.705772018432617188e+01
3.673427963256835938e+01
3.656297683715820312e+01
3.593576431274414062e+01
3.623140716552734375e+01
3.644635009765625000e+01
3.701047897338867188e+01
3.728098297119140625e+01
3.752035522460937500e+01
3.754513549804687500e+01
3.749970626831054688e+01
3.759579849243164062e+01
3.776795196533203125e+01
3.785676193237304688e+01
3.789089965820312500e+01
3.797456359863281250e+01
3.798923110961914062e+01
3.793017959594726562e+01
3.796273803710937500e+01
3.803761291503906250e+01
3.808788681030273438e+01
3.798422241210937500e+01
3.776882171630859375e+01
3.764815521240234375e+01
3.767085647583007812e+01
3.784075546264648438e+01
3.774047851562500000e+01
3.743540191650390625e+01
3.595132827758789062e+01
3.540525054931640625e+01
3.575097656250000000e+01
3.663539123535156250e+01
3.695302200317382812e+01
3.708893203735351562e+01
3.732495117187500000e+01
3.706241989135742188e+01
3.692113876342773438e+01
3.689168548583984375e+01
3.534228134155273438e+01
3.462787246704101562e+01
3.440204620361328125e+01
3.475290679931640625e+01
3.522322463989257812e+01
3.554248809814453125e+01
3.625925827026367188e+01
3.642509078979492188e+01
3.633370590209960938e+01
3.563737106323242188e+01
3.643175506591796875e+01
3.733443450927734375e+01
3.776143264770507812e+01
3.803753280639648438e+01
3.760403442382812500e+01
3.703921890258789062e+01
3.685676193237304688e+01
3.708049774169921875e+01
3.796078109741210938e+01
3.808929061889648438e+01
3.813771820068359375e+01
3.804084396362304688e+01
3.792774963378906250e+01
3.809880447387695312e+01
3.823954010009765625e+01
3.826756668090820312e+01
3.814921951293945312e+01
3.804700851440429688e+01
3.795671463012695312e+01
3.792844772338867188e+01
3.779042816162109375e+01
3.775096511840820312e+01
3.765185546875000000e+01
3.753077316284179688e+01
3.719395828247070312e+01
3.683931350708007812e+01
3.694463348388671875e+01
3.703329849243164062e+01
3.698047637939453125e+01
3.674601745605468750e+01
3.687429428100585938e+01
3.707083511352539062e+01
3.730311203002929688e+01
3.738513183593750000e+01
3.756565093994140625e+01
3.790008163452148438e+01
3.820997619628906250e+01
3.836897659301757812e+01
3.847440719604492188e+01
3.845456695556640625e+01
3.853594207763671875e+01
3.849158096313476562e+01
3.811324691772460938e+01
3.794647598266601562e+01
3.736920547485351562e+01
3.688258361816406250e+01
3.592383575439453125e+01
3.501402282714843750e+01
3.427760314941406250e+01
