3.179106140136718750e+01
3.036306762695312500e+01
3.011221313476562500e+01
2.997717285156250000e+01
2.999687957763671875e+01
3.014839172363281250e+01
3.030316925048828125e+01
3.039763641357421875e+01
3.026934242248535156e+01
3.018354797363281250e+01
3.040440368652343750e+01
3.199758911132812500e+01
3.213911819458007812e+01
3.213628387451171875e+01
3.230572891235351562e+01
3.241376876831054688e+01
3.226065826416015625e+01
3.181779289245605469e+01
3.175632858276367188e+01
3.174324417114257812e+01
3.160121917724609375e+01
3.180861091613769531e+01
3.190853118896484375e+01
3.185636901855468750e+01
3.155719184875488281e+01
3.132588005065917969e+01
3.114946556091308594e+01
3.106585693359375000e+01
3.115430641174316406e+01
3.120636940002441406e+01
3.113639450073242188e+01
3.102634048461914062e+01
3.108697509765625000e+01
3.123100280761718750e+01
3.171279525756835938e+01
3.218645095825195312e+01
3.243770217895507812e+01
3.256012344360351562e+01
3.242753601074218750e+01
3.211874389648437500e+01
3.187546920776367188e+01
3.191372299194335938e+01
3.204250335693359375e+01
3.194290542602539062e+01
3.183469200134277344e+01
3.166578102111816406e+01
3.139407348632812500e+01
3.125404357910156250e+01
3.115416336059570312e+01
3.113577270507812500e+01
3.105337524414062500e+01
3.106002426147460938e+01
3.111116409301757812e+01
3.124427986145019531e+01
3.147504615783691406e+01
3.168931579589843750e+01
3.164238548278808594e+01
3.142054939270019531e+01
3.135845184326171875e+01
3.141100120544433594e+01
3.155430412292480469e+01
3.167353439331054688e+01
3.171816825866699219e+01
3.174023628234863281e+01
3.181725692749023438e+01
3.178531265258789062e+01
3.187896347045898438e+01
3.208777236938476562e+01
3.207769012451171875e+01
3.175599288940429688e+01
3.150717735290527344e+01
3.142339706420898438e+01
3.142402458190917969e+01
3.143015289306640625e+01
3.138421058654785156e+01
3.164005279541015625e+01
3.174787330627441406e+01
3.157565307617187500e+01
3.157537651062011719e+01
3.166421890258789062e+01
3.132373237609863281e+01
3.117575263977050781e+01
3.121647453308105469e+01
3.132366943359375000e+01
3.143887138366699219e+01
3.148862838745117188e+01
3.139642906188964844e+01
3.113579368591308594e+01
3.034719657897949219e+01
2.979147720336914062e+01
3.011386299133300781e+01
3.019425010681152344e+01
2.991384124755859375e+01
2.976467704772949219e+01
2.992950820922851562e+01
2.938413047790527344e+01
2.883770751953125000e+01
