3.660911560058593750e+01
3.625142669677734375e+01
3.517647171020507812e+01
3.445427703857421875e+01
3.429320526123046875e+01
3.323169708251953125e+01
3.321739196777343750e+01
3.376021957397460938e+01
3.584149932861328125e+01
3.652988433837890625e+01
3.642800903320312500e+01
3.622100448608398438e+01
3.531192779541015625e+01
3.444902038574218750e+01
3.409437942504882812e+01
3.371179199218750000e+01
3.338037109375000000e+01
3.416802597045898438e+01
3.534096145629882812e+01
3.577124786376953125e+01
3.573488235473632812e+01
3.593637084960937500e+01
3.547949218750000000e+01
3.521380233764648438e+01
3.510326004028320312e+01
3.481742477416992188e+01
3.528042221069335938e+01
3.611679458618164062e+01
3.598804473876953125e+01
3.566829681396484375e+01
3.573258590698242188e+01
3.571533203125000000e+01
3.562261581420898438e+01
3.602719116210937500e+01
3.612720108032226562e+01
3.594515991210937500e+01
3.613933181762695312e+01
3.628668594360351562e+01
3.650663757324218750e+01
3.654528808593750000e+01
3.666434860229492188e+01
3.659400939941406250e+01
3.669793319702148438e+01
3.651822662353515625e+01
3.616802597045898438e+01
3.602087402343750000e+01
3.619974517822265625e+01
3.602678298950195312e+01
3.601931762695312500e+01
3.617991256713867188e+01
3.630606079101562500e+01
3.618922424316406250e+01
3.549911117553710938e+01
3.495231246948242188e+01
3.469076156616210938e+01
3.435610580444335938e+01
3.441775131225585938e+01
3.485087966918945312e+01
3.516121292114257812e+01
3.540926361083984375e+01
3.538948440551757812e+01
3.508243560791015625e+01
3.492309951782226562e+01
3.478284454345703125e+01
3.461066436767578125e+01
3.456509017944335938e+01
3.475151824951171875e+01
3.494406890869140625e+01
3.543248367309570312e+01
3.540940475463867188e+01
3.549753189086914062e+01
3.548810958862304688e+01
3.581803512573242188e+01
3.568147659301757812e+01
3.560435485839843750e+01
3.589193725585937500e+01
3.621804428100585938e+01
3.620771789550781250e+01
3.594852447509765625e+01
3.578887557983398438e+01
3.566283035278320312e+01
3.573630905151367188e+01
3.571360397338867188e+01
3.564700317382812500e+01
3.545147323608398438e+01
3.551792526245117188e+01
3.551919174194335938e+01
3.518510437011718750e+01
3.500004577636718750e+01
3.476984786987304688e+01
3.462481689453125000e+01
3.454239654541015625e+01
3.484531784057617188e+01
3.506586837768554688e+01
3.498059844970703125e+01
3.484456634521484375e+01
3.480296325683593750e+01
3.470857238769531250e+01
3.460293197631835938e+01
3.439145278930664062e+01
