3.338282394409179688e+01
3.327705001831054688e+01
3.293173980712890625e+01
3.262857055664062500e+01
3.311248016357421875e+01
3.326097106933593750e+01
3.343378067016601562e+01
3.362821197509765625e+01
3.329964065551757812e+01
3.308733367919921875e+01
3.299931335449218750e+01
3.302690124511718750e+01
3.322926712036132812e+01
3.324721908569335938e+01
3.325288009643554688e+01
3.387961578369140625e+01
3.424235153198242188e+01
3.375867843627929688e+01
3.361441802978515625e+01
3.354521179199218750e+01
3.346817398071289062e+01
3.354156875610351562e+01
3.368366622924804688e+01
3.410835266113281250e+01
3.415472030639648438e+01
3.390245819091796875e+01
3.384391021728515625e+01
3.407201004028320312e+01
3.449604415893554688e+01
3.419353485107421875e+01
3.343637466430664062e+01
3.303961563110351562e+01
3.294515228271484375e+01
3.319348144531250000e+01
3.319087219238281250e+01
3.326593017578125000e+01
3.329683303833007812e+01
3.345858383178710938e+01
3.352684783935546875e+01
3.339071273803710938e+01
3.306735610961914062e+01
3.244141006469726562e+01
3.249479293823242188e+01
3.314788818359375000e+01
3.350819015502929688e+01
3.383259201049804688e+01
3.384279632568359375e+01
3.362345504760742188e+01
3.324491119384765625e+01
3.316757202148437500e+01
3.318696212768554688e+01
3.325386047363281250e+01
3.322830200195312500e+01
3.328307723999023438e+01
3.355857086181640625e+01
3.371094131469726562e+01
3.386083602905273438e+01
3.398689270019531250e+01
3.345369720458984375e+01
3.303322219848632812e+01
3.302880477905273438e+01
3.318895721435546875e+01
3.362926864624023438e+01
3.346794509887695312e+01
3.334323501586914062e+01
3.317956924438476562e+01
3.337460327148437500e+01
3.360381317138671875e+01
3.356891250610351562e+01
3.429569625854492188e+01
3.389896774291992188e+01
3.332608032226562500e+01
3.338220214843750000e+01
3.369649505615234375e+01
3.373276138305664062e+01
3.344655990600585938e+01
3.289628601074218750e+01
3.267500686645507812e+01
3.278435897827148438e+01
3.311448287963867188e+01
3.320989227294921875e+01
3.324178314208984375e+01
3.351434326171875000e+01
3.366042709350585938e+01
3.361333847045898438e+01
3.363080978393554688e+01
3.343862915039062500e+01
3.303978347778320312e+01
3.297229385375976562e+01
3.314784240722656250e+01
3.356083297729492188e+01
3.462140274047851562e+01
3.552712631225585938e+01
3.424859237670898438e+01
3.344073867797851562e+01
3.301655960083007812e+01
3.314297103881835938e+01
3.350846862792968750e+01
3.373589324951171875e+01
