2.800327491760253906e+01
2.807649993896484375e+01
2.758809471130371094e+01
2.743607902526855469e+01
2.771025848388671875e+01
2.755081939697265625e+01
2.709478187561035156e+01
2.697737121582031250e+01
2.696981239318847656e+01
2.698479080200195312e+01
2.684706115722656250e+01
2.675469207763671875e+01
2.659089469909667969e+01
2.663983535766601562e+01
2.661456298828125000e+01
2.653720855712890625e+01
2.653446006774902344e+01
2.659704971313476562e+01
2.671902465820312500e+01
2.681405258178710938e+01
2.695083427429199219e+01
2.708243370056152344e+01
2.731657600402832031e+01
2.752015495300292969e+01
2.770644569396972656e+01
2.783019065856933594e+01
2.791954231262207031e+01
2.777650642395019531e+01
2.767003250122070312e+01
2.764990425109863281e+01
2.767617797851562500e+01
2.775855445861816406e+01
2.773020362854003906e+01
2.770774650573730469e+01
2.764919853210449219e+01
2.749390411376953125e+01
2.736995887756347656e+01
2.732978820800781250e+01
2.737671852111816406e+01
2.765785217285156250e+01
2.775964736938476562e+01
2.792376518249511719e+01
2.796436691284179688e+01
2.783372688293457031e+01
2.764503479003906250e+01
2.731176948547363281e+01
2.704798507690429688e+01
2.687354087829589844e+01
2.684955596923828125e+01
2.683304405212402344e+01
2.675107574462890625e+01
2.680822944641113281e+01
2.693065071105957031e+01
2.700201988220214844e+01
2.713313865661621094e+01
2.727427291870117188e+01
2.731588363647460938e+01
2.724042129516601562e+01
2.744497489929199219e+01
2.770226860046386719e+01
2.774158287048339844e+01
2.754134368896484375e+01
2.733513832092285156e+01
2.727696418762207031e+01
2.721679878234863281e+01
2.716808509826660156e+01
2.692426490783691406e+01
2.663695335388183594e+01
2.653437805175781250e+01
2.661027908325195312e+01
2.683806419372558594e+01
2.707964706420898438e+01
2.723010826110839844e+01
2.724063873291015625e+01
2.713596916198730469e+01
2.718106460571289062e+01
2.719363594055175781e+01
2.715379714965820312e+01
2.677744293212890625e+01
2.648148918151855469e+01
2.644751548767089844e+01
2.658938026428222656e+01
2.720542716979980469e+01
2.754725456237792969e+01
2.799420738220214844e+01
2.830703353881835938e+01
2.848650550842285156e+01
2.889579582214355469e+01
2.924954223632812500e+01
2.902225494384765625e+01
2.893933105468750000e+01
2.943090629577636719e+01
2.958289527893066406e+01
2.919315528869628906e+01
2.870688629150390625e+01
2.858792686462402344e+01
2.848134422302246094e+01
2.808193397521972656e+01
2.760472869873046875e+01
2.722407150268554688e+01
2.730862617492675781e+01
2.749152946472167969e+01
2.755105209350585938e+01
2.729448318481445312e+01
2.634563827514648438e+01
