3.631324768066406250e+01
3.653004074096679688e+01
3.643040084838867188e+01
3.626838684082031250e+01
3.641503524780273438e+01
3.631570053100585938e+01
3.509352874755859375e+01
3.403723907470703125e+01
3.437758636474609375e+01
3.465040588378906250e+01
3.691135025024414062e+01
3.729954528808593750e+01
3.748943710327148438e+01
3.719483184814453125e+01
3.752132797241210938e+01
3.759864425659179688e+01
3.764877319335937500e+01
3.791353607177734375e+01
3.752411651611328125e+01
3.715680313110351562e+01
3.750285720825195312e+01
3.742582321166992188e+01
3.714243316650390625e+01
3.680889892578125000e+01
3.617753219604492188e+01
3.638333892822265625e+01
3.579350280761718750e+01
3.620671844482421875e+01
3.708423995971679688e+01
3.730432510375976562e+01
3.728585433959960938e+01
3.735924911499023438e+01
3.742656707763671875e+01
3.747861099243164062e+01
3.750945281982421875e+01
3.756520080566406250e+01
3.757777404785156250e+01
3.760429382324218750e+01
3.743889617919921875e+01
3.744111251831054688e+01
3.730469131469726562e+01
3.715601730346679688e+01
3.730412673950195312e+01
3.769111633300781250e+01
3.791172027587890625e+01
3.816908645629882812e+01
3.847216796875000000e+01
3.839175033569335938e+01
3.815434646606445312e+01
3.832558059692382812e+01
3.830576705932617188e+01
3.790877151489257812e+01
3.760285949707031250e+01
3.755985641479492188e+01
3.760243225097656250e+01
3.776472473144531250e+01
3.781423950195312500e+01
3.802612686157226562e+01
3.825045394897460938e+01
3.806111145019531250e+01
3.725086212158203125e+01
3.557477951049804688e+01
3.576554107666015625e+01
3.619857406616210938e+01
3.679726791381835938e+01
3.711744308471679688e+01
3.729410552978515625e+01
3.725400543212890625e+01
3.721183776855468750e+01
3.729226684570312500e+01
3.746165084838867188e+01
3.749900817871093750e+01
3.756437301635742188e+01
3.742826080322265625e+01
3.690258407592773438e+01
3.699592590332031250e+01
3.752714157104492188e+01
3.753261947631835938e+01
3.701224899291992188e+01
3.619057464599609375e+01
3.612619781494140625e+01
3.676172256469726562e+01
3.732887649536132812e+01
3.740448379516601562e+01
3.786406326293945312e+01
3.798432922363281250e+01
3.773802947998046875e+01
3.742260742187500000e+01
3.716792297363281250e+01
3.678042602539062500e+01
3.673179626464843750e+01
3.693681335449218750e+01
3.694165802001953125e+01
3.679307556152343750e+01
3.699179840087890625e+01
3.720877456665039062e+01
3.727567291259765625e+01
3.754170227050781250e+01
3.741795730590820312e+01
