3.184568595886230469e+01
3.143201065063476562e+01
3.165461158752441406e+01
3.189313316345214844e+01
3.208890533447265625e+01
3.214383316040039062e+01
3.223232269287109375e+01
3.249542236328125000e+01
3.213208389282226562e+01
3.197175025939941406e+01
3.244441223144531250e+01
3.325119781494140625e+01
3.321107101440429688e+01
3.271163940429687500e+01
3.228346633911132812e+01
3.205334854125976562e+01
3.171952438354492188e+01
3.159026718139648438e+01
3.154577636718750000e+01
3.151356124877929688e+01
3.166918182373046875e+01
3.180820846557617188e+01
3.190252494812011719e+01
3.202563476562500000e+01
3.182065963745117188e+01
3.149529838562011719e+01
3.129132080078125000e+01
3.119165039062500000e+01
3.131524085998535156e+01
3.141981506347656250e+01
3.138889884948730469e+01
3.124514198303222656e+01
3.083971023559570312e+01
3.045437812805175781e+01
3.010197639465332031e+01
3.010417366027832031e+01
3.032927131652832031e+01
3.035586547851562500e+01
3.041994667053222656e+01
3.038216781616210938e+01
3.078427696228027344e+01
3.168899154663085938e+01
3.227816772460937500e+01
3.239853286743164062e+01
3.244558334350585938e+01
3.242084503173828125e+01
3.219180297851562500e+01
3.164424133300781250e+01
3.160447120666503906e+01
3.150833892822265625e+01
3.155269813537597656e+01
3.154475784301757812e+01
3.147706985473632812e+01
3.159596633911132812e+01
3.176821136474609375e+01
3.191794776916503906e+01
3.199486732482910156e+01
3.213905715942382812e+01
3.250182342529296875e+01
3.274377441406250000e+01
3.254051971435546875e+01
3.218787765502929688e+01
3.193540763854980469e+01
3.170516777038574219e+01
3.152591896057128906e+01
3.149608993530273438e+01
3.143375396728515625e+01
3.152379608154296875e+01
3.172918319702148438e+01
3.181413459777832031e+01
3.189426040649414062e+01
3.209109878540039062e+01
3.200074768066406250e+01
3.169230651855468750e+01
3.155710411071777344e+01
3.187023925781250000e+01
3.203655624389648438e+01
3.200046920776367188e+01
3.197452735900878906e+01
3.182270622253417969e+01
3.164758300781250000e+01
3.141273880004882812e+01
3.112357521057128906e+01
3.125923156738281250e+01
3.142629814147949219e+01
3.145730018615722656e+01
3.146300888061523438e+01
3.147479057312011719e+01
3.150744247436523438e+01
3.151741218566894531e+01
3.138133049011230469e+01
3.132688331604003906e+01
3.141746139526367188e+01
3.146733283996582031e+01
3.129558372497558594e+01
3.107035064697265625e+01
3.136574554443359375e+01
3.169617080688476562e+01
3.177672767639160156e+01
3.167719078063964844e+01
3.172856140136718750e+01
3.189142227172851562e+01
3.200631332397460938e+01
3.200830841064453125e+01
