3.597258377075195312e+01
3.619302368164062500e+01
3.587740707397460938e+01
3.573217773437500000e+01
3.542066574096679688e+01
3.498984146118164062e+01
3.457292556762695312e+01
3.406602096557617188e+01
3.381636428833007812e+01
3.387300109863281250e+01
3.410516738891601562e+01
3.409610366821289062e+01
3.467676925659179688e+01
3.449262237548828125e+01
3.467258071899414062e+01
3.502062606811523438e+01
3.569692993164062500e+01
3.599554061889648438e+01
3.601375198364257812e+01
3.612144851684570312e+01
3.604359817504882812e+01
3.623044204711914062e+01
3.660494995117187500e+01
3.689333724975585938e+01
3.691381835937500000e+01
3.691339492797851562e+01
3.692022323608398438e+01
3.654452514648437500e+01
3.616401672363281250e+01
3.580165863037109375e+01
3.629584884643554688e+01
3.690306472778320312e+01
3.680347442626953125e+01
3.600278854370117188e+01
3.523195266723632812e+01
3.518344497680664062e+01
3.536215591430664062e+01
3.536460494995117188e+01
3.540711593627929688e+01
3.570093536376953125e+01
3.622702789306640625e+01
3.681200408935546875e+01
3.727869415283203125e+01
3.751393508911132812e+01
3.769452285766601562e+01
3.769386291503906250e+01
3.735198974609375000e+01
3.723383712768554688e+01
3.738127517700195312e+01
3.751325225830078125e+01
3.758204650878906250e+01
3.742549896240234375e+01
3.716827774047851562e+01
3.694643020629882812e+01
3.690464401245117188e+01
3.648671340942382812e+01
3.594198226928710938e+01
3.549888229370117188e+01
3.582151031494140625e+01
3.625107192993164062e+01
3.541584396362304688e+01
3.470790100097656250e+01
3.460361862182617188e+01
3.467234039306640625e+01
3.466285705566406250e+01
3.471026992797851562e+01
3.477681350708007812e+01
3.475668716430664062e+01
3.484197616577148438e+01
3.519012451171875000e+01
3.538033676147460938e+01
3.542886352539062500e+01
3.522176742553710938e+01
3.483311080932617188e+01
3.422230148315429688e+01
3.423556900024414062e+01
3.419893264770507812e+01
3.409034729003906250e+01
3.431441497802734375e+01
3.461611175537109375e+01
3.489731216430664062e+01
3.515108489990234375e+01
3.572366333007812500e+01
3.644285583496093750e+01
3.657464218139648438e+01
3.613336944580078125e+01
3.587543487548828125e+01
3.599655914306640625e+01
3.656700515747070312e+01
3.692652130126953125e+01
3.711472702026367188e+01
3.738684463500976562e+01
3.738964080810546875e+01
3.725258255004882812e+01
