3.677186203002929688e+01
3.686754226684570312e+01
3.695823287963867188e+01
3.687696075439453125e+01
3.716227722167968750e+01
3.692292785644531250e+01
3.697882080078125000e+01
3.753572082519531250e+01
3.777000045776367188e+01
3.785482406616210938e+01
3.762437820434570312e+01
3.742127227783203125e+01
3.746503448486328125e+01
3.744837570190429688e+01
3.746744155883789062e+01
3.751202774047851562e+01
3.740712356567382812e+01
3.741514587402343750e+01
3.758856201171875000e+01
3.763262176513671875e+01
3.773772811889648438e+01
3.761812591552734375e+01
3.764104461669921875e+01
3.713048934936523438e+01
3.656739425659179688e+01
3.659458923339843750e+01
3.635572814941406250e+01
3.625563049316406250e+01
3.580653381347656250e+01
3.608623123168945312e+01
3.677189636230468750e+01
3.671224594116210938e+01
3.637625503540039062e+01
3.577149200439453125e+01
3.493066787719726562e+01
3.515357208251953125e+01
3.589110946655273438e+01
3.656669616699218750e+01
3.631650924682617188e+01
3.617680740356445312e+01
3.564072799682617188e+01
3.513229370117187500e+01
3.544297027587890625e+01
3.555143356323242188e+01
3.594392395019531250e+01
3.577393722534179688e+01
3.453310012817382812e+01
3.411760711669921875e+01
3.390802764892578125e+01
3.408518218994140625e+01
3.467989730834960938e+01
3.495555496215820312e+01
3.550022125244140625e+01
3.472285842895507812e+01
3.541753387451171875e+01
3.574778747558593750e+01
3.555392456054687500e+01
3.580319976806640625e+01
3.619131851196289062e+01
3.622776031494140625e+01
3.614334869384765625e+01
3.568761062622070312e+01
3.558064651489257812e+01
3.556439971923828125e+01
3.571619415283203125e+01
3.512285614013671875e+01
3.501689147949218750e+01
3.501780700683593750e+01
3.510421371459960938e+01
3.521183395385742188e+01
3.537409973144531250e+01
3.538089752197265625e+01
3.555343246459960938e+01
3.553245162963867188e+01
3.525522613525390625e+01
3.488290023803710938e+01
3.531682205200195312e+01
3.540871429443359375e+01
3.577878570556640625e+01
3.585153198242187500e+01
3.485251617431640625e+01
3.486299896240234375e+01
3.537835311889648438e+01
3.606867599487304688e+01
3.552605819702148438e+01
3.503660583496093750e+01
3.582394409179687500e+01
3.630529785156250000e+01
3.701779174804687500e+01
3.713868713378906250e+01
3.682458496093750000e+01
3.625845718383789062e+01
3.637453079223632812e+01
3.643657302856445312e+01
3.632551956176757812e+01
3.614449310302734375e+01
3.640703201293945312e+01
3.672725677490234375e+01
3.574166107177734375e+01
3.544287109375000000e+01
3.576556396484375000e+01
3.628553771972656250e+01
3.625727844238281250e+01
3.599737930297851562e+01
3.598179244995117188e+01
3.460909271240234375e+01
