3.322338104248046875e+01
3.344941329956054688e+01
3.315821456909179688e+01
3.304916000366210938e+01
3.279662322998046875e+01
3.308081817626953125e+01
3.310062408447265625e+01
3.321718978881835938e+01
3.323796844482421875e+01
3.298502349853515625e+01
3.323224258422851562e+01
3.303944778442382812e+01
3.321209335327148438e+01
3.327096557617187500e+01
3.301907730102539062e+01
3.284822463989257812e+01
3.264649963378906250e+01
3.279135131835937500e+01
3.294479751586914062e+01
3.289284896850585938e+01
3.258657073974609375e+01
3.227968597412109375e+01
3.211093139648437500e+01
3.201120376586914062e+01
3.191044807434082031e+01
3.184742736816406250e+01
3.196469306945800781e+01
3.220714569091796875e+01
3.263660812377929688e+01
3.286985778808593750e+01
3.278615188598632812e+01
3.262845611572265625e+01
3.235715866088867188e+01
3.208488082885742188e+01
3.238887786865234375e+01
3.274849319458007812e+01
3.307832336425781250e+01
3.334439849853515625e+01
3.345060729980468750e+01
3.347790908813476562e+01
3.310773086547851562e+01
3.316826629638671875e+01
3.306738662719726562e+01
3.318284225463867188e+01
3.330706787109375000e+01
3.327630233764648438e+01
3.302624893188476562e+01
3.260900115966796875e+01
3.265904235839843750e+01
3.294260787963867188e+01
3.342259979248046875e+01
3.390246582031250000e+01
3.391030883789062500e+01
3.393194198608398438e+01
3.395291137695312500e+01
3.389894485473632812e+01
3.405554962158203125e+01
3.424025726318359375e+01
3.374494934082031250e+01
3.324535751342773438e+01
3.329179000854492188e+01
3.357223510742187500e+01
3.365426635742187500e+01
3.361367797851562500e+01
3.348625564575195312e+01
3.358302307128906250e+01
3.356639862060546875e+01
3.338640594482421875e+01
3.327618789672851562e+01
3.310528945922851562e+01
3.349741744995117188e+01
3.355133438110351562e+01
3.334556579589843750e+01
3.301927185058593750e+01
3.296705245971679688e+01
3.296040725708007812e+01
3.283797454833984375e+01
3.266902160644531250e+01
3.258064270019531250e+01
3.262609100341796875e+01
3.274051666259765625e+01
3.265493392944335938e+01
3.237643432617187500e+01
3.221035003662109375e+01
3.245368957519531250e+01
3.258506393432617188e+01
3.287221527099609375e+01
3.329851531982421875e+01
3.342179107666015625e+01
3.325575637817382812e+01
3.336218643188476562e+01
3.355145263671875000e+01
3.373852157592773438e+01
3.379099655151367188e+01
3.366481018066406250e+01
3.354887390136718750e+01
3.354564285278320312e+01
3.325250244140625000e+01
3.287016296386718750e+01
3.262202453613281250e+01
3.257606506347656250e+01
3.265348815917968750e+01
3.322487258911132812e+01
3.348057174682617188e+01
3.282098007202148438e+01
