2.627445602416992188e+01
2.623656082153320312e+01
2.629886436462402344e+01
2.640195846557617188e+01
2.636977958679199219e+01
2.633467864990234375e+01
2.613239288330078125e+01
2.618246841430664062e+01
2.622566986083984375e+01
2.639622497558593750e+01
2.690499877929687500e+01
2.687231254577636719e+01
2.707933998107910156e+01
2.692148780822753906e+01
2.659398651123046875e+01
2.620422935485839844e+01
2.600747871398925781e+01
2.586346626281738281e+01
2.585164833068847656e+01
2.595838928222656250e+01
2.613636779785156250e+01
2.616380691528320312e+01
2.609596252441406250e+01
2.597627639770507812e+01
2.603416824340820312e+01
2.616568565368652344e+01
2.636373138427734375e+01
2.658619117736816406e+01
2.679196929931640625e+01
2.685225486755371094e+01
2.678562545776367188e+01
2.676924133300781250e+01
2.696335792541503906e+01
2.748925971984863281e+01
2.801123046875000000e+01
2.814183425903320312e+01
2.781061553955078125e+01
2.735640907287597656e+01
2.686004829406738281e+01
2.640497589111328125e+01
2.618633842468261719e+01
2.633599472045898438e+01
2.673385620117187500e+01
2.732098388671875000e+01
2.761781120300292969e+01
2.783365249633789062e+01
2.791679191589355469e+01
2.799615478515625000e+01
2.792897415161132812e+01
2.780264663696289062e+01
2.768943023681640625e+01
2.735193061828613281e+01
2.707953643798828125e+01
2.691838264465332031e+01
2.668803596496582031e+01
2.643528747558593750e+01
2.611490821838378906e+01
2.592837905883789062e+01
2.595193099975585938e+01
2.607937240600585938e+01
2.624569129943847656e+01
2.626357460021972656e+01
2.623236274719238281e+01
2.616831970214843750e+01
2.615068626403808594e+01
2.619160079956054688e+01
2.622555541992187500e+01
2.627947235107421875e+01
2.634184074401855469e+01
2.626762199401855469e+01
2.634309959411621094e+01
2.637331008911132812e+01
2.652053642272949219e+01
2.669917488098144531e+01
2.685607147216796875e+01
2.714573860168457031e+01
2.711960983276367188e+01
2.718581581115722656e+01
2.727145576477050781e+01
2.739210700988769531e+01
2.735009765625000000e+01
2.698588943481445312e+01
2.691563415527343750e+01
2.700494766235351562e+01
2.693194961547851562e+01
2.672283744812011719e+01
2.651096725463867188e+01
2.654344558715820312e+01
2.671439361572265625e+01
2.664445877075195312e+01
2.694689559936523438e+01
2.770927238464355469e+01
2.802809906005859375e+01
2.765769386291503906e+01
2.750916290283203125e+01
2.763368606567382812e+01
2.788115882873535156e+01
2.759191894531250000e+01
2.679667854309082031e+01
2.399217987060546875e+01
2.330446052551269531e+01
