3.733826446533203125e+01
3.783418655395507812e+01
3.803594207763671875e+01
3.785298538208007812e+01
3.745976257324218750e+01
3.790645599365234375e+01
3.808174896240234375e+01
3.785250473022460938e+01
3.734091186523437500e+01
3.710321426391601562e+01
3.717089462280273438e+01
3.738525009155273438e+01
3.714976119995117188e+01
3.672538757324218750e+01
3.655662536621093750e+01
3.678896331787109375e+01
3.737044906616210938e+01
3.781694412231445312e+01
3.781118011474609375e+01
3.779177093505859375e+01
3.755403518676757812e+01
3.740013122558593750e+01
3.728008651733398438e+01
3.737930297851562500e+01
3.766399002075195312e+01
3.769693756103515625e+01
3.756215667724609375e+01
3.729089736938476562e+01
3.726322174072265625e+01
3.743346786499023438e+01
3.743661499023437500e+01
3.741667175292968750e+01
3.740389251708984375e+01
3.696465682983398438e+01
3.693493652343750000e+01
3.723954772949218750e+01
3.750547790527343750e+01
3.768503189086914062e+01
3.779302597045898438e+01
3.787846755981445312e+01
3.785994720458984375e+01
3.760840225219726562e+01
3.754829788208007812e+01
3.745815658569335938e+01
3.739115905761718750e+01
3.724344253540039062e+01
3.716347885131835938e+01
3.723804092407226562e+01
3.742475128173828125e+01
3.729361343383789062e+01
3.710848236083984375e+01
3.711051559448242188e+01
3.720974731445312500e+01
3.720503616333007812e+01
3.706654357910156250e+01
3.673892593383789062e+01
3.644131469726562500e+01
3.619419479370117188e+01
3.627928543090820312e+01
3.639189910888671875e+01
3.649475860595703125e+01
3.639661788940429688e+01
3.626713180541992188e+01
3.654849624633789062e+01
3.658716964721679688e+01
3.671151351928710938e+01
3.680620193481445312e+01
3.677288055419921875e+01
3.654021072387695312e+01
3.658125686645507812e+01
3.680806732177734375e+01
3.687546920776367188e+01
3.659534835815429688e+01
3.656524276733398438e+01
3.683090209960937500e+01
3.708695220947265625e+01
3.736861038208007812e+01
3.740835189819335938e+01
3.724611282348632812e+01
3.714786911010742188e+01
3.719806289672851562e+01
3.708763885498046875e+01
3.683335113525390625e+01
3.648556900024414062e+01
3.642389297485351562e+01
3.646493530273437500e+01
3.637504196166992188e+01
3.649977111816406250e+01
3.650353240966796875e+01
3.649985122680664062e+01
3.625920104980468750e+01
3.564210891723632812e+01
3.478751754760742188e+01
3.479990768432617188e+01
3.522423171997070312e+01
3.610651779174804688e+01
3.654098129272460938e+01
3.672433471679687500e+01
3.709054946899414062e+01
3.701805114746093750e+01
3.679014205932617188e+01
3.656678009033203125e+01
3.618108749389648438e+01
3.605617904663085938e+01
