3.704716110229492188e+01
3.688917922973632812e+01
3.711087036132812500e+01
3.702232742309570312e+01
3.658417129516601562e+01
3.583126831054687500e+01
3.638142395019531250e+01
3.677386093139648438e+01
3.722140884399414062e+01
3.715686416625976562e+01
3.700408172607421875e+01
3.702394104003906250e+01
3.708616256713867188e+01
3.713646316528320312e+01
3.708079910278320312e+01
3.723932647705078125e+01
3.750008392333984375e+01
3.793014144897460938e+01
3.814875411987304688e+01
3.835356140136718750e+01
3.859875106811523438e+01
3.864594650268554688e+01
3.846520233154296875e+01
3.825584030151367188e+01
3.824032211303710938e+01
3.836084365844726562e+01
3.840872955322265625e+01
3.830451202392578125e+01
3.811354064941406250e+01
3.796760940551757812e+01
3.782983398437500000e+01
3.777752304077148438e+01
3.738623428344726562e+01
3.660046005249023438e+01
3.607604217529296875e+01
3.562480545043945312e+01
3.609892272949218750e+01
3.654917144775390625e+01
3.685583114624023438e+01
3.668936538696289062e+01
3.649186706542968750e+01
3.711397171020507812e+01
3.745386505126953125e+01
3.762455749511718750e+01
3.784496688842773438e+01
3.768534088134765625e+01
3.673028564453125000e+01
3.618062591552734375e+01
3.598278045654296875e+01
3.594011306762695312e+01
3.565475463867187500e+01
3.596793746948242188e+01
3.666302108764648438e+01
3.714373016357421875e+01
3.741835021972656250e+01
3.730758285522460938e+01
3.750099563598632812e+01
3.758700561523437500e+01
3.752680206298828125e+01
3.746005249023437500e+01
3.741037368774414062e+01
3.755141448974609375e+01
3.794906234741210938e+01
3.790657806396484375e+01
3.766670227050781250e+01
3.759479904174804688e+01
3.731610870361328125e+01
3.640951538085937500e+01
3.542155838012695312e+01
3.504072189331054688e+01
3.517010116577148438e+01
3.551217269897460938e+01
3.607997512817382812e+01
3.669847488403320312e+01
3.750876998901367188e+01
3.727535629272460938e+01
3.580066299438476562e+01
3.582460784912109375e+01
3.618445205688476562e+01
3.686224746704101562e+01
3.732286071777343750e+01
3.729542922973632812e+01
3.704743957519531250e+01
3.714924240112304688e+01
3.740071487426757812e+01
3.746482849121093750e+01
3.759955215454101562e+01
3.797771835327148438e+01
3.807850265502929688e+01
3.792728042602539062e+01
3.774421310424804688e+01
3.757669830322265625e+01
3.759749984741210938e+01
3.776161193847656250e+01
3.786366271972656250e+01
3.786225891113281250e+01
3.771982192993164062e+01
