2.821154975891113281e+01
2.765950775146484375e+01
2.751264953613281250e+01
2.726682662963867188e+01
2.710042381286621094e+01
2.740322494506835938e+01
2.765067672729492188e+01
2.791557884216308594e+01
2.799364852905273438e+01
2.799601745605468750e+01
2.801682281494140625e+01
2.835090065002441406e+01
2.865435791015625000e+01
2.857095527648925781e+01
2.854216194152832031e+01
2.818726730346679688e+01
2.834318161010742188e+01
2.878779602050781250e+01
2.963756370544433594e+01
2.968643569946289062e+01
2.954594230651855469e+01
2.914781188964843750e+01
2.858477401733398438e+01
2.843750762939453125e+01
2.793887329101562500e+01
2.786510086059570312e+01
2.789460372924804688e+01
2.807429122924804688e+01
2.832227897644042969e+01
2.831922149658203125e+01
2.775872039794921875e+01
2.745224952697753906e+01
2.739609909057617188e+01
2.747275161743164062e+01
2.753044319152832031e+01
2.745907211303710938e+01
2.737361907958984375e+01
2.728525733947753906e+01
2.727964973449707031e+01
2.730843353271484375e+01
2.700881576538085938e+01
2.706933975219726562e+01
2.719445991516113281e+01
2.750968551635742188e+01
2.760379600524902344e+01
2.750605964660644531e+01
2.784769058227539062e+01
2.810737609863281250e+01
2.774859619140625000e+01
2.802493286132812500e+01
2.758116722106933594e+01
2.756167221069335938e+01
2.840851593017578125e+01
2.838272666931152344e+01
2.897444915771484375e+01
2.883914375305175781e+01
2.795009422302246094e+01
2.719909477233886719e+01
2.686460304260253906e+01
2.678866958618164062e+01
2.698171997070312500e+01
2.703147697448730469e+01
2.687452697753906250e+01
2.680330848693847656e+01
2.664407348632812500e+01
2.670419692993164062e+01
2.676977920532226562e+01
2.680996322631835938e+01
2.700931167602539062e+01
2.707790946960449219e+01
2.701609802246093750e+01
2.701214218139648438e+01
2.706844902038574219e+01
2.728931808471679688e+01
2.753773307800292969e+01
2.771166610717773438e+01
2.792571258544921875e+01
2.859166526794433594e+01
2.833235359191894531e+01
2.814429473876953125e+01
2.740077781677246094e+01
2.704675865173339844e+01
2.716997146606445312e+01
2.726580429077148438e+01
2.720049858093261719e+01
2.728296852111816406e+01
2.744729232788085938e+01
2.751841163635253906e+01
2.743673706054687500e+01
2.725691604614257812e+01
2.734277343750000000e+01
2.734807395935058594e+01
2.723727035522460938e+01
2.738702583312988281e+01
2.770541763305664062e+01
2.791001892089843750e+01
2.775005340576171875e+01
2.765979194641113281e+01
2.772857093811035156e+01
2.742187309265136719e+01
2.711246871948242188e+01
2.696152687072753906e+01
2.718077850341796875e+01
2.775299072265625000e+01
