2.737178993225097656e+01
2.723901557922363281e+01
2.729475593566894531e+01
2.762288665771484375e+01
2.755223846435546875e+01
2.677760887145996094e+01
2.662832450866699219e+01
2.651113128662109375e+01
2.682832336425781250e+01
2.719370651245117188e+01
2.728320312500000000e+01
2.710806274414062500e+01
2.702154541015625000e+01
2.677016258239746094e+01
2.655501747131347656e+01
2.642555427551269531e+01
2.645633506774902344e+01
2.662752532958984375e+01
2.703664398193359375e+01
2.723505401611328125e+01
2.707997322082519531e+01
2.713696098327636719e+01
2.709596252441406250e+01
2.686688041687011719e+01
2.658856964111328125e+01
2.662581062316894531e+01
2.667779922485351562e+01
2.664273452758789062e+01
2.655453491210937500e+01
2.660468292236328125e+01
2.662845802307128906e+01
2.666489791870117188e+01
2.683574485778808594e+01
2.703860855102539062e+01
2.731184768676757812e+01
2.716750144958496094e+01
2.696184349060058594e+01
2.674754714965820312e+01
2.670464515686035156e+01
2.669450950622558594e+01
2.675099182128906250e+01
2.685074996948242188e+01
2.701623725891113281e+01
2.696429061889648438e+01
2.701605796813964844e+01
2.711702156066894531e+01
2.735699081420898438e+01
2.760104179382324219e+01
2.767621994018554688e+01
2.754165267944335938e+01
2.744827079772949219e+01
2.727929306030273438e+01
2.711692428588867188e+01
2.713058471679687500e+01
2.731465148925781250e+01
2.731528472900390625e+01
2.716926002502441406e+01
2.707041740417480469e+01
2.690423774719238281e+01
2.673953819274902344e+01
2.655462455749511719e+01
2.641194534301757812e+01
2.642417907714843750e+01
2.645918464660644531e+01
2.644432258605957031e+01
2.638497543334960938e+01
2.641175270080566406e+01
2.641649627685546875e+01
2.645379829406738281e+01
2.648203849792480469e+01
2.659178352355957031e+01
2.678121566772460938e+01
2.691359710693359375e+01
2.691178131103515625e+01
2.703017234802246094e+01
2.727990150451660156e+01
2.747664642333984375e+01
2.729757499694824219e+01
2.710184097290039062e+01
2.689983367919921875e+01
2.668656158447265625e+01
2.667564773559570312e+01
2.681278228759765625e+01
2.696846771240234375e+01
2.697944831848144531e+01
2.675686264038085938e+01
2.656755065917968750e+01
2.645580291748046875e+01
2.636207008361816406e+01
2.642988967895507812e+01
2.645603370666503906e+01
2.650490951538085938e+01
2.641738128662109375e+01
2.642777252197265625e+01
2.642951011657714844e+01
2.632995796203613281e+01
2.640710830688476562e+01
2.667822647094726562e+01
2.655709266662597656e+01
2.637533187866210938e+01
2.630726242065429688e+01
2.621244239807128906e+01
2.643880653381347656e+01
2.658540344238281250e+01
