2.006444549560546875e+01
2.007958602905273438e+01
2.019203948974609375e+01
2.033230209350585938e+01
2.043453025817871094e+01
2.036287498474121094e+01
2.021234512329101562e+01
2.007705307006835938e+01
2.011792182922363281e+01
2.035942840576171875e+01
2.035391998291015625e+01
2.045787811279296875e+01
2.071432304382324219e+01
2.090974807739257812e+01
2.100191879272460938e+01
2.119374465942382812e+01
2.132804679870605469e+01
2.118515968322753906e+01
2.104251480102539062e+01
2.089808464050292969e+01
2.091641235351562500e+01
2.091868591308593750e+01
2.089870834350585938e+01
2.075359153747558594e+01
2.059258460998535156e+01
2.061305046081542969e+01
2.074126434326171875e+01
2.075972175598144531e+01
2.082653999328613281e+01
2.077002716064453125e+01
2.063899803161621094e+01
2.073303985595703125e+01
2.083811187744140625e+01
2.084327125549316406e+01
2.088508987426757812e+01
2.092882919311523438e+01
2.090888786315917969e+01
2.092089080810546875e+01
2.083750152587890625e+01
2.071625137329101562e+01
2.058471298217773438e+01
2.046711921691894531e+01
2.036902427673339844e+01
2.025382232666015625e+01
2.018219947814941406e+01
2.014036369323730469e+01
2.012045288085937500e+01
2.009935569763183594e+01
2.016106796264648438e+01
2.028377532958984375e+01
2.037950325012207031e+01
2.038440132141113281e+01
2.045714187622070312e+01
2.048595237731933594e+01
2.058519554138183594e+01
2.063312911987304688e+01
2.056361198425292969e+01
2.021584320068359375e+01
1.997584342956542969e+01
1.975230789184570312e+01
1.953789710998535156e+01
1.942033958435058594e+01
1.931549453735351562e+01
1.928365898132324219e+01
1.922620010375976562e+01
1.922800636291503906e+01
1.913077926635742188e+01
1.923568725585937500e+01
1.926496505737304688e+01
1.936532402038574219e+01
1.942790222167968750e+01
1.950659561157226562e+01
1.947511482238769531e+01
1.949666786193847656e+01
1.952620506286621094e+01
1.985144424438476562e+01
2.035442733764648438e+01
2.047683143615722656e+01
2.039828681945800781e+01
2.014353942871093750e+01
2.046763992309570312e+01
2.069912719726562500e+01
2.201128005981445312e+01
2.257687568664550781e+01
2.319751739501953125e+01
2.339753913879394531e+01
2.343637275695800781e+01
2.326913070678710938e+01
