2.848923683166503906e+01
2.920394515991210938e+01
3.029821777343750000e+01
3.116655540466308594e+01
3.088279151916503906e+01
3.022138786315917969e+01
2.982354927062988281e+01
2.924144935607910156e+01
2.886569023132324219e+01
2.875752449035644531e+01
2.858077049255371094e+01
2.852829742431640625e+01
2.855319023132324219e+01
2.860441970825195312e+01
2.870115089416503906e+01
2.868278503417968750e+01
2.861925506591796875e+01
2.871614837646484375e+01
2.871114921569824219e+01
2.856289100646972656e+01
2.842096900939941406e+01
2.815833091735839844e+01
2.813881111145019531e+01
2.822835922241210938e+01
2.815392494201660156e+01
2.814770507812500000e+01
2.807976913452148438e+01
2.795883941650390625e+01
2.783079147338867188e+01
2.779151535034179688e+01
2.792924308776855469e+01
2.816032218933105469e+01
2.835283279418945312e+01
2.868161010742187500e+01
2.891002655029296875e+01
2.893575859069824219e+01
2.897171020507812500e+01
2.913154411315917969e+01
2.912228775024414062e+01
2.908099937438964844e+01
2.913701438903808594e+01
2.917655754089355469e+01
2.926602172851562500e+01
2.919927597045898438e+01
2.902369689941406250e+01
2.894337463378906250e+01
2.901816940307617188e+01
2.930455207824707031e+01
2.943346023559570312e+01
2.952371597290039062e+01
2.950650215148925781e+01
2.951173591613769531e+01
2.923920631408691406e+01
2.887926483154296875e+01
2.867524147033691406e+01
2.853870964050292969e+01
2.851708412170410156e+01
2.857309913635253906e+01
2.873731994628906250e+01
2.881054115295410156e+01
2.887755393981933594e+01
2.885914802551269531e+01
2.891570091247558594e+01
2.887736701965332031e+01
2.881900215148925781e+01
2.879066467285156250e+01
2.872524261474609375e+01
2.868712615966796875e+01
2.868710899353027344e+01
2.872901916503906250e+01
2.872797393798828125e+01
2.862807655334472656e+01
2.835050201416015625e+01
2.820738983154296875e+01
2.802394676208496094e+01
2.774302864074707031e+01
2.764446258544921875e+01
2.751360130310058594e+01
2.735927772521972656e+01
2.726364135742187500e+01
2.718560409545898438e+01
2.727846527099609375e+01
2.731928443908691406e+01
2.739757919311523438e+01
2.744471931457519531e+01
2.740279388427734375e+01
2.736434364318847656e+01
2.744882965087890625e+01
2.755662918090820312e+01
2.770080566406250000e+01
2.790373992919921875e+01
2.806746673583984375e+01
2.801479339599609375e+01
2.842119979858398438e+01
2.903196907043457031e+01
2.805501747131347656e+01
2.754741287231445312e+01
2.728271675109863281e+01
2.697568511962890625e+01
2.680192184448242188e+01
