3.639654159545898438e+01
3.761981201171875000e+01
3.763097381591796875e+01
3.736695480346679688e+01
3.747799682617187500e+01
3.774264526367187500e+01
3.773636627197265625e+01
3.758443450927734375e+01
3.769920349121093750e+01
3.771643066406250000e+01
3.717433929443359375e+01
3.648084259033203125e+01
3.659350585937500000e+01
3.635411453247070312e+01
3.704301071166992188e+01
3.711209106445312500e+01
3.743052291870117188e+01
3.750034713745117188e+01
3.735384750366210938e+01
3.726611709594726562e+01
3.740401840209960938e+01
3.733816146850585938e+01
3.702993774414062500e+01
3.715330123901367188e+01
3.718627929687500000e+01
3.718477249145507812e+01
3.724135589599609375e+01
3.736519622802734375e+01
3.731877899169921875e+01
3.710956192016601562e+01
3.680405044555664062e+01
3.633802795410156250e+01
3.663666152954101562e+01
3.684769821166992188e+01
3.689003753662109375e+01
3.682858276367187500e+01
3.707262039184570312e+01
3.695352172851562500e+01
3.719593048095703125e+01
3.751989746093750000e+01
3.747437667846679688e+01
3.749396133422851562e+01
3.747061538696289062e+01
3.739703750610351562e+01
3.747076034545898438e+01
3.738395309448242188e+01
3.727200317382812500e+01
3.717600250244140625e+01
3.703660964965820312e+01
3.694083023071289062e+01
3.672350311279296875e+01
3.643988418579101562e+01
3.673517608642578125e+01
3.699145889282226562e+01
3.716015243530273438e+01
3.722514343261718750e+01
3.721714782714843750e+01
3.739886474609375000e+01
3.764970016479492188e+01
3.765061187744140625e+01
3.758271408081054688e+01
3.757714843750000000e+01
3.770646667480468750e+01
3.772876358032226562e+01
3.765282440185546875e+01
3.751521301269531250e+01
3.733733749389648438e+01
3.724712371826171875e+01
3.720019531250000000e+01
3.715026855468750000e+01
3.704048538208007812e+01
3.700207901000976562e+01
3.706884765625000000e+01
3.714793395996093750e+01
3.739920425415039062e+01
3.772437286376953125e+01
3.790229797363281250e+01
3.778578948974609375e+01
3.771628952026367188e+01
3.772094726562500000e+01
3.777143478393554688e+01
3.786053466796875000e+01
3.777247619628906250e+01
3.766078567504882812e+01
3.724431991577148438e+01
3.633474731445312500e+01
3.573912811279296875e+01
3.626789474487304688e+01
3.651554107666015625e+01
3.684760284423828125e+01
3.712529373168945312e+01
3.710930633544921875e+01
3.719480895996093750e+01
3.719089889526367188e+01
3.722769165039062500e+01
3.730385589599609375e+01
3.701216888427734375e+01
3.673330688476562500e+01
