2.325717544555664062e+01
2.351070404052734375e+01
2.383242034912109375e+01
2.393409729003906250e+01
2.411439323425292969e+01
2.519920158386230469e+01
2.594302940368652344e+01
2.631223869323730469e+01
2.643116378784179688e+01
2.600979042053222656e+01
2.599843406677246094e+01
2.640937805175781250e+01
2.672467613220214844e+01
2.692823219299316406e+01
2.686723899841308594e+01
2.691052436828613281e+01
2.698629760742187500e+01
2.697823905944824219e+01
2.706744575500488281e+01
2.721182441711425781e+01
2.727848434448242188e+01
2.733512687683105469e+01
2.731822013854980469e+01
2.711919593811035156e+01
2.714714622497558594e+01
2.725381278991699219e+01
2.733468437194824219e+01
2.744790077209472656e+01
2.748536872863769531e+01
2.740842247009277344e+01
2.738485908508300781e+01
2.735509300231933594e+01
2.748073577880859375e+01
2.774596214294433594e+01
2.780740356445312500e+01
2.782545089721679688e+01
2.783838844299316406e+01
2.784293174743652344e+01
2.789090919494628906e+01
2.752648544311523438e+01
2.730069732666015625e+01
2.739922142028808594e+01
2.725223350524902344e+01
2.702585792541503906e+01
2.678066062927246094e+01
2.666975975036621094e+01
2.663917541503906250e+01
2.644181823730468750e+01
2.654272842407226562e+01
2.675658607482910156e+01
2.672809219360351562e+01
2.657379722595214844e+01
2.646879386901855469e+01
2.655643653869628906e+01
2.720319938659667969e+01
2.759883499145507812e+01
2.733937835693359375e+01
2.730679130554199219e+01
2.709689331054687500e+01
2.697146415710449219e+01
2.697098350524902344e+01
2.709476852416992188e+01
2.714846611022949219e+01
2.704977798461914062e+01
2.687877655029296875e+01
2.679500961303710938e+01
2.690480804443359375e+01
2.708744430541992188e+01
2.719420051574707031e+01
2.729071617126464844e+01
2.737555122375488281e+01
2.739437675476074219e+01
2.723779487609863281e+01
2.709397506713867188e+01
2.685817718505859375e+01
2.669264602661132812e+01
2.672613143920898438e+01
2.656314659118652344e+01
2.637190818786621094e+01
2.630241966247558594e+01
2.624815177917480469e+01
2.626435852050781250e+01
2.629446029663085938e+01
2.661713600158691406e+01
2.706537055969238281e+01
2.726467704772949219e+01
2.745326614379882812e+01
2.769485855102539062e+01
2.772637367248535156e+01
2.796333503723144531e+01
2.809456634521484375e+01
2.805587959289550781e+01
2.810591506958007812e+01
2.831430625915527344e+01
2.819475364685058594e+01
2.838760566711425781e+01
2.862556457519531250e+01
2.908045768737792969e+01
2.923009109497070312e+01
2.832825851440429688e+01
2.799219703674316406e+01
2.822316551208496094e+01
2.868634605407714844e+01
2.912155723571777344e+01
2.908481979370117188e+01
2.850369453430175781e+01
