3.536392593383789062e+01
3.533119583129882812e+01
3.497635650634765625e+01
3.506534957885742188e+01
3.675893402099609375e+01
3.508313751220703125e+01
3.370828247070312500e+01
3.357588577270507812e+01
3.371554565429687500e+01
3.341847610473632812e+01
3.377475357055664062e+01
3.391725540161132812e+01
3.374569320678710938e+01
3.470047760009765625e+01
3.427949905395507812e+01
3.397213363647460938e+01
3.430772018432617188e+01
3.424326705932617188e+01
3.436256027221679688e+01
3.436066436767578125e+01
3.423178100585937500e+01
3.420428848266601562e+01
3.426082992553710938e+01
3.384983062744140625e+01
3.374173736572265625e+01
3.363494873046875000e+01
3.378849792480468750e+01
3.396685028076171875e+01
3.391750335693359375e+01
3.362282180786132812e+01
3.321539688110351562e+01
3.331447601318359375e+01
3.346783065795898438e+01
3.370291900634765625e+01
3.397500228881835938e+01
3.399217224121093750e+01
3.383391952514648438e+01
3.377344512939453125e+01
3.401193618774414062e+01
3.411634826660156250e+01
3.400590133666992188e+01
3.396627807617187500e+01
3.426598358154296875e+01
3.372986221313476562e+01
3.332497787475585938e+01
3.324079895019531250e+01
3.362349319458007812e+01
3.401431274414062500e+01
3.420675277709960938e+01
3.441286468505859375e+01
3.466547012329101562e+01
3.470108032226562500e+01
3.470134735107421875e+01
3.453910446166992188e+01
3.480229949951171875e+01
3.440785598754882812e+01
3.386561965942382812e+01
3.362313079833984375e+01
3.379767227172851562e+01
3.434003448486328125e+01
3.484038543701171875e+01
3.444394683837890625e+01
3.403667449951171875e+01
3.383522415161132812e+01
3.374929046630859375e+01
3.356221389770507812e+01
3.344224548339843750e+01
3.339941787719726562e+01
3.379180526733398438e+01
3.427149963378906250e+01
3.451552581787109375e+01
3.445770263671875000e+01
3.426074218750000000e+01
3.393556594848632812e+01
3.420020294189453125e+01
3.454623413085937500e+01
3.465288543701171875e+01
3.454206466674804688e+01
3.451489257812500000e+01
3.444361495971679688e+01
3.419272994995117188e+01
3.370274734497070312e+01
3.368075942993164062e+01
3.370979690551757812e+01
3.331511306762695312e+01
3.321831130981445312e+01
3.315697860717773438e+01
3.345158386230468750e+01
3.350610733032226562e+01
3.368779373168945312e+01
3.391952896118164062e+01
3.383634567260742188e+01
3.373695373535156250e+01
3.380601882934570312e+01
3.393186950683593750e+01
3.400018692016601562e+01
3.384260177612304688e+01
3.386558151245117188e+01
3.394129562377929688e+01
3.410749435424804688e+01
3.418374252319335938e+01
3.432276153564453125e+01
3.528710174560546875e+01
3.575525665283203125e+01
