3.796120071411132812e+01
3.777811431884765625e+01
3.774787521362304688e+01
3.776057052612304688e+01
3.758817291259765625e+01
3.746702194213867188e+01
3.749427413940429688e+01
3.745750427246093750e+01
3.750228881835937500e+01
3.742572021484375000e+01
3.745699691772460938e+01
3.715594482421875000e+01
3.707790756225585938e+01
3.730601119995117188e+01
3.711340713500976562e+01
3.702482604980468750e+01
3.719992828369140625e+01
3.721306991577148438e+01
3.720577621459960938e+01
3.738573074340820312e+01
3.740529632568359375e+01
3.726427459716796875e+01
3.711986923217773438e+01
3.700802993774414062e+01
3.700910568237304688e+01
3.701680755615234375e+01
3.718099212646484375e+01
3.750455856323242188e+01
3.779755401611328125e+01
3.774795913696289062e+01
3.776206588745117188e+01
3.779958343505859375e+01
3.785444259643554688e+01
3.775274658203125000e+01
3.765288162231445312e+01
3.746370315551757812e+01
3.746182250976562500e+01
3.758345794677734375e+01
3.756352615356445312e+01
3.738959121704101562e+01
3.730234527587890625e+01
3.729476165771484375e+01
3.728590011596679688e+01
3.738575363159179688e+01
3.760511779785156250e+01
3.770020675659179688e+01
3.777130126953125000e+01
3.782625961303710938e+01
3.785107421875000000e+01
3.783109283447265625e+01
3.761388778686523438e+01
3.789226531982421875e+01
3.797391510009765625e+01
3.791216659545898438e+01
3.769433975219726562e+01
3.761719894409179688e+01
3.761365509033203125e+01
3.764624404907226562e+01
3.753565216064453125e+01
3.753087234497070312e+01
3.758202362060546875e+01
3.766386032104492188e+01
3.762037658691406250e+01
3.749256134033203125e+01
3.734608840942382812e+01
3.714295196533203125e+01
3.721491241455078125e+01
3.726772689819335938e+01
3.725437545776367188e+01
3.713737106323242188e+01
3.712995910644531250e+01
3.713293457031250000e+01
3.727355957031250000e+01
3.733951568603515625e+01
3.703752517700195312e+01
3.694575119018554688e+01
3.701229858398437500e+01
3.711355972290039062e+01
3.712738800048828125e+01
3.702200698852539062e+01
3.707266235351562500e+01
3.723949813842773438e+01
3.714967346191406250e+01
3.723641967773437500e+01
3.733009338378906250e+01
3.730282211303710938e+01
3.726864624023437500e+01
3.718247222900390625e+01
3.719264221191406250e+01
3.724005508422851562e+01
3.736031723022460938e+01
3.714748001098632812e+01
3.685963439941406250e+01
3.711598968505859375e+01
3.728948211669921875e+01
3.728401184082031250e+01
3.709977340698242188e+01
3.690585708618164062e+01
3.696172332763671875e+01
3.730244064331054688e+01
3.727716064453125000e+01
3.719859695434570312e+01
3.723087692260742188e+01
3.726747894287109375e+01
