3.493700790405273438e+01
3.475381851196289062e+01
3.496900177001953125e+01
3.541453170776367188e+01
3.584397506713867188e+01
3.553811645507812500e+01
3.525674057006835938e+01
3.547676086425781250e+01
3.572342681884765625e+01
3.609159851074218750e+01
3.661308670043945312e+01
3.647776794433593750e+01
3.621603775024414062e+01
3.546199798583984375e+01
3.528345870971679688e+01
3.573557662963867188e+01
3.606282424926757812e+01
3.614247512817382812e+01
3.543175125122070312e+01
3.446702575683593750e+01
3.371923446655273438e+01
3.314169692993164062e+01
3.246992111206054688e+01
3.281686782836914062e+01
3.339662551879882812e+01
3.390419387817382812e+01
3.407902908325195312e+01
3.380968475341796875e+01
3.367477416992187500e+01
3.392750167846679688e+01
3.444271850585937500e+01
3.509337234497070312e+01
3.577640533447265625e+01
3.626150131225585938e+01
3.657535934448242188e+01
3.659834289550781250e+01
3.616296386718750000e+01
3.606032943725585938e+01
3.606225204467773438e+01
3.592159652709960938e+01
3.561082077026367188e+01
3.568629837036132812e+01
3.598099899291992188e+01
3.621266555786132812e+01
3.641878890991210938e+01
3.646623992919921875e+01
3.677588272094726562e+01
3.703813934326171875e+01
3.686861419677734375e+01
3.671685028076171875e+01
3.668969345092773438e+01
3.544476699829101562e+01
3.502282714843750000e+01
3.474813842773437500e+01
3.455831909179687500e+01
3.462535858154296875e+01
3.482788848876953125e+01
3.491627502441406250e+01
3.509676361083984375e+01
3.490093612670898438e+01
3.458640289306640625e+01
3.450747299194335938e+01
3.486915588378906250e+01
3.573047637939453125e+01
3.661793136596679688e+01
3.703089523315429688e+01
3.707624053955078125e+01
3.709777069091796875e+01
3.719312286376953125e+01
3.730001449584960938e+01
3.735127639770507812e+01
3.736626815795898438e+01
3.732394790649414062e+01
3.724061965942382812e+01
3.709294128417968750e+01
3.702048110961914062e+01
3.722027206420898438e+01
3.740584945678710938e+01
3.758210372924804688e+01
3.758039093017578125e+01
3.754809951782226562e+01
3.747916030883789062e+01
3.742715835571289062e+01
3.745985031127929688e+01
3.746989822387695312e+01
3.743318939208984375e+01
3.740795516967773438e+01
3.751990127563476562e+01
3.760032653808593750e+01
3.769409561157226562e+01
3.749928283691406250e+01
3.762923812866210938e+01
3.744185256958007812e+01
3.723057937622070312e+01
3.670672225952148438e+01
3.650481033325195312e+01
3.686609649658203125e+01
3.713408279418945312e+01
3.703417205810546875e+01
3.675373840332031250e+01
3.661937332153320312e+01
3.655707168579101562e+01
3.663742446899414062e+01
3.626704406738281250e+01
3.577026367187500000e+01
