3.415191268920898438e+01
3.344524765014648438e+01
3.296007156372070312e+01
3.333436965942382812e+01
3.472925186157226562e+01
3.566349029541015625e+01
3.614258575439453125e+01
3.663309478759765625e+01
3.652232360839843750e+01
3.587803649902343750e+01
3.611656188964843750e+01
3.578353118896484375e+01
3.577411651611328125e+01
3.543523788452148438e+01
3.477421569824218750e+01
3.475053787231445312e+01
3.567180252075195312e+01
3.608436965942382812e+01
3.636021423339843750e+01
3.526363754272460938e+01
3.495314407348632812e+01
3.523612594604492188e+01
3.507516098022460938e+01
3.501208114624023438e+01
3.613196945190429688e+01
3.632315826416015625e+01
3.553867721557617188e+01
3.382963180541992188e+01
3.327640914916992188e+01
3.414218139648437500e+01
3.522226333618164062e+01
3.520595550537109375e+01
3.464594268798828125e+01
3.484537124633789062e+01
3.490707015991210938e+01
3.565801620483398438e+01
3.647006225585937500e+01
3.679431533813476562e+01
3.689968490600585938e+01
3.665669631958007812e+01
3.634315109252929688e+01
3.596434402465820312e+01
3.515471267700195312e+01
3.466248703002929688e+01
3.442443466186523438e+01
3.465233612060546875e+01
3.465714263916015625e+01
3.464185714721679688e+01
3.479460525512695312e+01
3.475493621826171875e+01
3.540838241577148438e+01
3.539322662353515625e+01
3.433051681518554688e+01
3.359563827514648438e+01
3.359392547607421875e+01
3.383398056030273438e+01
3.403425216674804688e+01
3.392343521118164062e+01
3.393791961669921875e+01
3.398232269287109375e+01
3.384549331665039062e+01
3.416823196411132812e+01
3.460045242309570312e+01
3.555115890502929688e+01
3.619519805908203125e+01
3.585440826416015625e+01
3.496273803710937500e+01
3.462973403930664062e+01
3.484114074707031250e+01
3.454511260986328125e+01
3.415288543701171875e+01
3.385120010375976562e+01
3.368777465820312500e+01
3.391374969482421875e+01
3.386767578125000000e+01
3.444979476928710938e+01
3.472962951660156250e+01
3.507102584838867188e+01
3.502705001831054688e+01
3.404973983764648438e+01
3.355026245117187500e+01
3.444723892211914062e+01
3.526985931396484375e+01
3.576286697387695312e+01
3.599513626098632812e+01
3.604792785644531250e+01
3.496641921997070312e+01
3.481581497192382812e+01
3.553849792480468750e+01
3.579769515991210938e+01
3.587237548828125000e+01
3.604455947875976562e+01
3.643892669677734375e+01
3.662366867065429688e+01
3.647431182861328125e+01
3.599327468872070312e+01
3.603956222534179688e+01
3.623206329345703125e+01
3.659996795654296875e+01
3.679589843750000000e+01
3.687494659423828125e+01
3.688946151733398438e+01
3.672720336914062500e+01
