3.478439331054687500e+01
3.501461029052734375e+01
3.493796539306640625e+01
3.465204620361328125e+01
3.437630462646484375e+01
3.411117553710937500e+01
3.403082275390625000e+01
3.419467544555664062e+01
3.532649230957031250e+01
3.620355224609375000e+01
3.610028076171875000e+01
3.573511886596679688e+01
3.461685943603515625e+01
3.498841857910156250e+01
3.425895309448242188e+01
3.540017318725585938e+01
3.564356994628906250e+01
3.655920028686523438e+01
3.666407775878906250e+01
3.661353302001953125e+01
3.620037078857421875e+01
3.549271392822265625e+01
3.597033309936523438e+01
3.652225112915039062e+01
3.647030639648437500e+01
3.676804733276367188e+01
3.720819854736328125e+01
3.741547393798828125e+01
3.725561904907226562e+01
3.721504211425781250e+01
3.739750289916992188e+01
3.746498489379882812e+01
3.739788055419921875e+01
3.725134658813476562e+01
3.699568557739257812e+01
3.725720596313476562e+01
3.751446151733398438e+01
3.746299362182617188e+01
3.666837692260742188e+01
3.771506500244140625e+01
3.775174331665039062e+01
3.748888015747070312e+01
3.767758560180664062e+01
3.796290206909179688e+01
3.805775070190429688e+01
3.805249404907226562e+01
3.806475830078125000e+01
3.799760055541992188e+01
3.782405471801757812e+01
3.793420410156250000e+01
3.787727737426757812e+01
3.803078079223632812e+01
3.825463867187500000e+01
3.826932907104492188e+01
3.787046813964843750e+01
3.715933990478515625e+01
3.677806091308593750e+01
3.532976150512695312e+01
3.495462417602539062e+01
3.564725494384765625e+01
3.561833190917968750e+01
3.500138473510742188e+01
3.564813995361328125e+01
3.675267791748046875e+01
3.738706588745117188e+01
3.739873504638671875e+01
3.748748016357421875e+01
3.755630111694335938e+01
3.746655654907226562e+01
3.708908462524414062e+01
3.559179306030273438e+01
3.429595184326171875e+01
3.422347640991210938e+01
3.427528762817382812e+01
3.444063949584960938e+01
3.464558792114257812e+01
3.463177871704101562e+01
3.469810485839843750e+01
3.462720489501953125e+01
3.457423400878906250e+01
3.436551284790039062e+01
3.434771728515625000e+01
3.466255950927734375e+01
3.562737274169921875e+01
3.589328002929687500e+01
3.580007553100585938e+01
3.513971328735351562e+01
3.445901489257812500e+01
3.479887390136718750e+01
3.606967163085937500e+01
3.683742904663085938e+01
3.695692062377929688e+01
3.629709243774414062e+01
3.537086486816406250e+01
3.620877838134765625e+01
3.665052032470703125e+01
3.666564941406250000e+01
3.647752380371093750e+01
3.592417144775390625e+01
3.479271697998046875e+01
3.477035522460937500e+01
3.447535324096679688e+01
3.422870635986328125e+01
3.416241455078125000e+01
3.422325897216796875e+01
