3.089731025695800781e+01
3.147243881225585938e+01
3.200257110595703125e+01
3.241188812255859375e+01
3.234875869750976562e+01
3.201706695556640625e+01
3.165666961669921875e+01
3.117604446411132812e+01
3.085362815856933594e+01
3.015836143493652344e+01
2.960835647583007812e+01
2.979681015014648438e+01
3.100943374633789062e+01
3.149401664733886719e+01
3.129110336303710938e+01
3.122463607788085938e+01
3.113376426696777344e+01
3.124318885803222656e+01
3.154710006713867188e+01
3.180910110473632812e+01
3.168976783752441406e+01
3.185561561584472656e+01
3.185598564147949219e+01
3.139788246154785156e+01
3.109610939025878906e+01
3.111414146423339844e+01
3.139793395996093750e+01
3.159679222106933594e+01
3.167875099182128906e+01
3.160769844055175781e+01
3.146222686767578125e+01
3.146943664550781250e+01
3.149721145629882812e+01
3.140966796875000000e+01
3.119819450378417969e+01
3.112513542175292969e+01
3.088040924072265625e+01
3.049003410339355469e+01
3.016534805297851562e+01
2.991800117492675781e+01
2.983989524841308594e+01
3.021980476379394531e+01
3.102323532104492188e+01
3.164017868041992188e+01
3.163543128967285156e+01
3.181453132629394531e+01
3.207094192504882812e+01
3.212347793579101562e+01
3.166900062561035156e+01
3.139829063415527344e+01
3.112667274475097656e+01
3.081433677673339844e+01
3.074766731262207031e+01
3.070663070678710938e+01
3.074258422851562500e+01
3.100240516662597656e+01
3.156830215454101562e+01
3.226298141479492188e+01
3.240177917480468750e+01
3.251404953002929688e+01
3.245430374145507812e+01
3.221934509277343750e+01
3.187370681762695312e+01
3.170931434631347656e+01
3.179013442993164062e+01
3.184832191467285156e+01
3.172860717773437500e+01
3.156138038635253906e+01
3.144196128845214844e+01
3.154897308349609375e+01
3.186991691589355469e+01
3.207558059692382812e+01
3.196343994140625000e+01
3.194729804992675781e+01
3.193544578552246094e+01
3.199141120910644531e+01
3.217672348022460938e+01
3.270080566406250000e+01
3.289237213134765625e+01
3.301000595092773438e+01
3.258279800415039062e+01
3.202036285400390625e+01
3.209963989257812500e+01
3.295176315307617188e+01
3.341912078857421875e+01
3.305034637451171875e+01
3.269557189941406250e+01
3.262669372558593750e+01
3.253951644897460938e+01
3.230218505859375000e+01
3.212306976318359375e+01
3.209208297729492188e+01
3.225473403930664062e+01
3.245024490356445312e+01
3.209899520874023438e+01
3.165002250671386719e+01
3.121168708801269531e+01
3.075676727294921875e+01
3.020796966552734375e+01
2.993141937255859375e+01
2.987847900390625000e+01
3.014079475402832031e+01
3.083453559875488281e+01
3.122250556945800781e+01
3.144804191589355469e+01
