2.465600204467773438e+01
2.475116729736328125e+01
2.539838981628417969e+01
2.517019462585449219e+01
2.577170753479003906e+01
2.577838134765625000e+01
2.629070663452148438e+01
2.623345375061035156e+01
2.641230392456054688e+01
2.658218955993652344e+01
2.661177062988281250e+01
2.674615097045898438e+01
2.664073181152343750e+01
2.632866477966308594e+01
2.537611007690429688e+01
2.485545730590820312e+01
2.462709999084472656e+01
2.416430473327636719e+01
2.399386787414550781e+01
2.393511009216308594e+01
2.409102249145507812e+01
2.422493934631347656e+01
2.419219017028808594e+01
2.425022888183593750e+01
2.426704406738281250e+01
2.418098068237304688e+01
2.383343315124511719e+01
2.382704925537109375e+01
2.403780364990234375e+01
2.432049179077148438e+01
2.455199813842773438e+01
2.418008613586425781e+01
2.409574127197265625e+01
2.381701850891113281e+01
2.385710334777832031e+01
2.394936180114746094e+01
2.414919662475585938e+01
2.419497680664062500e+01
2.404187011718750000e+01
2.404303359985351562e+01
2.408395767211914062e+01
2.420001792907714844e+01
2.409870147705078125e+01
2.400469970703125000e+01
2.383863258361816406e+01
2.390876960754394531e+01
2.385964965820312500e+01
2.363044166564941406e+01
2.359749221801757812e+01
2.360364341735839844e+01
2.371273422241210938e+01
2.367008399963378906e+01
2.352158355712890625e+01
2.346568107604980469e+01
2.372704696655273438e+01
2.395712852478027344e+01
2.397691535949707031e+01
2.393751716613769531e+01
2.390871620178222656e+01
2.400693321228027344e+01
2.405500411987304688e+01
2.393846702575683594e+01
2.387830543518066406e+01
2.389275932312011719e+01
2.393703269958496094e+01
2.402290916442871094e+01
2.410144805908203125e+01
2.433505249023437500e+01
2.449860382080078125e+01
2.479933547973632812e+01
2.486750984191894531e+01
2.459038543701171875e+01
2.398847770690917969e+01
2.371702957153320312e+01
2.382312011718750000e+01
2.383369064331054688e+01
2.405408096313476562e+01
2.420881271362304688e+01
2.443250274658203125e+01
2.466121673583984375e+01
2.462606048583984375e+01
2.433819580078125000e+01
2.415115737915039062e+01
2.428278160095214844e+01
2.455936050415039062e+01
2.524191856384277344e+01
2.587561798095703125e+01
2.614462661743164062e+01
2.655489730834960938e+01
2.652159118652343750e+01
2.653037261962890625e+01
2.635387611389160156e+01
2.637438583374023438e+01
2.631501960754394531e+01
2.622332572937011719e+01
2.638087463378906250e+01
2.626843833923339844e+01
2.615042686462402344e+01
2.592399787902832031e+01
2.617567062377929688e+01
2.647690773010253906e+01
2.653960609436035156e+01
2.653710937500000000e+01
2.617503547668457031e+01
