3.709438323974609375e+01
3.631919479370117188e+01
3.586332321166992188e+01
3.689228820800781250e+01
3.712651824951171875e+01
3.715244293212890625e+01
3.699357986450195312e+01
3.688341903686523438e+01
3.706053924560546875e+01
3.685385894775390625e+01
3.635517883300781250e+01
3.646706390380859375e+01
3.667247009277343750e+01
3.707412338256835938e+01
3.708372497558593750e+01
3.695816802978515625e+01
3.693671035766601562e+01
3.716662216186523438e+01
3.718036651611328125e+01
3.718714523315429688e+01
3.717408752441406250e+01
3.713956451416015625e+01
3.702566146850585938e+01
3.669484329223632812e+01
3.627500152587890625e+01
3.597929000854492188e+01
3.629346847534179688e+01
3.687407684326171875e+01
3.704003906250000000e+01
3.702878952026367188e+01
3.691395950317382812e+01
3.693151855468750000e+01
3.706315994262695312e+01
3.697799301147460938e+01
3.690486526489257812e+01
3.673654937744140625e+01
3.658411788940429688e+01
3.659474182128906250e+01
3.651150131225585938e+01
3.652454757690429688e+01
3.647417068481445312e+01
3.642581939697265625e+01
3.646517562866210938e+01
3.644229125976562500e+01
3.657914352416992188e+01
3.665928268432617188e+01
3.668995285034179688e+01
3.684093475341796875e+01
3.698279190063476562e+01
3.698206329345703125e+01
3.682647705078125000e+01
3.676691818237304688e+01
3.676415252685546875e+01
3.678877258300781250e+01
3.672653198242187500e+01
3.681367874145507812e+01
3.692204284667968750e+01
3.712179565429687500e+01
3.721485519409179688e+01
3.703318405151367188e+01
3.694440841674804688e+01
3.688603210449218750e+01
3.689164733886718750e+01
3.677148437500000000e+01
3.652910232543945312e+01
3.639594268798828125e+01
3.595724868774414062e+01
3.568830108642578125e+01
3.606190490722656250e+01
3.615251541137695312e+01
3.647002792358398438e+01
3.631768417358398438e+01
3.647379684448242188e+01
3.691070938110351562e+01
3.724156570434570312e+01
3.747342681884765625e+01
3.755775451660156250e+01
3.753531646728515625e+01
3.749361801147460938e+01
3.758135604858398438e+01
3.767282867431640625e+01
3.771282196044921875e+01
3.775432968139648438e+01
3.774281692504882812e+01
3.771527862548828125e+01
3.762474822998046875e+01
3.754274749755859375e+01
3.714623260498046875e+01
3.615123367309570312e+01
3.601950836181640625e+01
3.639794540405273438e+01
3.721226501464843750e+01
3.721754455566406250e+01
3.705723190307617188e+01
3.687368392944335938e+01
3.666996765136718750e+01
3.623195648193359375e+01
3.646405792236328125e+01
3.690923309326171875e+01
3.694478988647460938e+01
3.693923950195312500e+01
3.704255676269531250e+01
3.670420837402343750e+01
3.659539794921875000e+01
3.514461517333984375e+01
