2.622737693786621094e+01
2.680632400512695312e+01
2.703696823120117188e+01
2.732631874084472656e+01
2.732483863830566406e+01
2.739256095886230469e+01
2.720476722717285156e+01
2.733749580383300781e+01
2.721276855468750000e+01
2.702427482604980469e+01
2.701097679138183594e+01
2.723868560791015625e+01
2.719762802124023438e+01
2.720264816284179688e+01
2.714646911621093750e+01
2.713160705566406250e+01
2.704675674438476562e+01
2.717882537841796875e+01
2.719777679443359375e+01
2.718248748779296875e+01
2.712938690185546875e+01
2.700392723083496094e+01
2.685744476318359375e+01
2.679769897460937500e+01
2.679612541198730469e+01
2.685998916625976562e+01
2.698629760742187500e+01
2.686660003662109375e+01
2.680783653259277344e+01
2.679882812500000000e+01
2.683604621887207031e+01
2.702681350708007812e+01
2.711219406127929688e+01
2.699255371093750000e+01
2.692403602600097656e+01
2.679044532775878906e+01
2.675366401672363281e+01
2.682404899597167969e+01
2.677886581420898438e+01
2.675714683532714844e+01
2.669584846496582031e+01
2.658891868591308594e+01
2.662153434753417969e+01
2.659961891174316406e+01
2.643820762634277344e+01
2.645891380310058594e+01
2.662990570068359375e+01
2.666084480285644531e+01
2.671370887756347656e+01
2.678969764709472656e+01
2.680027389526367188e+01
2.682708358764648438e+01
2.686892127990722656e+01
2.693721199035644531e+01
2.698110389709472656e+01
2.683819580078125000e+01
2.657909774780273438e+01
2.655897140502929688e+01
2.665406799316406250e+01
2.673009681701660156e+01
2.670335006713867188e+01
2.663830566406250000e+01
2.658775901794433594e+01
2.666524314880371094e+01
2.669571685791015625e+01
2.675455665588378906e+01
2.684718704223632812e+01
2.684942054748535156e+01
2.684230041503906250e+01
2.676430702209472656e+01
2.684340095520019531e+01
2.691919136047363281e+01
2.686373901367187500e+01
2.675048637390136719e+01
2.668902778625488281e+01
2.655546379089355469e+01
2.640071105957031250e+01
2.639313316345214844e+01
2.632777404785156250e+01
2.630750465393066406e+01
2.631307220458984375e+01
2.627014732360839844e+01
2.625569725036621094e+01
2.634536933898925781e+01
2.630173301696777344e+01
2.633103752136230469e+01
2.646006011962890625e+01
2.663928413391113281e+01
2.674787139892578125e+01
2.677634048461914062e+01
2.675098991394042969e+01
2.706161689758300781e+01
2.707954406738281250e+01
2.728371238708496094e+01
2.734363174438476562e+01
2.736984443664550781e+01
2.727600860595703125e+01
2.728263282775878906e+01
2.670123863220214844e+01
2.633870506286621094e+01
2.607329559326171875e+01
2.550809478759765625e+01
2.523397636413574219e+01
2.514015007019042969e+01
