3.520342254638671875e+01
3.646940994262695312e+01
3.761359024047851562e+01
3.774163055419921875e+01
3.759163284301757812e+01
3.720534133911132812e+01
3.739094924926757812e+01
3.770298385620117188e+01
3.772636032104492188e+01
3.774104309082031250e+01
3.759823989868164062e+01
3.746679306030273438e+01
3.730665206909179688e+01
3.704614257812500000e+01
3.711829757690429688e+01
3.740816116333007812e+01
3.758491516113281250e+01
3.761530303955078125e+01
3.754803085327148438e+01
3.737543106079101562e+01
3.745160675048828125e+01
3.767285537719726562e+01
3.792897415161132812e+01
3.800147628784179688e+01
3.800706863403320312e+01
3.816989135742187500e+01
3.832334136962890625e+01
3.840784072875976562e+01
3.825286865234375000e+01
3.817007064819335938e+01
3.810341262817382812e+01
3.789159011840820312e+01
3.782471084594726562e+01
3.787430953979492188e+01
3.802572250366210938e+01
3.799848937988281250e+01
3.804393386840820312e+01
3.807753753662109375e+01
3.804035568237304688e+01
3.796363830566406250e+01
3.799353790283203125e+01
3.790626144409179688e+01
3.777738189697265625e+01
3.765421295166015625e+01
3.753352737426757812e+01
3.756588363647460938e+01
3.775609970092773438e+01
3.775960922241210938e+01
3.783388137817382812e+01
3.802762603759765625e+01
3.789717483520507812e+01
3.739510726928710938e+01
3.669497299194335938e+01
3.650016784667968750e+01
3.701137161254882812e+01
3.729563522338867188e+01
3.743429946899414062e+01
3.764418792724609375e+01
3.763838958740234375e+01
3.752273941040039062e+01
3.785429382324218750e+01
3.782987213134765625e+01
3.792479324340820312e+01
3.797797393798828125e+01
3.801390838623046875e+01
3.781686019897460938e+01
3.752252578735351562e+01
3.742679595947265625e+01
3.764910888671875000e+01
3.785676193237304688e+01
3.793607711791992188e+01
3.798429489135742188e+01
3.784971618652343750e+01
3.778558731079101562e+01
3.783578109741210938e+01
3.770141601562500000e+01
3.756770324707031250e+01
3.760347366333007812e+01
3.764141464233398438e+01
3.751277160644531250e+01
3.755810165405273438e+01
3.757371520996093750e+01
3.767597961425781250e+01
3.775305557250976562e+01
3.771428680419921875e+01
3.783958053588867188e+01
3.787735366821289062e+01
3.788375854492187500e+01
3.785242843627929688e+01
3.775128936767578125e+01
3.777942276000976562e+01
3.766605377197265625e+01
3.760129547119140625e+01
3.758163833618164062e+01
3.762969970703125000e+01
3.740439605712890625e+01
3.730412673950195312e+01
3.702947998046875000e+01
3.659563446044921875e+01
3.704062652587890625e+01
3.739806747436523438e+01
3.728410720825195312e+01
3.700590133666992188e+01
3.695298385620117188e+01
3.694017410278320312e+01
3.696871566772460938e+01
3.700801086425781250e+01
3.689106369018554688e+01
