2.499135208129882812e+01
2.434346389770507812e+01
2.591209411621093750e+01
2.573750686645507812e+01
2.537000083923339844e+01
2.670737838745117188e+01
2.751418495178222656e+01
2.790215873718261719e+01
2.770825958251953125e+01
2.804133415222167969e+01
2.826781272888183594e+01
2.825461578369140625e+01
2.789153480529785156e+01
2.734408187866210938e+01
2.727209663391113281e+01
2.733629989624023438e+01
2.718181610107421875e+01
2.714235305786132812e+01
2.695002174377441406e+01
2.696698760986328125e+01
2.724278068542480469e+01
2.719246673583984375e+01
2.707121658325195312e+01
2.705134582519531250e+01
2.699311065673828125e+01
2.692629432678222656e+01
2.695166587829589844e+01
2.708584403991699219e+01
2.704949569702148438e+01
2.697309112548828125e+01
2.688764572143554688e+01
2.679183769226074219e+01
2.678431129455566406e+01
2.703036117553710938e+01
2.718212318420410156e+01
2.730157089233398438e+01
2.736267471313476562e+01
2.734895133972167969e+01
2.730203437805175781e+01
2.718890380859375000e+01
2.697329902648925781e+01
2.686221885681152344e+01
2.672604751586914062e+01
2.643143272399902344e+01
2.625761032104492188e+01
2.621940231323242188e+01
2.615877532958984375e+01
2.628079986572265625e+01
2.659506416320800781e+01
2.676618385314941406e+01
2.689225387573242188e+01
2.696011161804199219e+01
2.680034828186035156e+01
2.682591819763183594e+01
2.678709793090820312e+01
2.652704620361328125e+01
2.670786285400390625e+01
2.687855911254882812e+01
2.641529464721679688e+01
2.625073432922363281e+01
2.627024459838867188e+01
2.645689392089843750e+01
2.657675933837890625e+01
2.679869842529296875e+01
2.693116188049316406e+01
2.699532127380371094e+01
2.695228004455566406e+01
2.684771919250488281e+01
2.680349349975585938e+01
2.678102493286132812e+01
2.677997016906738281e+01
2.673707008361816406e+01
2.667266464233398438e+01
2.657955551147460938e+01
2.649462699890136719e+01
2.648550987243652344e+01
2.650260162353515625e+01
2.651066398620605469e+01
2.667421150207519531e+01
2.664886093139648438e+01
2.660128402709960938e+01
2.653034400939941406e+01
2.651663017272949219e+01
2.666589546203613281e+01
2.687642669677734375e+01
2.704405021667480469e+01
2.695283699035644531e+01
2.689328002929687500e+01
2.694235801696777344e+01
2.655645751953125000e+01
2.649101638793945312e+01
2.647844314575195312e+01
2.653980064392089844e+01
2.663222885131835938e+01
2.664567756652832031e+01
2.677387428283691406e+01
2.706518554687500000e+01
2.735636711120605469e+01
2.747362518310546875e+01
2.779767227172851562e+01
2.749534606933593750e+01
2.678677749633789062e+01
2.694344902038574219e+01
