2.621182060241699219e+01
2.657689285278320312e+01
2.675549697875976562e+01
2.707713127136230469e+01
2.714848709106445312e+01
2.711375617980957031e+01
2.723502731323242188e+01
2.673905181884765625e+01
2.641713905334472656e+01
2.640627479553222656e+01
2.647928810119628906e+01
2.673093414306640625e+01
2.701499176025390625e+01
2.721644783020019531e+01
2.723728370666503906e+01
2.696357536315917969e+01
2.657606697082519531e+01
2.650570487976074219e+01
2.647393989562988281e+01
2.638422584533691406e+01
2.659488487243652344e+01
2.666397285461425781e+01
2.661648368835449219e+01
2.661971092224121094e+01
2.668562126159667969e+01
2.672108459472656250e+01
2.662781524658203125e+01
2.644322204589843750e+01
2.651587104797363281e+01
2.681613540649414062e+01
2.702493667602539062e+01
2.718660163879394531e+01
2.707231140136718750e+01
2.693667030334472656e+01
2.688874626159667969e+01
2.686242485046386719e+01
2.682536697387695312e+01
2.689527130126953125e+01
2.708926010131835938e+01
2.725256538391113281e+01
2.739075088500976562e+01
2.748115921020507812e+01
2.756793212890625000e+01
2.759822654724121094e+01
2.748311042785644531e+01
2.717269897460937500e+01
2.694981384277343750e+01
2.672328948974609375e+01
2.657950592041015625e+01
2.659766578674316406e+01
2.652969551086425781e+01
2.640169143676757812e+01
2.642764472961425781e+01
2.649897003173828125e+01
2.648906517028808594e+01
2.645186233520507812e+01
2.646768951416015625e+01
2.649660301208496094e+01
2.652414703369140625e+01
2.649907302856445312e+01
2.644755744934082031e+01
2.648653221130371094e+01
2.649053764343261719e+01
2.656060600280761719e+01
2.667625045776367188e+01
2.674510765075683594e+01
2.678271293640136719e+01
2.678463554382324219e+01
2.686859703063964844e+01
2.706637001037597656e+01
2.723576736450195312e+01
2.716156959533691406e+01
2.712452125549316406e+01
2.717181968688964844e+01
2.713522529602050781e+01
2.718197822570800781e+01
2.722451591491699219e+01
2.725408744812011719e+01
2.725083541870117188e+01
2.715062332153320312e+01
2.713047027587890625e+01
2.699365997314453125e+01
2.675769615173339844e+01
2.671666526794433594e+01
2.671295547485351562e+01
2.673741149902343750e+01
2.679026412963867188e+01
2.728496360778808594e+01
2.758176040649414062e+01
2.763036346435546875e+01
2.672129440307617188e+01
2.645431327819824219e+01
2.599137496948242188e+01
2.538974189758300781e+01
