3.594713211059570312e+01
3.494609069824218750e+01
3.479166412353515625e+01
3.528841781616210938e+01
3.613096237182617188e+01
3.707704544067382812e+01
3.740129852294921875e+01
3.766237640380859375e+01
3.769683074951171875e+01
3.773117828369140625e+01
3.761156845092773438e+01
3.758280944824218750e+01
3.737274932861328125e+01
3.723925399780273438e+01
3.730004119873046875e+01
3.718936538696289062e+01
3.714163589477539062e+01
3.708184432983398438e+01
3.720317840576171875e+01
3.713227081298828125e+01
3.691422653198242188e+01
3.679703140258789062e+01
3.636172103881835938e+01
3.621210861206054688e+01
3.653081512451171875e+01
3.638747024536132812e+01
3.624702072143554688e+01
3.675450515747070312e+01
3.692694091796875000e+01
3.705952072143554688e+01
3.724475097656250000e+01
3.735999298095703125e+01
3.737259674072265625e+01
3.727364349365234375e+01
3.720903778076171875e+01
3.681756210327148438e+01
3.601311492919921875e+01
3.603805160522460938e+01
3.612675857543945312e+01
3.547886276245117188e+01
3.413497161865234375e+01
3.396579742431640625e+01
3.415405654907226562e+01
3.438132095336914062e+01
3.476824569702148438e+01
3.552268600463867188e+01
3.559480667114257812e+01
3.566870880126953125e+01
3.682217025756835938e+01
3.695509719848632812e+01
3.669007110595703125e+01
3.658398437500000000e+01
3.629016113281250000e+01
3.598631286621093750e+01
3.568331909179687500e+01
3.606666564941406250e+01
3.643922042846679688e+01
3.628270721435546875e+01
3.611574554443359375e+01
3.521879577636718750e+01
3.471044158935546875e+01
3.481951141357421875e+01
3.589573669433593750e+01
3.625616073608398438e+01
3.622278594970703125e+01
3.654795837402343750e+01
3.615842819213867188e+01
3.537467956542968750e+01
3.493666458129882812e+01
3.459090042114257812e+01
3.472602462768554688e+01
3.516403961181640625e+01
3.537471771240234375e+01
3.507020568847656250e+01
3.541426086425781250e+01
3.636589431762695312e+01
3.691058731079101562e+01
3.716174697875976562e+01
3.700994491577148438e+01
3.693958663940429688e+01
3.705087661743164062e+01
3.720607757568359375e+01
3.731720733642578125e+01
3.730090713500976562e+01
3.741396713256835938e+01
3.742900848388671875e+01
3.721722793579101562e+01
3.652899932861328125e+01
3.600025558471679688e+01
3.583081054687500000e+01
3.608136367797851562e+01
3.639768600463867188e+01
3.692710113525390625e+01
3.691236114501953125e+01
3.722098159790039062e+01
3.737155151367187500e+01
3.742529296875000000e+01
3.742474365234375000e+01
3.705004119873046875e+01
3.593543624877929688e+01
3.489999008178710938e+01
3.454303359985351562e+01
3.448211669921875000e+01
3.486414718627929688e+01
3.605071640014648438e+01
3.652273178100585938e+01
3.664091873168945312e+01
3.561809158325195312e+01
