3.797375488281250000e+01
3.821755218505859375e+01
3.830925369262695312e+01
3.848343276977539062e+01
3.796903991699218750e+01
3.777933502197265625e+01
3.782722854614257812e+01
3.782125091552734375e+01
3.773044204711914062e+01
3.779954910278320312e+01
3.808792114257812500e+01
3.817559814453125000e+01
3.811032104492187500e+01
3.805850601196289062e+01
3.788586807250976562e+01
3.767798614501953125e+01
3.764672851562500000e+01
3.776976394653320312e+01
3.796926116943359375e+01
3.792150497436523438e+01
3.760165023803710938e+01
3.753135681152343750e+01
3.755626678466796875e+01
3.763859558105468750e+01
3.767868423461914062e+01
3.779224014282226562e+01
3.785161590576171875e+01
3.804133605957031250e+01
3.814583587646484375e+01
3.807702255249023438e+01
3.796632003784179688e+01
3.795191574096679688e+01
3.773194885253906250e+01
3.733749389648437500e+01
3.690426635742187500e+01
3.684799194335937500e+01
3.683914184570312500e+01
3.709046554565429688e+01
3.725546646118164062e+01
3.742761230468750000e+01
3.752144241333007812e+01
3.742389297485351562e+01
3.739234542846679688e+01
3.729335784912109375e+01
3.755276107788085938e+01
3.757015228271484375e+01
3.776286315917968750e+01
3.786946105957031250e+01
3.784974670410156250e+01
3.768026351928710938e+01
3.806799316406250000e+01
3.799471664428710938e+01
3.801505279541015625e+01
3.766490936279296875e+01
3.752669525146484375e+01
3.750270843505859375e+01
3.752042770385742188e+01
3.755173492431640625e+01
3.761349487304687500e+01
3.769741821289062500e+01
3.787590026855468750e+01
3.795201110839843750e+01
3.778429794311523438e+01
3.766563034057617188e+01
3.739090728759765625e+01
3.742754364013671875e+01
3.751542663574218750e+01
3.731506729125976562e+01
3.736199188232421875e+01
3.765449523925781250e+01
3.771943664550781250e+01
3.769738388061523438e+01
3.773052215576171875e+01
3.781344604492187500e+01
3.782352828979492188e+01
3.780207824707031250e+01
3.778235626220703125e+01
3.769091033935546875e+01
3.761474227905273438e+01
3.762020492553710938e+01
3.762986373901367188e+01
3.776328659057617188e+01
3.787662124633789062e+01
3.797420501708984375e+01
3.805351638793945312e+01
3.810185623168945312e+01
3.808683013916015625e+01
3.826545715332031250e+01
3.838227081298828125e+01
3.838453292846679688e+01
3.852993011474609375e+01
3.838776397705078125e+01
3.830475997924804688e+01
3.838335037231445312e+01
3.822393417358398438e+01
3.789106369018554688e+01
3.783634948730468750e+01
3.781727218627929688e+01
3.798474502563476562e+01
3.818903732299804688e+01
3.814552307128906250e+01
3.805015182495117188e+01
3.780655670166015625e+01
3.772978973388671875e+01
