3.133084487915039062e+01
3.083799552917480469e+01
3.030377578735351562e+01
3.061812019348144531e+01
3.149502944946289062e+01
3.263854980468750000e+01
3.282535934448242188e+01
3.245163345336914062e+01
3.212992477416992188e+01
3.181095886230468750e+01
3.195825386047363281e+01
3.209215927124023438e+01
3.275431060791015625e+01
3.317963790893554688e+01
3.333889007568359375e+01
3.326697921752929688e+01
3.333540725708007812e+01
3.325121688842773438e+01
3.326726150512695312e+01
3.323975753784179688e+01
3.349990081787109375e+01
3.352183532714843750e+01
3.350140762329101562e+01
3.345420455932617188e+01
3.337576293945312500e+01
3.333266830444335938e+01
3.311952209472656250e+01
3.321067428588867188e+01
3.352566528320312500e+01
3.362460708618164062e+01
3.382317733764648438e+01
3.390290451049804688e+01
3.394680023193359375e+01
3.407106018066406250e+01
3.419136428833007812e+01
3.408164596557617188e+01
3.389214706420898438e+01
3.368645858764648438e+01
3.375671768188476562e+01
3.399283981323242188e+01
3.416985702514648438e+01
3.431153106689453125e+01
3.463716888427734375e+01
3.474096298217773438e+01
3.459660339355468750e+01
3.440100860595703125e+01
3.422266769409179688e+01
3.406949615478515625e+01
3.408089828491210938e+01
3.389275360107421875e+01
3.203642272949218750e+01
3.247034072875976562e+01
3.321710205078125000e+01
3.373731994628906250e+01
3.393296813964843750e+01
3.346200180053710938e+01
3.259222030639648438e+01
3.220289230346679688e+01
3.221370315551757812e+01
3.286940002441406250e+01
3.276494979858398438e+01
3.220446777343750000e+01
3.220160293579101562e+01
3.328534317016601562e+01
3.406441116333007812e+01
3.399861526489257812e+01
3.395489501953125000e+01
3.392467117309570312e+01
3.410301971435546875e+01
3.435672760009765625e+01
3.443160247802734375e+01
3.457563400268554688e+01
3.460232925415039062e+01
3.463970947265625000e+01
3.448248291015625000e+01
3.402885437011718750e+01
3.369042205810546875e+01
3.327847671508789062e+01
3.319933319091796875e+01
3.305722045898437500e+01
3.330276489257812500e+01
3.341767883300781250e+01
3.342848587036132812e+01
3.352167892456054688e+01
3.361318588256835938e+01
3.350976562500000000e+01
3.335539627075195312e+01
3.332732391357421875e+01
3.315164566040039062e+01
3.301525115966796875e+01
3.293197250366210938e+01
3.345522689819335938e+01
3.378924942016601562e+01
3.388265609741210938e+01
3.367173767089843750e+01
3.355913162231445312e+01
3.356571578979492188e+01
3.364253616333007812e+01
3.375266265869140625e+01
3.379366683959960938e+01
3.358677291870117188e+01
3.351953506469726562e+01
3.333136367797851562e+01
3.328148651123046875e+01
3.325168609619140625e+01
3.323764419555664062e+01
3.318996810913085938e+01
