3.772175979614257812e+01
3.769221878051757812e+01
3.753964996337890625e+01
3.741950607299804688e+01
3.760442733764648438e+01
3.768420028686523438e+01
3.784180450439453125e+01
3.792283248901367188e+01
3.788694381713867188e+01
3.774897003173828125e+01
3.770723724365234375e+01
3.770859909057617188e+01
3.777780532836914062e+01
3.778194046020507812e+01
3.776144790649414062e+01
3.770867538452148438e+01
3.772994232177734375e+01
3.787592697143554688e+01
3.780521392822265625e+01
3.758816909790039062e+01
3.741112518310546875e+01
3.737335586547851562e+01
3.757448196411132812e+01
3.776187133789062500e+01
3.783729171752929688e+01
3.786672973632812500e+01
3.774657058715820312e+01
3.777226638793945312e+01
3.779776000976562500e+01
3.781257629394531250e+01
3.780160522460937500e+01
3.781609725952148438e+01
3.764932632446289062e+01
3.748231887817382812e+01
3.750210189819335938e+01
3.754875183105468750e+01
3.753195190429687500e+01
3.759612274169921875e+01
3.752427291870117188e+01
3.712810134887695312e+01
3.686893081665039062e+01
3.697425842285156250e+01
3.699057388305664062e+01
3.701599884033203125e+01
3.700005722045898438e+01
3.694043350219726562e+01
3.685555267333984375e+01
3.650009536743164062e+01
3.641604232788085938e+01
3.654957962036132812e+01
3.692775344848632812e+01
3.713518524169921875e+01
3.712891006469726562e+01
3.725254440307617188e+01
3.738939666748046875e+01
3.750392532348632812e+01
3.739197921752929688e+01
3.693685150146484375e+01
3.636635208129882812e+01
3.616967391967773438e+01
3.570146560668945312e+01
3.583646011352539062e+01
3.622261810302734375e+01
3.639403152465820312e+01
3.625864791870117188e+01
3.618684387207031250e+01
3.621175765991210938e+01
3.612373733520507812e+01
3.609489822387695312e+01
3.604611587524414062e+01
3.615073776245117188e+01
3.615658569335937500e+01
3.627901840209960938e+01
3.635358047485351562e+01
3.668915939331054688e+01
3.693218612670898438e+01
3.697920608520507812e+01
3.681336975097656250e+01
3.660649871826171875e+01
3.627818298339843750e+01
3.665033340454101562e+01
3.717490768432617188e+01
3.727285385131835938e+01
3.723476409912109375e+01
3.696574783325195312e+01
3.711833190917968750e+01
3.726572799682617188e+01
3.737230300903320312e+01
3.729842376708984375e+01
3.722082138061523438e+01
3.730581665039062500e+01
3.727894592285156250e+01
3.707410049438476562e+01
3.722891616821289062e+01
3.748039245605468750e+01
3.759655761718750000e+01
3.756665802001953125e+01
3.738340759277343750e+01
3.716257858276367188e+01
