3.420623016357421875e+01
3.433221817016601562e+01
3.403145217895507812e+01
3.414430236816406250e+01
3.407841110229492188e+01
3.450647354125976562e+01
3.530979156494140625e+01
3.648920059204101562e+01
3.631822586059570312e+01
3.542454147338867188e+01
3.644104385375976562e+01
3.602859878540039062e+01
3.527840805053710938e+01
3.514085006713867188e+01
3.502809906005859375e+01
3.460250473022460938e+01
3.409259033203125000e+01
3.384091567993164062e+01
3.394993972778320312e+01
3.400125885009765625e+01
3.398527908325195312e+01
3.426150894165039062e+01
3.458234786987304688e+01
3.474775695800781250e+01
3.459868621826171875e+01
3.446304702758789062e+01
3.448350143432617188e+01
3.452504348754882812e+01
3.466152191162109375e+01
3.464773941040039062e+01
3.494738006591796875e+01
3.505725860595703125e+01
3.480153656005859375e+01
3.449435043334960938e+01
3.416726684570312500e+01
3.432385253906250000e+01
3.448324966430664062e+01
3.475498580932617188e+01
3.473318099975585938e+01
3.468396377563476562e+01
3.482602691650390625e+01
3.492408752441406250e+01
3.485008239746093750e+01
3.468587112426757812e+01
3.450968170166015625e+01
3.468733978271484375e+01
3.467239761352539062e+01
3.482259368896484375e+01
3.566120147705078125e+01
3.574871444702148438e+01
3.453626251220703125e+01
3.444335937500000000e+01
3.453718185424804688e+01
3.460171127319335938e+01
3.495933151245117188e+01
3.434505081176757812e+01
3.403096008300781250e+01
3.384977722167968750e+01
3.365260696411132812e+01
3.340899658203125000e+01
3.343352127075195312e+01
3.357325744628906250e+01
3.379173278808593750e+01
3.396838760375976562e+01
3.410092926025390625e+01
3.399550247192382812e+01
3.389337158203125000e+01
3.382060623168945312e+01
3.372700500488281250e+01
3.400777816772460938e+01
3.436705780029296875e+01
3.449987411499023438e+01
3.431888961791992188e+01
3.414424133300781250e+01
3.409341049194335938e+01
3.449877166748046875e+01
3.472207641601562500e+01
3.494411849975585938e+01
3.603667449951171875e+01
3.529066085815429688e+01
3.389326858520507812e+01
3.368966293334960938e+01
3.359397125244140625e+01
3.339881515502929688e+01
3.343656921386718750e+01
3.378222274780273438e+01
3.389870834350585938e+01
3.362479782104492188e+01
3.374116516113281250e+01
3.373567199707031250e+01
3.371134567260742188e+01
3.386118316650390625e+01
3.422311401367187500e+01
3.464600753784179688e+01
3.573558807373046875e+01
3.605549621582031250e+01
3.653401565551757812e+01
3.681592941284179688e+01
3.701269149780273438e+01
3.653698348999023438e+01
3.509534454345703125e+01
3.441967391967773438e+01
