2.430441093444824219e+01
2.424780845642089844e+01
2.454860305786132812e+01
2.457268714904785156e+01
2.481084060668945312e+01
2.461423683166503906e+01
2.453445053100585938e+01
2.452570724487304688e+01
2.467894172668457031e+01
2.480528259277343750e+01
2.497059249877929688e+01
2.510696983337402344e+01
2.521668434143066406e+01
2.535832405090332031e+01
2.544064140319824219e+01
2.567335700988769531e+01
2.568678283691406250e+01
2.576758384704589844e+01
2.577214431762695312e+01
2.571739768981933594e+01
2.565229034423828125e+01
2.559846115112304688e+01
2.556430435180664062e+01
2.559470176696777344e+01
2.573941802978515625e+01
2.594347190856933594e+01
2.611310386657714844e+01
2.609643554687500000e+01
2.615918731689453125e+01
2.610533523559570312e+01
2.612652587890625000e+01
2.615722846984863281e+01
2.620114898681640625e+01
2.617955398559570312e+01
2.616601562500000000e+01
2.617379570007324219e+01
2.615607261657714844e+01
2.587467002868652344e+01
2.563330650329589844e+01
2.544457817077636719e+01
2.550443077087402344e+01
2.551790046691894531e+01
2.571226692199707031e+01
2.589708518981933594e+01
2.598845291137695312e+01
2.595178413391113281e+01
2.583546066284179688e+01
2.576629257202148438e+01
2.577921104431152344e+01
2.580259704589843750e+01
2.577329635620117188e+01
2.578750991821289062e+01
2.582973289489746094e+01
2.596719360351562500e+01
2.603485298156738281e+01
2.612277984619140625e+01
2.617172050476074219e+01
2.600886535644531250e+01
2.589998626708984375e+01
2.587475395202636719e+01
2.593998336791992188e+01
2.604499053955078125e+01
2.605144882202148438e+01
2.599435997009277344e+01
2.591385078430175781e+01
2.593203163146972656e+01
2.603231239318847656e+01
2.612058067321777344e+01
2.630266571044921875e+01
2.642418289184570312e+01
2.647046279907226562e+01
2.636811447143554688e+01
2.625116157531738281e+01
2.617288970947265625e+01
2.611272239685058594e+01
2.603487777709960938e+01
2.604115295410156250e+01
2.604827117919921875e+01
2.603906822204589844e+01
2.585863876342773438e+01
2.572579193115234375e+01
2.556810760498046875e+01
2.546322822570800781e+01
2.544217681884765625e+01
2.548031234741210938e+01
2.560158538818359375e+01
2.568479728698730469e+01
2.569869422912597656e+01
2.561874389648437500e+01
2.550258827209472656e+01
2.532609367370605469e+01
2.535566329956054688e+01
2.538358497619628906e+01
2.546736526489257812e+01
2.537576293945312500e+01
2.535819625854492188e+01
2.542080879211425781e+01
2.556892013549804688e+01
2.582509613037109375e+01
2.586660385131835938e+01
2.582605361938476562e+01
2.586513710021972656e+01
2.585714149475097656e+01
2.553618431091308594e+01
