3.450032043457031250e+01
3.391042327880859375e+01
3.484334564208984375e+01
3.604237747192382812e+01
3.593565750122070312e+01
3.571017837524414062e+01
3.551068496704101562e+01
3.517522430419921875e+01
3.485867691040039062e+01
3.580507278442382812e+01
3.492983245849609375e+01
3.601748657226562500e+01
3.677922439575195312e+01
3.700756072998046875e+01
3.699521255493164062e+01
3.667698669433593750e+01
3.643112564086914062e+01
3.610586166381835938e+01
3.609825515747070312e+01
3.597714233398437500e+01
3.599174499511718750e+01
3.649879074096679688e+01
3.664476013183593750e+01
3.665731811523437500e+01
3.639191055297851562e+01
3.624292755126953125e+01
3.644294357299804688e+01
3.584610366821289062e+01
3.560084152221679688e+01
3.551135635375976562e+01
3.559492874145507812e+01
3.582551193237304688e+01
3.627332305908203125e+01
3.661801147460937500e+01
3.671877670288085938e+01
3.667237854003906250e+01
3.655821990966796875e+01
3.662300872802734375e+01
3.663359451293945312e+01
3.663772201538085938e+01
3.661114883422851562e+01
3.678197479248046875e+01
3.700924301147460938e+01
3.677738189697265625e+01
3.681865692138671875e+01
3.668045425415039062e+01
3.665778350830078125e+01
3.670441436767578125e+01
3.646031951904296875e+01
3.647458267211914062e+01
3.641181564331054688e+01
3.552098464965820312e+01
3.506870269775390625e+01
3.563267135620117188e+01
3.597044754028320312e+01
3.628997802734375000e+01
3.638544082641601562e+01
3.557873535156250000e+01
3.497113800048828125e+01
3.486682128906250000e+01
3.516930770874023438e+01
3.573917007446289062e+01
3.606512069702148438e+01
3.643986511230468750e+01
3.647745513916015625e+01
3.601592254638671875e+01
3.556516265869140625e+01
3.524293899536132812e+01
3.581834793090820312e+01
3.634451293945312500e+01
3.653738784790039062e+01
3.657223892211914062e+01
3.654736328125000000e+01
3.645492935180664062e+01
3.614116668701171875e+01
3.595066070556640625e+01
3.573325729370117188e+01
3.569437408447265625e+01
3.537489700317382812e+01
3.545309448242187500e+01
3.561327743530273438e+01
3.540891647338867188e+01
3.478794860839843750e+01
3.508999633789062500e+01
3.488256835937500000e+01
3.455139541625976562e+01
3.475158691406250000e+01
3.435985183715820312e+01
3.416560745239257812e+01
3.427484130859375000e+01
3.467161178588867188e+01
3.492457199096679688e+01
3.475384521484375000e+01
3.476165390014648438e+01
3.433298110961914062e+01
3.399303817749023438e+01
3.409123992919921875e+01
3.429335403442382812e+01
3.446780776977539062e+01
3.475057983398437500e+01
3.514772033691406250e+01
3.427615356445312500e+01
3.395171356201171875e+01
3.379925537109375000e+01
3.400869750976562500e+01
3.463287734985351562e+01
