3.666139984130859375e+01
3.656070709228515625e+01
3.665107727050781250e+01
3.684769058227539062e+01
3.747697067260742188e+01
3.733289337158203125e+01
3.735572433471679688e+01
3.774320983886718750e+01
3.777319335937500000e+01
3.741650390625000000e+01
3.729950714111328125e+01
3.759672927856445312e+01
3.763184356689453125e+01
3.755157470703125000e+01
3.741000366210937500e+01
3.779625701904296875e+01
3.832765579223632812e+01
3.815094757080078125e+01
3.811194610595703125e+01
3.804273223876953125e+01
3.820159530639648438e+01
3.829201507568359375e+01
3.806059646606445312e+01
3.734010314941406250e+01
3.739999771118164062e+01
3.763822174072265625e+01
3.789349365234375000e+01
3.792093658447265625e+01
3.795999908447265625e+01
3.789059829711914062e+01
3.770878219604492188e+01
3.782652664184570312e+01
3.799121475219726562e+01
3.815438461303710938e+01
3.839139556884765625e+01
3.836479568481445312e+01
3.839347457885742188e+01
3.845319747924804688e+01
3.849665451049804688e+01
3.826324844360351562e+01
3.828004837036132812e+01
3.795962905883789062e+01
3.716223144531250000e+01
3.720810699462890625e+01
3.749409866333007812e+01
3.769062423706054688e+01
3.806869506835937500e+01
3.801567077636718750e+01
3.779744338989257812e+01
3.783496475219726562e+01
3.776705932617187500e+01
3.786641693115234375e+01
3.796964263916015625e+01
3.796313476562500000e+01
3.792251586914062500e+01
3.762820434570312500e+01
3.771516036987304688e+01
3.764141464233398438e+01
3.770239257812500000e+01
3.790513229370117188e+01
3.783373641967773438e+01
3.753503417968750000e+01
3.761321258544921875e+01
3.767692184448242188e+01
3.767843627929687500e+01
3.777652359008789062e+01
3.781756210327148438e+01
3.787472152709960938e+01
3.768891143798828125e+01
3.746032714843750000e+01
3.787616729736328125e+01
3.780060577392578125e+01
3.741030120849609375e+01
3.752943420410156250e+01
3.775970077514648438e+01
3.798256683349609375e+01
3.809135055541992188e+01
3.792244720458984375e+01
3.766054916381835938e+01
3.770383453369140625e+01
3.746408843994140625e+01
3.763068389892578125e+01
3.759666061401367188e+01
3.773708724975585938e+01
3.781497955322265625e+01
3.757356643676757812e+01
3.760220336914062500e+01
3.750057983398437500e+01
3.764770507812500000e+01
3.764520263671875000e+01
3.750570297241210938e+01
3.757699584960937500e+01
3.766674423217773438e+01
3.774642181396484375e+01
3.811486816406250000e+01
3.790761947631835938e+01
3.794073867797851562e+01
3.793941879272460938e+01
3.795373535156250000e+01
3.748653411865234375e+01
3.710556793212890625e+01
3.725814437866210938e+01
3.779119873046875000e+01
3.809457778930664062e+01
3.834840011596679688e+01
