3.817647933959960938e+01
3.827422332763671875e+01
3.814348983764648438e+01
3.811403656005859375e+01
3.820039367675781250e+01
3.810156631469726562e+01
3.788085937500000000e+01
3.758909988403320312e+01
3.796887207031250000e+01
3.797774887084960938e+01
3.795335388183593750e+01
3.788917922973632812e+01
3.774915313720703125e+01
3.777664184570312500e+01
3.787616348266601562e+01
3.776532363891601562e+01
3.784658432006835938e+01
3.786981201171875000e+01
3.801171112060546875e+01
3.816751480102539062e+01
3.802568435668945312e+01
3.783848953247070312e+01
3.779710006713867188e+01
3.777962493896484375e+01
3.778660964965820312e+01
3.776556396484375000e+01
3.767003631591796875e+01
3.763074874877929688e+01
3.727235412597656250e+01
3.752143096923828125e+01
3.770624160766601562e+01
3.785714340209960938e+01
3.771867752075195312e+01
3.761761856079101562e+01
3.755093002319335938e+01
3.753536605834960938e+01
3.741683197021484375e+01
3.700288772583007812e+01
3.662466049194335938e+01
3.658687210083007812e+01
3.663915252685546875e+01
3.679244995117187500e+01
3.690587615966796875e+01
3.700428771972656250e+01
3.725015258789062500e+01
3.746295928955078125e+01
3.753954696655273438e+01
3.748777770996093750e+01
3.738288879394531250e+01
3.739710617065429688e+01
3.752194213867187500e+01
3.754808425903320312e+01
3.744903564453125000e+01
3.663862609863281250e+01
3.628428649902343750e+01
3.667567825317382812e+01
3.625777435302734375e+01
3.702549362182617188e+01
3.726321029663085938e+01
3.656483459472656250e+01
3.640398406982421875e+01
3.701288986206054688e+01
3.759395980834960938e+01
3.752341079711914062e+01
3.734726333618164062e+01
3.732136917114257812e+01
3.704591751098632812e+01
3.707359313964843750e+01
3.719984817504882812e+01
3.717910766601562500e+01
3.722887420654296875e+01
3.736946105957031250e+01
3.752765274047851562e+01
3.754637908935546875e+01
3.764368057250976562e+01
3.784749603271484375e+01
3.815830612182617188e+01
3.822612762451171875e+01
3.807405471801757812e+01
3.789195632934570312e+01
3.814582443237304688e+01
3.846441268920898438e+01
3.845770645141601562e+01
3.845255661010742188e+01
3.855004119873046875e+01
3.839323043823242188e+01
3.824361801147460938e+01
3.807521820068359375e+01
3.788150787353515625e+01
3.779576110839843750e+01
3.781836700439453125e+01
3.791219329833984375e+01
3.830652999877929688e+01
3.823084259033203125e+01
