3.518875885009765625e+01
3.459506225585937500e+01
3.468148040771484375e+01
3.379167175292968750e+01
3.384571838378906250e+01
3.399694442749023438e+01
3.408339309692382812e+01
3.396135330200195312e+01
3.373942565917968750e+01
3.364067459106445312e+01
3.357728195190429688e+01
3.354500961303710938e+01
3.358037948608398438e+01
3.358964157104492188e+01
3.358338546752929688e+01
3.345561599731445312e+01
3.353426742553710938e+01
3.351683425903320312e+01
3.353879928588867188e+01
3.332262039184570312e+01
3.336261367797851562e+01
3.316053771972656250e+01
3.307726287841796875e+01
3.317191314697265625e+01
3.324293899536132812e+01
3.335887145996093750e+01
3.341961669921875000e+01
3.358340072631835938e+01
3.370606231689453125e+01
3.483163833618164062e+01
3.461858367919921875e+01
3.466779708862304688e+01
3.380126953125000000e+01
3.369764709472656250e+01
3.384075546264648438e+01
3.387859725952148438e+01
3.391444396972656250e+01
3.398619079589843750e+01
3.414128875732421875e+01
3.415936279296875000e+01
3.485052490234375000e+01
3.464213180541992188e+01
3.467939376831054688e+01
3.465022277832031250e+01
3.517554855346679688e+01
3.502521133422851562e+01
3.463372802734375000e+01
3.391595077514648438e+01
3.376787567138671875e+01
3.327488327026367188e+01
3.371135711669921875e+01
3.343305587768554688e+01
3.299074172973632812e+01
3.376965713500976562e+01
3.481118011474609375e+01
3.531591415405273438e+01
3.494090652465820312e+01
3.430426025390625000e+01
3.402757644653320312e+01
3.377392959594726562e+01
3.352900695800781250e+01
3.343911743164062500e+01
3.343359756469726562e+01
3.361083602905273438e+01
3.340616226196289062e+01
3.334294509887695312e+01
3.328553771972656250e+01
3.338076400756835938e+01
3.367074584960937500e+01
3.402508544921875000e+01
3.377873611450195312e+01
3.331703186035156250e+01
3.309679794311523438e+01
3.313125228881835938e+01
3.308859252929687500e+01
3.277687072753906250e+01
3.273605728149414062e+01
3.293693161010742188e+01
3.304202270507812500e+01
3.300306320190429688e+01
3.290756988525390625e+01
3.317297744750976562e+01
3.329391479492187500e+01
3.333084106445312500e+01
3.345761108398437500e+01
3.378729248046875000e+01
3.419051742553710938e+01
3.443270874023437500e+01
3.438130950927734375e+01
3.524758911132812500e+01
3.572975921630859375e+01
3.525000762939453125e+01
3.469222259521484375e+01
3.429198837280273438e+01
3.399801635742187500e+01
3.392816925048828125e+01
3.404238510131835938e+01
3.412146759033203125e+01
3.441747283935546875e+01
3.509897994995117188e+01
3.650125503540039062e+01
3.555605316162109375e+01
