2.878325080871582031e+01
2.929392433166503906e+01
3.012853050231933594e+01
3.066699409484863281e+01
3.156561088562011719e+01
3.194997787475585938e+01
3.195856475830078125e+01
3.176774787902832031e+01
3.153730964660644531e+01
3.133160400390625000e+01
3.118392372131347656e+01
3.102709007263183594e+01
3.077927780151367188e+01
3.070806694030761719e+01
3.100481796264648438e+01
3.118484497070312500e+01
3.101802825927734375e+01
3.078987693786621094e+01
3.061867332458496094e+01
3.073440933227539062e+01
3.073349571228027344e+01
3.085003089904785156e+01
3.118244361877441406e+01
3.134877395629882812e+01
3.148740386962890625e+01
3.163304328918457031e+01
3.177728843688964844e+01
3.208603286743164062e+01
3.245222854614257812e+01
3.235451889038085938e+01
3.223060226440429688e+01
3.203894805908203125e+01
3.193957710266113281e+01
3.206280517578125000e+01
3.219358444213867188e+01
3.180831909179687500e+01
3.160736083984375000e+01
3.146285438537597656e+01
3.150219154357910156e+01
3.193575477600097656e+01
3.241122817993164062e+01
3.276322174072265625e+01
3.257276535034179688e+01
3.238953018188476562e+01
3.180748176574707031e+01
3.162257957458496094e+01
3.155434799194335938e+01
3.171373367309570312e+01
3.181783676147460938e+01
3.186477851867675781e+01
3.198916244506835938e+01
3.217225265502929688e+01
3.224718856811523438e+01
3.241421508789062500e+01
3.249174118041992188e+01
3.276473236083984375e+01
3.292236709594726562e+01
3.284672927856445312e+01
3.271690368652343750e+01
3.288942718505859375e+01
3.298211669921875000e+01
3.280693435668945312e+01
3.267548370361328125e+01
3.230932235717773438e+01
3.224102401733398438e+01
3.226987457275390625e+01
3.200557708740234375e+01
3.227242660522460938e+01
3.232617187500000000e+01
3.222241973876953125e+01
3.246752166748046875e+01
3.293951797485351562e+01
3.327532958984375000e+01
3.318907546997070312e+01
3.289816284179687500e+01
3.266125869750976562e+01
3.263458251953125000e+01
3.224235916137695312e+01
3.207895278930664062e+01
3.226905059814453125e+01
3.225454711914062500e+01
3.229076766967773438e+01
3.247339248657226562e+01
3.284608078002929688e+01
3.295312881469726562e+01
3.290902709960937500e+01
3.318245697021484375e+01
3.321894454956054688e+01
3.304140853881835938e+01
3.296113586425781250e+01
3.281299972534179688e+01
3.247825241088867188e+01
3.237483596801757812e+01
3.228730392456054688e+01
3.225121688842773438e+01
3.234929656982421875e+01
3.249445724487304688e+01
3.265466690063476562e+01
3.288642883300781250e+01
3.336913299560546875e+01
3.350673675537109375e+01
