3.348680877685546875e+01
3.390612792968750000e+01
3.400918579101562500e+01
3.433917617797851562e+01
3.435620498657226562e+01
3.449198532104492188e+01
3.474315261840820312e+01
3.479059219360351562e+01
3.487293243408203125e+01
3.490768432617187500e+01
3.474085998535156250e+01
3.443668746948242188e+01
3.387768173217773438e+01
3.337121582031250000e+01
3.279644393920898438e+01
3.261921310424804688e+01
3.260345458984375000e+01
3.266208648681640625e+01
3.370876312255859375e+01
3.451131820678710938e+01
3.501093673706054688e+01
3.528117370605468750e+01
3.498560714721679688e+01
3.467518234252929688e+01
3.475464630126953125e+01
3.536869430541992188e+01
3.528036880493164062e+01
3.563573074340820312e+01
3.652757263183593750e+01
3.686202621459960938e+01
3.701263809204101562e+01
3.734203338623046875e+01
3.722114181518554688e+01
3.624341583251953125e+01
3.465678405761718750e+01
3.464848327636718750e+01
3.479257965087890625e+01
3.471120071411132812e+01
3.444773864746093750e+01
3.429885864257812500e+01
3.427624511718750000e+01
3.449035263061523438e+01
3.465593719482421875e+01
3.457093811035156250e+01
3.440604019165039062e+01
3.445104980468750000e+01
3.452009201049804688e+01
3.466316986083984375e+01
3.480010223388671875e+01
3.472067260742187500e+01
3.465115737915039062e+01
3.465532684326171875e+01
3.459178543090820312e+01
3.479173278808593750e+01
3.493098449707031250e+01
3.500163269042968750e+01
3.521454238891601562e+01
3.520825958251953125e+01
3.510981369018554688e+01
3.495098876953125000e+01
3.488383865356445312e+01
3.507820892333984375e+01
3.518395614624023438e+01
3.501350402832031250e+01
3.490041732788085938e+01
3.493211746215820312e+01
3.493365859985351562e+01
3.492527008056640625e+01
3.499269104003906250e+01
3.495608901977539062e+01
3.495415878295898438e+01
3.489152908325195312e+01
3.473673248291015625e+01
3.469385528564453125e+01
3.468004226684570312e+01
3.464991760253906250e+01
3.484061050415039062e+01
3.512533187866210938e+01
3.561584091186523438e+01
3.548924636840820312e+01
3.561227416992187500e+01
3.650584030151367188e+01
3.617564392089843750e+01
3.548378372192382812e+01
3.516355895996093750e+01
3.544145584106445312e+01
3.598736572265625000e+01
3.676243972778320312e+01
3.695941162109375000e+01
3.569005203247070312e+01
3.531269073486328125e+01
3.551730346679687500e+01
3.562044143676757812e+01
3.491592407226562500e+01
3.462107467651367188e+01
3.502278900146484375e+01
3.509206008911132812e+01
3.535290527343750000e+01
3.520319747924804688e+01
3.536396026611328125e+01
3.513608551025390625e+01
3.468341064453125000e+01
3.455323028564453125e+01
