3.250256347656250000e+01
3.266529846191406250e+01
3.259361267089843750e+01
3.277486038208007812e+01
3.307924270629882812e+01
3.279957199096679688e+01
3.247843170166015625e+01
3.211179733276367188e+01
3.196814537048339844e+01
3.208564376831054688e+01
3.180695724487304688e+01
3.156111907958984375e+01
3.142607688903808594e+01
3.088012886047363281e+01
3.098298454284667969e+01
3.144072151184082031e+01
3.185408210754394531e+01
3.136819076538085938e+01
3.096200370788574219e+01
3.117359924316406250e+01
3.178231239318847656e+01
3.248293304443359375e+01
3.258264923095703125e+01
3.243373107910156250e+01
3.231715393066406250e+01
3.238253402709960938e+01
3.243142318725585938e+01
3.244283294677734375e+01
3.237202835083007812e+01
3.236751556396484375e+01
3.223252487182617188e+01
3.208459854125976562e+01
3.176447486877441406e+01
3.170685577392578125e+01
3.165476226806640625e+01
3.161313819885253906e+01
3.117302131652832031e+01
3.073345375061035156e+01
3.080102729797363281e+01
3.140799522399902344e+01
3.211627960205078125e+01
3.226259994506835938e+01
3.217733383178710938e+01
3.123491477966308594e+01
3.038693618774414062e+01
3.032279968261718750e+01
3.075738716125488281e+01
3.117339324951171875e+01
3.084952545166015625e+01
3.123202514648437500e+01
3.080251884460449219e+01
3.024942779541015625e+01
2.949975204467773438e+01
2.894587516784667969e+01
2.976378250122070312e+01
3.045980644226074219e+01
3.209741973876953125e+01
3.314512252807617188e+01
3.304804992675781250e+01
3.178314399719238281e+01
3.131862068176269531e+01
3.124398422241210938e+01
3.160977745056152344e+01
3.209431457519531250e+01
3.206605911254882812e+01
3.173342514038085938e+01
3.139552879333496094e+01
3.089189147949218750e+01
3.070646667480468750e+01
3.069561004638671875e+01
3.067229461669921875e+01
3.085970497131347656e+01
3.144603347778320312e+01
3.223538208007812500e+01
3.271678161621093750e+01
3.297235870361328125e+01
3.314924621582031250e+01
3.314727783203125000e+01
3.309507369995117188e+01
3.298672866821289062e+01
3.287091064453125000e+01
3.261344528198242188e+01
3.220709991455078125e+01
3.181061744689941406e+01
3.179690742492675781e+01
3.173236656188964844e+01
3.113813209533691406e+01
3.103307151794433594e+01
3.076377105712890625e+01
3.050453758239746094e+01
3.084662437438964844e+01
3.204124450683593750e+01
3.288403320312500000e+01
3.295525741577148438e+01
3.303136062622070312e+01
3.303436279296875000e+01
3.314262008666992188e+01
3.347872543334960938e+01
3.392375183105468750e+01
3.422640609741210938e+01
3.447631835937500000e+01
3.495400238037109375e+01
3.526706695556640625e+01
