2.664050292968750000e+01
2.639268684387207031e+01
2.622507286071777344e+01
2.601005363464355469e+01
2.566653633117675781e+01
2.600222015380859375e+01
2.627845191955566406e+01
2.663851737976074219e+01
2.676650238037109375e+01
2.692225456237792969e+01
2.674626731872558594e+01
2.668935203552246094e+01
2.673498916625976562e+01
2.667556190490722656e+01
2.660492324829101562e+01
2.653971862792968750e+01
2.669576263427734375e+01
2.684022712707519531e+01
2.684560966491699219e+01
2.693528938293457031e+01
2.701325035095214844e+01
2.697025108337402344e+01
2.651304435729980469e+01
2.600539207458496094e+01
2.581034469604492188e+01
2.596948051452636719e+01
2.613775253295898438e+01
2.620616912841796875e+01
2.629451751708984375e+01
2.632370567321777344e+01
2.642387199401855469e+01
2.665352630615234375e+01
2.667815399169921875e+01
2.663537597656250000e+01
2.645735168457031250e+01
2.636964225769042969e+01
2.648235702514648438e+01
2.658584403991699219e+01
2.667538833618164062e+01
2.665885925292968750e+01
2.656498146057128906e+01
2.643013000488281250e+01
2.644109916687011719e+01
2.658271598815917969e+01
2.660464668273925781e+01
2.665040588378906250e+01
2.665509605407714844e+01
2.666670608520507812e+01
2.665268707275390625e+01
2.661010551452636719e+01
2.656202507019042969e+01
2.651909828186035156e+01
2.641365814208984375e+01
2.629518318176269531e+01
2.622563362121582031e+01
2.619811820983886719e+01
2.605667495727539062e+01
2.592622756958007812e+01
2.579648208618164062e+01
2.574402618408203125e+01
2.575683784484863281e+01
2.577906036376953125e+01
2.577991676330566406e+01
2.571490287780761719e+01
2.571084594726562500e+01
2.576184654235839844e+01
2.579234504699707031e+01
2.589579772949218750e+01
2.589790534973144531e+01
2.588171195983886719e+01
2.578235054016113281e+01
2.573305130004882812e+01
2.577984428405761719e+01
2.577532005310058594e+01
2.582851791381835938e+01
2.598155593872070312e+01
2.611334800720214844e+01
2.620462989807128906e+01
2.608051490783691406e+01
2.593296623229980469e+01
2.566546249389648438e+01
2.557925605773925781e+01
2.563774490356445312e+01
2.572063446044921875e+01
2.583676528930664062e+01
2.562155342102050781e+01
2.568919754028320312e+01
2.563027954101562500e+01
2.561266899108886719e+01
2.568593406677246094e+01
2.579812240600585938e+01
2.612367439270019531e+01
2.645088768005371094e+01
2.672110176086425781e+01
2.675186157226562500e+01
2.667823028564453125e+01
2.671281051635742188e+01
2.654128265380859375e+01
2.657423591613769531e+01
2.637080574035644531e+01
2.648697471618652344e+01
2.833270454406738281e+01
