3.341143798828125000e+01
3.366027069091796875e+01
3.329411697387695312e+01
3.324097442626953125e+01
3.337782669067382812e+01
3.388460540771484375e+01
3.406616210937500000e+01
3.434169387817382812e+01
3.431966781616210938e+01
3.411399459838867188e+01
3.397701644897460938e+01
3.375325012207031250e+01
3.328837203979492188e+01
3.324032211303710938e+01
3.359158325195312500e+01
3.359480285644531250e+01
3.340246582031250000e+01
3.330711746215820312e+01
3.281155395507812500e+01
3.256204605102539062e+01
3.275968170166015625e+01
3.299148559570312500e+01
3.290496444702148438e+01
3.295505523681640625e+01
3.286244583129882812e+01
3.295107269287109375e+01
3.292787170410156250e+01
3.289791870117187500e+01
3.303258132934570312e+01
3.301992034912109375e+01
3.310042572021484375e+01
3.305486679077148438e+01
3.311568069458007812e+01
3.350137329101562500e+01
3.363363265991210938e+01
3.383840560913085938e+01
3.385553359985351562e+01
3.372756576538085938e+01
3.348664474487304688e+01
3.330882263183593750e+01
3.306537628173828125e+01
3.312132644653320312e+01
3.311508178710937500e+01
3.300129699707031250e+01
3.307472229003906250e+01
3.344367599487304688e+01
3.373285675048828125e+01
3.378136825561523438e+01
3.356476974487304688e+01
3.344899368286132812e+01
3.355644226074218750e+01
3.356473922729492188e+01
3.341646957397460938e+01
3.337245559692382812e+01
3.343486022949218750e+01
3.341600036621093750e+01
3.333139419555664062e+01
3.358232116699218750e+01
3.375479125976562500e+01
3.374726104736328125e+01
3.375036239624023438e+01
3.378645324707031250e+01
3.369148254394531250e+01
3.364730834960937500e+01
3.363967895507812500e+01
3.331268310546875000e+01
3.295284652709960938e+01
3.291999435424804688e+01
3.292261505126953125e+01
3.289850997924804688e+01
3.266816711425781250e+01
3.272405242919921875e+01
3.287261962890625000e+01
3.308681106567382812e+01
3.308223724365234375e+01
3.302620315551757812e+01
3.265291213989257812e+01
3.243361663818359375e+01
3.242678833007812500e+01
3.268128204345703125e+01
3.268888473510742188e+01
3.269750213623046875e+01
3.281764602661132812e+01
3.253102111816406250e+01
3.252353286743164062e+01
3.259036636352539062e+01
3.300833892822265625e+01
3.337775421142578125e+01
3.360303115844726562e+01
3.373346328735351562e+01
3.383794784545898438e+01
3.432796478271484375e+01
3.404357147216796875e+01
3.304634857177734375e+01
3.256684112548828125e+01
3.233083343505859375e+01
3.279166412353515625e+01
3.324506759643554688e+01
3.353539276123046875e+01
3.387284088134765625e+01
3.428865432739257812e+01
3.349340057373046875e+01
3.279963302612304688e+01
3.213105392456054688e+01
