3.773630905151367188e+01
3.745508193969726562e+01
3.687443161010742188e+01
3.632045745849609375e+01
3.715921783447265625e+01
3.735942077636718750e+01
3.704188537597656250e+01
3.709100723266601562e+01
3.684751892089843750e+01
3.560681152343750000e+01
3.565941238403320312e+01
3.541590118408203125e+01
3.453348159790039062e+01
3.519087982177734375e+01
3.632323074340820312e+01
3.688725280761718750e+01
3.745202255249023438e+01
3.766700363159179688e+01
3.762317276000976562e+01
3.763262176513671875e+01
3.782260894775390625e+01
3.766627883911132812e+01
3.733089447021484375e+01
3.731028366088867188e+01
3.749498367309570312e+01
3.778042602539062500e+01
3.804554748535156250e+01
3.828411483764648438e+01
3.851103973388671875e+01
3.849460983276367188e+01
3.832939529418945312e+01
3.813917541503906250e+01
3.792139053344726562e+01
3.779631423950195312e+01
3.761528015136718750e+01
3.711356735229492188e+01
3.656533050537109375e+01
3.499023818969726562e+01
3.495264434814453125e+01
3.498899459838867188e+01
3.501928710937500000e+01
3.504993057250976562e+01
3.512448501586914062e+01
3.499743270874023438e+01
3.497996139526367188e+01
3.507265090942382812e+01
3.548262405395507812e+01
3.615540695190429688e+01
3.712731933593750000e+01
3.731096649169921875e+01
3.700906753540039062e+01
3.608544540405273438e+01
3.585567474365234375e+01
3.613520050048828125e+01
3.648060989379882812e+01
3.593178939819335938e+01
3.692514419555664062e+01
3.690266418457031250e+01
3.581267929077148438e+01
3.540196228027343750e+01
3.506912994384765625e+01
3.519733810424804688e+01
3.575258636474609375e+01
3.513733291625976562e+01
3.506793212890625000e+01
3.526625061035156250e+01
3.548895645141601562e+01
3.546182250976562500e+01
3.545087814331054688e+01
3.543790054321289062e+01
3.555267333984375000e+01
3.636889648437500000e+01
3.663481521606445312e+01
3.670891952514648438e+01
3.691350173950195312e+01
3.692536926269531250e+01
3.571673965454101562e+01
3.524735641479492188e+01
3.533306884765625000e+01
3.641021347045898438e+01
3.751755142211914062e+01
3.767612457275390625e+01
3.763437271118164062e+01
3.741995239257812500e+01
3.704103088378906250e+01
3.690730285644531250e+01
3.689439773559570312e+01
3.698250579833984375e+01
3.564772796630859375e+01
3.535530471801757812e+01
3.522366333007812500e+01
3.512362670898437500e+01
3.547289276123046875e+01
3.552829360961914062e+01
3.593434524536132812e+01
3.565946197509765625e+01
3.583696746826171875e+01
3.609349060058593750e+01
3.603014755249023438e+01
3.589646148681640625e+01
3.594305038452148438e+01
3.597442626953125000e+01
3.562593460083007812e+01
3.506082534790039062e+01
3.496629333496093750e+01
3.545813369750976562e+01
3.659409713745117188e+01
