3.464051437377929688e+01
3.528295898437500000e+01
3.545304107666015625e+01
3.531144714355468750e+01
3.548392868041992188e+01
3.525971603393554688e+01
3.656220245361328125e+01
3.738661956787109375e+01
3.775718307495117188e+01
3.780591201782226562e+01
3.769797134399414062e+01
3.799512863159179688e+01
3.796103668212890625e+01
3.719482421875000000e+01
3.586392593383789062e+01
3.535577011108398438e+01
3.611658859252929688e+01
3.557662582397460938e+01
3.608044052124023438e+01
3.715369796752929688e+01
3.741398239135742188e+01
3.729893112182617188e+01
3.676197814941406250e+01
3.700622940063476562e+01
3.778314208984375000e+01
3.798294067382812500e+01
3.794645309448242188e+01
3.788786697387695312e+01
3.799236679077148438e+01
3.787963485717773438e+01
3.742981338500976562e+01
3.666297531127929688e+01
3.629646301269531250e+01
3.643419647216796875e+01
3.643124008178710938e+01
3.677970886230468750e+01
3.704059219360351562e+01
3.761444473266601562e+01
3.724044036865234375e+01
3.671845626831054688e+01
3.674526596069335938e+01
3.633096313476562500e+01
3.687226104736328125e+01
3.762466430664062500e+01
3.771971893310546875e+01
3.801615142822265625e+01
3.789136886596679688e+01
3.789368057250976562e+01
3.797385025024414062e+01
3.797193527221679688e+01
3.804063034057617188e+01
3.802940750122070312e+01
3.839599227905273438e+01
3.794602966308593750e+01
3.699513626098632812e+01
3.682891845703125000e+01
3.712514114379882812e+01
3.750682449340820312e+01
3.757024383544921875e+01
3.729869842529296875e+01
3.771865844726562500e+01
3.795562362670898438e+01
3.743212127685546875e+01
3.748353576660156250e+01
3.774542236328125000e+01
3.773895645141601562e+01
3.832178497314453125e+01
3.839361953735351562e+01
3.795761871337890625e+01
3.772054290771484375e+01
3.771775054931640625e+01
3.704661941528320312e+01
3.560361099243164062e+01
3.616297149658203125e+01
3.654438781738281250e+01
3.673732376098632812e+01
3.771385955810546875e+01
3.778742980957031250e+01
3.693230438232421875e+01
3.684807205200195312e+01
3.777316665649414062e+01
3.811649703979492188e+01
3.810884094238281250e+01
3.795219802856445312e+01
3.770980834960937500e+01
3.788554382324218750e+01
3.772342300415039062e+01
3.757357788085937500e+01
3.761116027832031250e+01
3.784297561645507812e+01
3.801244735717773438e+01
3.803848648071289062e+01
3.786001586914062500e+01
3.770891571044921875e+01
3.766466522216796875e+01
3.732136154174804688e+01
3.714585876464843750e+01
3.731874084472656250e+01
3.726961517333984375e+01
3.741595458984375000e+01
