2.092347145080566406e+01
2.099281692504882812e+01
2.152669143676757812e+01
2.215065574645996094e+01
2.263717269897460938e+01
2.399251937866210938e+01
2.378936386108398438e+01
2.339255905151367188e+01
2.188175392150878906e+01
2.138122749328613281e+01
2.098188400268554688e+01
2.135469055175781250e+01
2.137384223937988281e+01
2.139824676513671875e+01
2.139975547790527344e+01
2.179882049560546875e+01
2.195942687988281250e+01
2.241054153442382812e+01
2.245626449584960938e+01
2.263016700744628906e+01
2.251022720336914062e+01
2.211948585510253906e+01
2.207573890686035156e+01
2.220692443847656250e+01
2.232362747192382812e+01
2.224112510681152344e+01
2.219387817382812500e+01
2.209052467346191406e+01
2.235524559020996094e+01
2.232630538940429688e+01
2.271326828002929688e+01
2.264960098266601562e+01
2.333594512939453125e+01
2.363193893432617188e+01
2.394650077819824219e+01
2.346166419982910156e+01
2.293907165527343750e+01
2.231953239440917969e+01
2.228280639648437500e+01
2.222068214416503906e+01
2.282755851745605469e+01
2.357170867919921875e+01
2.360638618469238281e+01
2.266288948059082031e+01
2.278623008728027344e+01
2.379496574401855469e+01
2.479751968383789062e+01
2.476456832885742188e+01
2.390711402893066406e+01
2.405379867553710938e+01
2.411635017395019531e+01
2.401631546020507812e+01
2.350810623168945312e+01
2.337637901306152344e+01
2.374211502075195312e+01
2.447503852844238281e+01
2.361325073242187500e+01
2.310770797729492188e+01
2.253291511535644531e+01
2.195117187500000000e+01
2.178233337402343750e+01
2.224490356445312500e+01
2.233954238891601562e+01
2.241336441040039062e+01
2.227517509460449219e+01
2.232963752746582031e+01
2.244729804992675781e+01
2.286251831054687500e+01
2.320301246643066406e+01
2.324652099609375000e+01
2.270334053039550781e+01
2.228457069396972656e+01
2.215303802490234375e+01
2.176240539550781250e+01
2.157602691650390625e+01
2.150019836425781250e+01
2.180010795593261719e+01
2.156989479064941406e+01
2.175176429748535156e+01
2.153702354431152344e+01
2.136174774169921875e+01
2.110119247436523438e+01
2.112738609313964844e+01
2.115903091430664062e+01
2.129128074645996094e+01
2.129879379272460938e+01
2.099496650695800781e+01
2.079665946960449219e+01
2.068886756896972656e+01
2.063037109375000000e+01
2.063849258422851562e+01
2.071854400634765625e+01
2.062207412719726562e+01
2.057845497131347656e+01
2.041711616516113281e+01
2.068059349060058594e+01
2.054499244689941406e+01
2.077341079711914062e+01
2.043539047241210938e+01
2.072042655944824219e+01
2.007094573974609375e+01
1.996809005737304688e+01
1.976185607910156250e+01
1.976078987121582031e+01
1.974506950378417969e+01
