3.212123107910156250e+01
3.228278732299804688e+01
3.259984588623046875e+01
3.259320449829101562e+01
3.240838623046875000e+01
3.250817871093750000e+01
3.306688690185546875e+01
3.237046432495117188e+01
3.288021850585937500e+01
3.298011016845703125e+01
3.245877838134765625e+01
3.233879089355468750e+01
3.266410064697265625e+01
3.338025283813476562e+01
3.367148590087890625e+01
3.360226440429687500e+01
3.340153121948242188e+01
3.317692184448242188e+01
3.302904129028320312e+01
3.265687561035156250e+01
3.252681732177734375e+01
3.254486846923828125e+01
3.252185440063476562e+01
3.255884552001953125e+01
3.231067657470703125e+01
3.244989776611328125e+01
3.258139038085937500e+01
3.326674652099609375e+01
3.353986358642578125e+01
3.350408172607421875e+01
3.356014251708984375e+01
3.345404052734375000e+01
3.344883728027343750e+01
3.345006179809570312e+01
3.330214309692382812e+01
3.293572998046875000e+01
3.294325256347656250e+01
3.271316909790039062e+01
3.226186752319335938e+01
3.229166412353515625e+01
3.229319381713867188e+01
3.235489654541015625e+01
3.236103439331054688e+01
3.226893997192382812e+01
3.201909255981445312e+01
3.206472015380859375e+01
3.241606521606445312e+01
3.296296691894531250e+01
3.296081542968750000e+01
3.298961639404296875e+01
3.286031341552734375e+01
3.289684677124023438e+01
3.278664398193359375e+01
3.286753463745117188e+01
3.319186401367187500e+01
3.319746398925781250e+01
3.349460601806640625e+01
3.364382553100585938e+01
3.313668823242187500e+01
3.253768157958984375e+01
3.211110687255859375e+01
3.197895050048828125e+01
3.213153076171875000e+01
3.309446716308593750e+01
3.380101776123046875e+01
3.493033218383789062e+01
3.367567443847656250e+01
3.267994689941406250e+01
3.248721313476562500e+01
3.270032119750976562e+01
3.309732818603515625e+01
3.328626632690429688e+01
3.306004714965820312e+01
3.272208023071289062e+01
3.252123641967773438e+01
3.267676544189453125e+01
3.296933746337890625e+01
3.347390365600585938e+01
3.362558364868164062e+01
3.352310180664062500e+01
3.347648620605468750e+01
3.336424255371093750e+01
3.321342086791992188e+01
3.318957138061523438e+01
3.326425170898437500e+01
3.380843353271484375e+01
3.392001724243164062e+01
3.359719085693359375e+01
3.362015914916992188e+01
3.374062728881835938e+01
