2.903171730041503906e+01
2.908439636230468750e+01
2.893126296997070312e+01
2.903548431396484375e+01
2.938181495666503906e+01
3.127688598632812500e+01
3.335551071166992188e+01
3.363633346557617188e+01
3.056422233581542969e+01
3.011972618103027344e+01
3.032248687744140625e+01
3.067379760742187500e+01
3.069423294067382812e+01
3.068910026550292969e+01
3.101482200622558594e+01
3.090514373779296875e+01
3.040863418579101562e+01
3.061534309387207031e+01
3.138248062133789062e+01
3.187532043457031250e+01
3.136897087097167969e+01
3.108863449096679688e+01
3.105098533630371094e+01
3.139147567749023438e+01
3.187045860290527344e+01
3.230150604248046875e+01
3.229159927368164062e+01
3.224168395996093750e+01
3.207329940795898438e+01
3.186238670349121094e+01
3.193549156188964844e+01
3.142639541625976562e+01
3.105183792114257812e+01
3.076531791687011719e+01
3.055208396911621094e+01
3.048184967041015625e+01
3.050675773620605469e+01
3.071630287170410156e+01
3.082686042785644531e+01
3.096149444580078125e+01
3.107863426208496094e+01
3.099813652038574219e+01
3.086636161804199219e+01
3.084049415588378906e+01
3.087447357177734375e+01
3.088944625854492188e+01
3.068527793884277344e+01
3.062054634094238281e+01
3.045714569091796875e+01
2.996128845214843750e+01
2.962942886352539062e+01
2.948497581481933594e+01
2.949461555480957031e+01
2.940997123718261719e+01
2.944274902343750000e+01
2.934266853332519531e+01
2.912553977966308594e+01
2.889594078063964844e+01
2.873139381408691406e+01
2.851095581054687500e+01
2.845404624938964844e+01
2.860973167419433594e+01
2.874472427368164062e+01
2.895141410827636719e+01
2.910202789306640625e+01
2.917436790466308594e+01
2.902536582946777344e+01
2.891884803771972656e+01
2.889479637145996094e+01
2.892876243591308594e+01
2.900086784362792969e+01
2.890795516967773438e+01
2.874895668029785156e+01
2.863010597229003906e+01
2.858236503601074219e+01
2.895235443115234375e+01
2.927506256103515625e+01
2.958320808410644531e+01
2.991093826293945312e+01
2.990351486206054688e+01
2.950726318359375000e+01
2.915949249267578125e+01
2.944405746459960938e+01
2.982474708557128906e+01
2.986804962158203125e+01
3.013419151306152344e+01
3.015625953674316406e+01
3.018555450439453125e+01
3.007055282592773438e+01
3.017365837097167969e+01
2.987254905700683594e+01
2.964351844787597656e+01
2.950509262084960938e+01
2.934969520568847656e+01
2.919046401977539062e+01
2.895706176757812500e+01
2.858069610595703125e+01
2.838352584838867188e+01
2.807563781738281250e+01
2.740428924560546875e+01
2.689013862609863281e+01
2.703119850158691406e+01
2.686840820312500000e+01
