3.269069671630859375e+01
3.251403808593750000e+01
3.250876617431640625e+01
3.271786880493164062e+01
2.996290397644042969e+01
2.889935874938964844e+01
2.968398666381835938e+01
3.061444854736328125e+01
3.075672721862792969e+01
3.056660461425781250e+01
2.992373275756835938e+01
3.052156829833984375e+01
3.018472671508789062e+01
3.008036231994628906e+01
2.983981895446777344e+01
2.796750259399414062e+01
2.946160697937011719e+01
3.055282020568847656e+01
3.096251106262207031e+01
3.119028091430664062e+01
3.131629753112792969e+01
3.142576217651367188e+01
3.151757049560546875e+01
3.151401329040527344e+01
3.169873237609863281e+01
3.230113220214843750e+01
3.281556701660156250e+01
3.317160034179687500e+01
3.285334396362304688e+01
3.214677429199218750e+01
3.106862831115722656e+01
3.106849670410156250e+01
3.014577865600585938e+01
2.875741767883300781e+01
2.751673126220703125e+01
2.645205688476562500e+01
2.585634803771972656e+01
2.689605140686035156e+01
2.900630950927734375e+01
2.974858856201171875e+01
3.074156761169433594e+01
3.156161499023437500e+01
3.245418548583984375e+01
3.277405929565429688e+01
3.270741271972656250e+01
3.256680297851562500e+01
3.225460815429687500e+01
3.172207832336425781e+01
3.074776840209960938e+01
3.017007827758789062e+01
2.829192161560058594e+01
2.837580680847167969e+01
2.903192138671875000e+01
2.975647544860839844e+01
3.102536201477050781e+01
3.138731575012207031e+01
3.141830444335937500e+01
3.134242439270019531e+01
3.089844894409179688e+01
3.041176605224609375e+01
3.038207054138183594e+01
3.130798339843750000e+01
3.199283218383789062e+01
3.220035171508789062e+01
3.213297271728515625e+01
3.202547836303710938e+01
3.183322143554687500e+01
3.164376068115234375e+01
3.126751136779785156e+01
3.098187255859375000e+01
3.095868873596191406e+01
3.091797447204589844e+01
3.098274612426757812e+01
3.088821411132812500e+01
3.066075515747070312e+01
3.072642326354980469e+01
3.110880088806152344e+01
3.155647468566894531e+01
3.164605140686035156e+01
3.137356567382812500e+01
3.163694190979003906e+01
3.194878959655761719e+01
3.193971443176269531e+01
3.174994087219238281e+01
3.146253013610839844e+01
3.100495719909667969e+01
3.036652946472167969e+01
3.018210411071777344e+01
2.990500450134277344e+01
2.973192977905273438e+01
2.952781295776367188e+01
2.966186714172363281e+01
3.104127502441406250e+01
3.196883201599121094e+01
3.195178985595703125e+01
3.080273437500000000e+01
3.081572532653808594e+01
3.142021751403808594e+01
3.169952392578125000e+01
3.189247894287109375e+01
3.252178192138671875e+01
3.255093383789062500e+01
