2.415581130981445312e+01
2.395821952819824219e+01
2.376768493652343750e+01
2.352543830871582031e+01
2.324528884887695312e+01
2.302215576171875000e+01
2.332137680053710938e+01
2.347251129150390625e+01
2.364462280273437500e+01
2.350938034057617188e+01
2.343602180480957031e+01
2.322378921508789062e+01
2.312787437438964844e+01
2.302098846435546875e+01
2.302565956115722656e+01
2.293857955932617188e+01
2.292128944396972656e+01
2.274013328552246094e+01
2.272553062438964844e+01
2.258108139038085938e+01
2.245126724243164062e+01
2.231161117553710938e+01
2.232850265502929688e+01
2.254219818115234375e+01
2.251589584350585938e+01
2.238334846496582031e+01
2.225967025756835938e+01
2.214847564697265625e+01
2.213955879211425781e+01
2.221624946594238281e+01
2.228830718994140625e+01
2.226131248474121094e+01
2.217255592346191406e+01
2.208274078369140625e+01
2.205561637878417969e+01
2.203285789489746094e+01
2.198697662353515625e+01
2.205360794067382812e+01
2.213648796081542969e+01
2.227368927001953125e+01
2.223762130737304688e+01
2.226119232177734375e+01
2.217806816101074219e+01
2.215609741210937500e+01
2.215421676635742188e+01
2.225142860412597656e+01
2.230243873596191406e+01
2.244076538085937500e+01
2.253505897521972656e+01
2.268336486816406250e+01
2.271613883972167969e+01
2.283252716064453125e+01
2.256341361999511719e+01
2.238302612304687500e+01
2.224155235290527344e+01
2.218491744995117188e+01
2.212553787231445312e+01
2.206416511535644531e+01
2.210511589050292969e+01
2.221568679809570312e+01
2.240485000610351562e+01
2.266737174987792969e+01
2.286198043823242188e+01
2.303487777709960938e+01
2.328397750854492188e+01
2.323656463623046875e+01
2.293643379211425781e+01
2.259325218200683594e+01
2.226797676086425781e+01
2.223912620544433594e+01
2.251864433288574219e+01
2.259758567810058594e+01
2.240502548217773438e+01
2.241443824768066406e+01
2.267462730407714844e+01
2.331576728820800781e+01
2.436559677124023438e+01
2.460021972656250000e+01
2.480809020996093750e+01
2.425740814208984375e+01
2.452305603027343750e+01
2.419829750061035156e+01
2.447307777404785156e+01
2.407629203796386719e+01
2.436814689636230469e+01
2.435511207580566406e+01
2.460277366638183594e+01
2.403399467468261719e+01
2.285255432128906250e+01
1.999367713928222656e+01
2.069179725646972656e+01
2.315145874023437500e+01
2.348367691040039062e+01
2.202120018005371094e+01
2.108144950866699219e+01
