3.379400253295898438e+01
3.425067901611328125e+01
3.393850326538085938e+01
3.355596542358398438e+01
3.360019302368164062e+01
3.373648452758789062e+01
3.394983673095703125e+01
3.375712966918945312e+01
3.354168319702148438e+01
3.324893951416015625e+01
3.350213623046875000e+01
3.372008514404296875e+01
3.367136383056640625e+01
3.368319320678710938e+01
3.361545181274414062e+01
3.351879882812500000e+01
3.361031723022460938e+01
3.382104873657226562e+01
3.365551757812500000e+01
3.356833648681640625e+01
3.338884353637695312e+01
3.316475677490234375e+01
3.288692092895507812e+01
3.278311920166015625e+01
3.249711608886718750e+01
3.234186172485351562e+01
3.272506332397460938e+01
3.306592178344726562e+01
3.327698135375976562e+01
3.330019760131835938e+01
3.334725570678710938e+01
3.356775283813476562e+01
3.360424423217773438e+01
3.331652832031250000e+01
3.319616317749023438e+01
3.345280456542968750e+01
3.383353042602539062e+01
3.399224090576171875e+01
3.386825561523437500e+01
3.372038650512695312e+01
3.374973297119140625e+01
3.405479431152343750e+01
3.435147094726562500e+01
3.445045089721679688e+01
3.431208038330078125e+01
3.396352005004882812e+01
3.376306915283203125e+01
3.366481018066406250e+01
3.347158432006835938e+01
3.346475219726562500e+01
3.375991439819335938e+01
3.385980606079101562e+01
3.407061004638671875e+01
3.410560607910156250e+01
3.432300186157226562e+01
3.446953582763671875e+01
3.423040390014648438e+01
3.379767990112304688e+01
3.341365814208984375e+01
3.315730667114257812e+01
3.333063507080078125e+01
3.354460906982421875e+01
3.375976181030273438e+01
3.391403961181640625e+01
3.409744262695312500e+01
3.405149459838867188e+01
3.379182052612304688e+01
3.389170074462890625e+01
3.378622817993164062e+01
3.371438598632812500e+01
3.386252975463867188e+01
3.416667556762695312e+01
3.450759506225585938e+01
3.435290527343750000e+01
3.395569229125976562e+01
3.331970214843750000e+01
3.331888961791992188e+01
3.407852554321289062e+01
3.464304733276367188e+01
3.475444412231445312e+01
3.418176651000976562e+01
3.365293502807617188e+01
3.354177474975585938e+01
3.366435241699218750e+01
3.361555099487304688e+01
3.383834457397460938e+01
3.480397796630859375e+01
3.617229461669921875e+01
3.605580520629882812e+01
3.545820999145507812e+01
3.545785903930664062e+01
3.554238510131835938e+01
3.497684478759765625e+01
3.444900131225585938e+01
3.403654861450195312e+01
3.455648803710937500e+01
3.442458343505859375e+01
3.314461517333984375e+01
3.296644210815429688e+01
3.378144454956054688e+01
