2.529332733154296875e+01
2.520256614685058594e+01
2.541470909118652344e+01
2.581914520263671875e+01
2.626561546325683594e+01
2.677292060852050781e+01
2.716288375854492188e+01
2.749594688415527344e+01
2.737553405761718750e+01
2.706990432739257812e+01
2.678054428100585938e+01
2.643342781066894531e+01
2.618380546569824219e+01
2.605238723754882812e+01
2.613202857971191406e+01
2.637133026123046875e+01
2.662233352661132812e+01
2.692539405822753906e+01
2.708712387084960938e+01
2.715901756286621094e+01
2.715863800048828125e+01
2.704362487792968750e+01
2.707992744445800781e+01
2.716246795654296875e+01
2.718181037902832031e+01
2.717190170288085938e+01
2.745249557495117188e+01
2.751716041564941406e+01
2.760122489929199219e+01
2.768032646179199219e+01
2.773462677001953125e+01
2.773925018310546875e+01
2.785994338989257812e+01
2.807592010498046875e+01
2.845611953735351562e+01
2.871825218200683594e+01
2.880077362060546875e+01
2.881547927856445312e+01
2.868637847900390625e+01
2.839873313903808594e+01
2.795438194274902344e+01
2.731417655944824219e+01
2.672459220886230469e+01
2.566479110717773438e+01
2.445989418029785156e+01
2.433328819274902344e+01
2.522856140136718750e+01
2.586808013916015625e+01
2.619347190856933594e+01
2.628723907470703125e+01
2.613249397277832031e+01
2.508728027343750000e+01
2.554928588867187500e+01
2.625128746032714844e+01
2.609744071960449219e+01
2.581527137756347656e+01
2.547140312194824219e+01
2.529004096984863281e+01
2.626230812072753906e+01
2.679844856262207031e+01
2.705267906188964844e+01
2.707563400268554688e+01
2.723904991149902344e+01
2.727563285827636719e+01
2.737495231628417969e+01
2.732367324829101562e+01
2.738374519348144531e+01
2.777126121520996094e+01
2.834631347656250000e+01
2.852529335021972656e+01
2.831151771545410156e+01
2.821257019042968750e+01
2.848435783386230469e+01
2.871976470947265625e+01
2.878787803649902344e+01
2.855833053588867188e+01
2.820977973937988281e+01
2.798403739929199219e+01
2.828200721740722656e+01
2.858528709411621094e+01
2.854660606384277344e+01
2.830161476135253906e+01
2.790394401550292969e+01
2.713498878479003906e+01
2.684631919860839844e+01
2.690676689147949219e+01
2.710196495056152344e+01
2.695320701599121094e+01
2.649379730224609375e+01
2.553525924682617188e+01
2.596148109436035156e+01
2.664408683776855469e+01
2.673754692077636719e+01
2.672704887390136719e+01
2.659208297729492188e+01
2.649749946594238281e+01
2.638966369628906250e+01
2.642365074157714844e+01
2.654734992980957031e+01
2.653259468078613281e+01
2.655801582336425781e+01
2.654629707336425781e+01
2.670107650756835938e+01
2.659985160827636719e+01
2.667364120483398438e+01
2.679748535156250000e+01
2.737475395202636719e+01
2.768065452575683594e+01
