3.405267715454101562e+01
3.405224990844726562e+01
3.422538757324218750e+01
3.433911514282226562e+01
3.441176986694335938e+01
3.442721176147460938e+01
3.518519973754882812e+01
3.573046875000000000e+01
3.519205093383789062e+01
3.529201126098632812e+01
3.590025711059570312e+01
3.608143615722656250e+01
3.584587478637695312e+01
3.631671142578125000e+01
3.550115585327148438e+01
3.487297821044921875e+01
3.423424148559570312e+01
3.401521682739257812e+01
3.408139038085937500e+01
3.398153305053710938e+01
3.381685256958007812e+01
3.378957366943359375e+01
3.388788986206054688e+01
3.354624938964843750e+01
3.339696502685546875e+01
3.354655838012695312e+01
3.386799621582031250e+01
3.400302124023437500e+01
3.379048156738281250e+01
3.365090942382812500e+01
3.380244827270507812e+01
3.406410217285156250e+01
3.425830841064453125e+01
3.458623504638671875e+01
3.509426498413085938e+01
3.508702087402343750e+01
3.513657760620117188e+01
3.519059753417968750e+01
3.514139175415039062e+01
3.544738769531250000e+01
3.557560348510742188e+01
3.535223770141601562e+01
3.476244735717773438e+01
3.433904647827148438e+01
3.436651992797851562e+01
3.438667678833007812e+01
3.455465316772460938e+01
3.487130737304687500e+01
3.477536010742187500e+01
3.481293487548828125e+01
3.529575729370117188e+01
3.572341918945312500e+01
3.585519027709960938e+01
3.575050354003906250e+01
3.632007980346679688e+01
3.677550125122070312e+01
3.677521514892578125e+01
3.601669692993164062e+01
3.550132369995117188e+01
3.555703353881835938e+01
3.580128479003906250e+01
3.613631820678710938e+01
3.586102676391601562e+01
3.534302902221679688e+01
3.524575042724609375e+01
3.561226272583007812e+01
3.576595687866210938e+01
3.600602340698242188e+01
3.628717422485351562e+01
3.604046249389648438e+01
3.526034545898437500e+01
3.452876281738281250e+01
3.431406021118164062e+01
3.457585144042968750e+01
3.480309295654296875e+01
3.491031646728515625e+01
3.531537246704101562e+01
3.544771957397460938e+01
3.481316757202148438e+01
3.437159347534179688e+01
3.417929840087890625e+01
3.406777191162109375e+01
3.420295333862304688e+01
3.467804336547851562e+01
3.532352447509765625e+01
3.599670028686523438e+01
3.579131698608398438e+01
3.519631958007812500e+01
3.460020828247070312e+01
3.449692153930664062e+01
3.443464279174804688e+01
3.482429885864257812e+01
3.507967758178710938e+01
3.496138381958007812e+01
3.416350173950195312e+01
3.407067489624023438e+01
3.399077987670898438e+01
3.392881011962890625e+01
3.430256271362304688e+01
3.525169372558593750e+01
3.633176422119140625e+01
3.546101760864257812e+01
3.497376632690429688e+01
3.509971618652343750e+01
3.539235687255859375e+01
3.548838424682617188e+01
