2.998143005371093750e+01
2.983919715881347656e+01
2.944938087463378906e+01
2.918698692321777344e+01
2.914643669128417969e+01
2.909315109252929688e+01
2.901977920532226562e+01
2.884453582763671875e+01
2.869885826110839844e+01
2.872699546813964844e+01
2.880422592163085938e+01
2.890685653686523438e+01
2.890492057800292969e+01
2.900183105468750000e+01
2.908982086181640625e+01
2.919255065917968750e+01
2.924442863464355469e+01
2.916719436645507812e+01
2.902908515930175781e+01
2.874395561218261719e+01
2.858907699584960938e+01
2.861674118041992188e+01
2.870268249511718750e+01
2.868244171142578125e+01
2.868712234497070312e+01
2.868254661560058594e+01
2.874837684631347656e+01
2.888384056091308594e+01
2.889222335815429688e+01
2.882549285888671875e+01
2.888226127624511719e+01
2.906242942810058594e+01
2.923991012573242188e+01
2.981205749511718750e+01
3.049773597717285156e+01
3.003708648681640625e+01
2.976175117492675781e+01
2.967754554748535156e+01
2.950470352172851562e+01
2.940276145935058594e+01
2.929705810546875000e+01
2.935707283020019531e+01
2.934969520568847656e+01
2.965429306030273438e+01
3.047843551635742188e+01
2.977051353454589844e+01
2.921483039855957031e+01
2.896118736267089844e+01
2.895362663269042969e+01
2.896098899841308594e+01
2.912641716003417969e+01
2.918807601928710938e+01
2.922585678100585938e+01
2.931108474731445312e+01
2.951588249206542969e+01
2.971040344238281250e+01
2.963531112670898438e+01
2.932909202575683594e+01
2.924732780456542969e+01
2.920283508300781250e+01
2.925254631042480469e+01
2.928247070312500000e+01
2.936968231201171875e+01
2.943583869934082031e+01
2.945905113220214844e+01
2.934169197082519531e+01
2.930747985839843750e+01
2.928143692016601562e+01
2.926346969604492188e+01
2.925202369689941406e+01
2.905292701721191406e+01
2.890079498291015625e+01
2.889960098266601562e+01
2.910383224487304688e+01
2.925190544128417969e+01
2.922146606445312500e+01
2.913333320617675781e+01
2.902429771423339844e+01
2.900660324096679688e+01
2.907392692565917969e+01
2.910237884521484375e+01
2.914656829833984375e+01
2.922483634948730469e+01
2.934573745727539062e+01
2.941509056091308594e+01
2.919890022277832031e+01
2.902827072143554688e+01
2.923644828796386719e+01
2.933143234252929688e+01
2.937996864318847656e+01
2.930653381347656250e+01
2.923095703125000000e+01
2.937285804748535156e+01
2.942236328125000000e+01
2.961854362487792969e+01
2.959020042419433594e+01
2.945170021057128906e+01
2.954627990722656250e+01
2.954595184326171875e+01
2.947196578979492188e+01
2.938810348510742188e+01
2.957554817199707031e+01
2.983595275878906250e+01
