3.863760375976562500e+01
3.861932373046875000e+01
3.868983078002929688e+01
3.880465316772460938e+01
3.874718093872070312e+01
3.874011230468750000e+01
3.886697387695312500e+01
3.864491271972656250e+01
3.862676620483398438e+01
3.871483612060546875e+01
3.878891754150390625e+01
3.876340866088867188e+01
3.874988174438476562e+01
3.869008255004882812e+01
3.864772415161132812e+01
3.851217269897460938e+01
3.823412704467773438e+01
3.814480972290039062e+01
3.823013305664062500e+01
3.833819198608398438e+01
3.835586547851562500e+01
3.824923706054687500e+01
3.837924575805664062e+01
3.850008392333984375e+01
3.862808609008789062e+01
3.872372817993164062e+01
3.884747314453125000e+01
3.886923980712890625e+01
3.884403610229492188e+01
3.897896194458007812e+01
3.891187286376953125e+01
3.879352569580078125e+01
3.877503204345703125e+01
3.858425903320312500e+01
3.835273742675781250e+01
3.814195632934570312e+01
3.810531616210937500e+01
3.822814941406250000e+01
3.817741394042968750e+01
3.799596405029296875e+01
3.795633316040039062e+01
3.850247192382812500e+01
3.861585235595703125e+01
3.866992950439453125e+01
3.848159027099609375e+01
3.828437042236328125e+01
3.812034225463867188e+01
3.829956436157226562e+01
3.873945999145507812e+01
3.889393234252929688e+01
3.881980133056640625e+01
3.855867385864257812e+01
3.868453598022460938e+01
3.868530273437500000e+01
3.853804779052734375e+01
3.837096786499023438e+01
3.816806793212890625e+01
3.818940353393554688e+01
3.846333312988281250e+01
3.857411575317382812e+01
3.846982192993164062e+01
3.841280364990234375e+01
3.838924407958984375e+01
3.837752914428710938e+01
3.822676849365234375e+01
3.800116348266601562e+01
3.791883850097656250e+01
3.805931091308593750e+01
3.810331344604492188e+01
3.818117523193359375e+01
3.821633911132812500e+01
3.817029571533203125e+01
3.804027557373046875e+01
3.798669052124023438e+01
3.815845108032226562e+01
3.845276260375976562e+01
3.828280258178710938e+01
3.811443710327148438e+01
3.824424362182617188e+01
3.831526947021484375e+01
3.825404357910156250e+01
3.818940734863281250e+01
3.823731994628906250e+01
3.820296096801757812e+01
3.812057113647460938e+01
3.810105895996093750e+01
3.810244369506835938e+01
3.801765823364257812e+01
3.798756027221679688e+01
3.826126480102539062e+01
3.827205276489257812e+01
3.807789993286132812e+01
3.805297851562500000e+01
3.812565612792968750e+01
3.821037292480468750e+01
3.822794342041015625e+01
3.806098175048828125e+01
3.788697433471679688e+01
3.789910888671875000e+01
3.764955520629882812e+01
3.737600708007812500e+01
3.715034484863281250e+01
3.715345764160156250e+01
3.737593078613281250e+01
3.766968154907226562e+01
