3.387031936645507812e+01
3.393796539306640625e+01
3.406678009033203125e+01
3.428916549682617188e+01
3.411617279052734375e+01
3.395845031738281250e+01
3.378446578979492188e+01
3.376122283935546875e+01
3.359403991699218750e+01
3.275386428833007812e+01
3.301942825317382812e+01
3.409440612792968750e+01
3.471621322631835938e+01
3.507138442993164062e+01
3.544906616210937500e+01
3.557312393188476562e+01
3.581453323364257812e+01
3.624691390991210938e+01
3.704161071777343750e+01
3.658877182006835938e+01
3.539010620117187500e+01
3.440982818603515625e+01
3.399372863769531250e+01
3.388254928588867188e+01
3.387553787231445312e+01
3.431151962280273438e+01
3.479373931884765625e+01
3.476612854003906250e+01
3.418162155151367188e+01
3.335763168334960938e+01
3.336035537719726562e+01
3.324833679199218750e+01
3.320483016967773438e+01
3.339760208129882812e+01
3.352848052978515625e+01
3.407299804687500000e+01
3.502832794189453125e+01
3.524990844726562500e+01
3.503694152832031250e+01
3.526258087158203125e+01
3.546359634399414062e+01
3.576319503784179688e+01
3.552413558959960938e+01
3.543796157836914062e+01
3.554267501831054688e+01
3.469713592529296875e+01
3.447891616821289062e+01
3.448881912231445312e+01
3.446554183959960938e+01
3.448791885375976562e+01
3.488900375366210938e+01
3.537606811523437500e+01
3.559738159179687500e+01
3.545845794677734375e+01
3.537273406982421875e+01
3.534588623046875000e+01
3.543378067016601562e+01
3.548601150512695312e+01
3.542367553710937500e+01
3.480396270751953125e+01
3.437242889404296875e+01
3.434565734863281250e+01
3.418651199340820312e+01
3.381433105468750000e+01
3.361575317382812500e+01
3.344127273559570312e+01
3.325833892822265625e+01
3.319490051269531250e+01
3.323964691162109375e+01
3.329258346557617188e+01
3.328194046020507812e+01
3.322965621948242188e+01
3.342290115356445312e+01
3.351039505004882812e+01
3.340209579467773438e+01
3.315827941894531250e+01
3.317879867553710938e+01
3.338265228271484375e+01
3.341966629028320312e+01
3.334157562255859375e+01
3.317342758178710938e+01
3.314307403564453125e+01
3.305392074584960938e+01
3.304272079467773438e+01
3.287200546264648438e+01
3.261862564086914062e+01
3.236866378784179688e+01
3.223449325561523438e+01
3.236877441406250000e+01
3.220225906372070312e+01
3.228967666625976562e+01
3.272305297851562500e+01
3.316229629516601562e+01
