3.272425079345703125e+01
3.268956375122070312e+01
3.277672958374023438e+01
3.289409637451171875e+01
3.292887496948242188e+01
3.298700332641601562e+01
3.354839324951171875e+01
3.393105697631835938e+01
3.403296661376953125e+01
3.375996780395507812e+01
3.398558425903320312e+01
3.435255050659179688e+01
3.460066986083984375e+01
3.472822189331054688e+01
3.509519195556640625e+01
3.520114135742187500e+01
3.484850692749023438e+01
3.504259872436523438e+01
3.485042190551757812e+01
3.484157562255859375e+01
3.476324081420898438e+01
3.471319961547851562e+01
3.460561752319335938e+01
3.447922134399414062e+01
3.447592926025390625e+01
3.452094650268554688e+01
3.467574691772460938e+01
3.466376876831054688e+01
3.467271041870117188e+01
3.459811782836914062e+01
3.474774551391601562e+01
3.506296539306640625e+01
3.513641738891601562e+01
3.502291488647460938e+01
3.480598449707031250e+01
3.465740966796875000e+01
3.460062408447265625e+01
3.444362640380859375e+01
3.419471359252929688e+01
3.403510665893554688e+01
3.405540466308593750e+01
3.400708007812500000e+01
3.381843948364257812e+01
3.375327301025390625e+01
3.374074172973632812e+01
3.382003021240234375e+01
3.397182846069335938e+01
3.418962860107421875e+01
3.431141662597656250e+01
3.443041992187500000e+01
3.463013458251953125e+01
3.466456985473632812e+01
3.466964340209960938e+01
3.458714675903320312e+01
3.461041259765625000e+01
3.471206283569335938e+01
3.478815078735351562e+01
3.491232681274414062e+01
3.500797653198242188e+01
3.514641952514648438e+01
3.508722686767578125e+01
3.502182388305664062e+01
3.506871795654296875e+01
3.496953201293945312e+01
3.476753234863281250e+01
3.449042510986328125e+01
3.434133148193359375e+01
3.437763977050781250e+01
3.439390563964843750e+01
3.439875411987304688e+01
3.452714538574218750e+01
3.462403106689453125e+01
3.456266021728515625e+01
3.473764419555664062e+01
3.488556671142578125e+01
3.477290344238281250e+01
3.495315170288085938e+01
3.505699157714843750e+01
3.472847366333007812e+01
3.445872879028320312e+01
3.467969512939453125e+01
3.440787506103515625e+01
3.418162536621093750e+01
3.427590942382812500e+01
3.425702667236328125e+01
3.433031082153320312e+01
3.441270828247070312e+01
3.468327331542968750e+01
3.402819061279296875e+01
3.388460159301757812e+01
3.423633575439453125e+01
