2.889157295227050781e+01
2.943411827087402344e+01
2.906967163085937500e+01
2.925360107421875000e+01
2.945368003845214844e+01
2.919381523132324219e+01
2.978457641601562500e+01
3.028933143615722656e+01
3.052308464050292969e+01
3.066718101501464844e+01
3.071003150939941406e+01
3.063581657409667969e+01
3.056157302856445312e+01
3.032270050048828125e+01
3.061194610595703125e+01
3.075138473510742188e+01
3.080278968811035156e+01
3.065881347656250000e+01
3.052068328857421875e+01
3.053616523742675781e+01
3.038115501403808594e+01
3.015431022644042969e+01
2.993883895874023438e+01
2.974365425109863281e+01
2.983022308349609375e+01
3.012130737304687500e+01
3.045065689086914062e+01
3.060914039611816406e+01
3.054923057556152344e+01
3.050931930541992188e+01
3.053995323181152344e+01
3.075021743774414062e+01
3.099161529541015625e+01
3.113937950134277344e+01
3.123472404479980469e+01
3.165083885192871094e+01
3.200223922729492188e+01
3.182451057434082031e+01
3.163339042663574219e+01
3.122292709350585938e+01
3.068049049377441406e+01
3.044404029846191406e+01
3.038446807861328125e+01
3.028125000000000000e+01
3.037503242492675781e+01
3.048685073852539062e+01
3.060752105712890625e+01
3.094009971618652344e+01
3.121919822692871094e+01
3.104808616638183594e+01
3.070958900451660156e+01
3.039833068847656250e+01
3.040067291259765625e+01
3.069046592712402344e+01
3.096239280700683594e+01
3.133975028991699219e+01
3.163175964355468750e+01
3.179384422302246094e+01
3.178333091735839844e+01
3.181756782531738281e+01
3.173608398437500000e+01
3.149996376037597656e+01
3.120241737365722656e+01
3.107509994506835938e+01
3.101735877990722656e+01
3.113581085205078125e+01
3.110177803039550781e+01
3.113809013366699219e+01
3.130107307434082031e+01
3.144828987121582031e+01
3.159841537475585938e+01
3.156583595275878906e+01
3.140102195739746094e+01
3.130929756164550781e+01
3.117544364929199219e+01
3.085518455505371094e+01
3.033987236022949219e+01
2.967728996276855469e+01
2.945574569702148438e+01
2.985827636718750000e+01
3.043048477172851562e+01
3.081801033020019531e+01
3.094146919250488281e+01
3.088751602172851562e+01
3.093684959411621094e+01
3.107419013977050781e+01
3.097839736938476562e+01
3.058716201782226562e+01
3.040362930297851562e+01
3.061060523986816406e+01
3.083671569824218750e+01
3.068943405151367188e+01
3.068480491638183594e+01
3.092587280273437500e+01
3.101382637023925781e+01
3.079588127136230469e+01
3.053114891052246094e+01
3.054304504394531250e+01
3.055854415893554688e+01
3.054385375976562500e+01
3.026781082153320312e+01
2.943227195739746094e+01
2.945561027526855469e+01
2.888257026672363281e+01
