3.649825668334960938e+01
3.616754531860351562e+01
3.701890563964843750e+01
3.710386657714843750e+01
3.754121780395507812e+01
3.775118255615234375e+01
3.796221923828125000e+01
3.780331420898437500e+01
3.732277679443359375e+01
3.707495117187500000e+01
3.671004104614257812e+01
3.599278259277343750e+01
3.583706665039062500e+01
3.499800491333007812e+01
3.477349090576171875e+01
3.524361038208007812e+01
3.632644271850585938e+01
3.730877685546875000e+01
3.726605224609375000e+01
3.729015731811523438e+01
3.747037887573242188e+01
3.761627578735351562e+01
3.709676742553710938e+01
3.612929534912109375e+01
3.591249847412109375e+01
3.630871963500976562e+01
3.706837844848632812e+01
3.697294235229492188e+01
3.713006210327148438e+01
3.663986587524414062e+01
3.614507675170898438e+01
3.552618026733398438e+01
3.536949157714843750e+01
3.592998886108398438e+01
3.585948181152343750e+01
3.576675415039062500e+01
3.588766479492187500e+01
3.589461135864257812e+01
3.651005554199218750e+01
3.671910095214843750e+01
3.737704086303710938e+01
3.739100646972656250e+01
3.711780548095703125e+01
3.695640563964843750e+01
3.678300476074218750e+01
3.654257202148437500e+01
3.656286239624023438e+01
3.594803619384765625e+01
3.571217727661132812e+01
3.554292297363281250e+01
3.585630798339843750e+01
3.615369796752929688e+01
3.601984024047851562e+01
3.524416351318359375e+01
3.474808120727539062e+01
3.514617919921875000e+01
3.603835296630859375e+01
3.705492782592773438e+01
3.721975326538085938e+01
3.669483184814453125e+01
3.576349258422851562e+01
3.570289611816406250e+01
3.613427734375000000e+01
3.615032958984375000e+01
3.593785476684570312e+01
3.647941970825195312e+01
3.750283432006835938e+01
3.762860488891601562e+01
3.773793411254882812e+01
3.734912490844726562e+01
3.691109085083007812e+01
3.656083679199218750e+01
3.690675735473632812e+01
3.686202239990234375e+01
3.645817947387695312e+01
3.658956527709960938e+01
3.678591156005859375e+01
3.679402923583984375e+01
3.685074615478515625e+01
3.697082901000976562e+01
3.697073364257812500e+01
3.694409561157226562e+01
3.585891342163085938e+01
3.648245239257812500e+01
3.633469772338867188e+01
3.606580352783203125e+01
3.617547988891601562e+01
3.639988708496093750e+01
3.728433990478515625e+01
3.786741256713867188e+01
3.806982421875000000e+01
3.821643066406250000e+01
3.801731109619140625e+01
3.759821701049804688e+01
3.713552856445312500e+01
3.753034210205078125e+01
3.777976608276367188e+01
3.752913284301757812e+01
3.748395156860351562e+01
3.734876632690429688e+01
3.744712829589843750e+01
3.780183029174804688e+01
