2.346662902832031250e+01
2.301607513427734375e+01
2.312551307678222656e+01
2.308670425415039062e+01
2.338088226318359375e+01
2.343434715270996094e+01
2.348111534118652344e+01
2.360917282104492188e+01
2.379400825500488281e+01
2.420122337341308594e+01
2.462852287292480469e+01
2.489423942565917969e+01
2.479186248779296875e+01
2.473862838745117188e+01
2.464556694030761719e+01
2.472252082824707031e+01
2.479783630371093750e+01
2.488652610778808594e+01
2.520489120483398438e+01
2.537282943725585938e+01
2.540342521667480469e+01
2.543650054931640625e+01
2.535671997070312500e+01
2.513322448730468750e+01
2.475454902648925781e+01
2.452262496948242188e+01
2.447869300842285156e+01
2.460012435913085938e+01
2.470893287658691406e+01
2.477635574340820312e+01
2.472372817993164062e+01
2.452406311035156250e+01
2.445050811767578125e+01
2.441475677490234375e+01
2.443412017822265625e+01
2.455012130737304688e+01
2.475939178466796875e+01
2.483078002929687500e+01
2.483241081237792969e+01
2.479347038269042969e+01
2.472463607788085938e+01
2.449945831298828125e+01
2.429752731323242188e+01
2.418428039550781250e+01
2.414932060241699219e+01
2.428495407104492188e+01
2.439765930175781250e+01
2.429635429382324219e+01
2.429054260253906250e+01
2.413205718994140625e+01
2.402495956420898438e+01
2.399046325683593750e+01
2.406968116760253906e+01
2.419211387634277344e+01
2.438095283508300781e+01
2.457921028137207031e+01
2.432081413269042969e+01
2.426076698303222656e+01
2.395700645446777344e+01
2.354422569274902344e+01
2.347536659240722656e+01
2.349190711975097656e+01
2.341936302185058594e+01
2.348950195312500000e+01
2.367942810058593750e+01
2.371356201171875000e+01
2.383577346801757812e+01
2.377361297607421875e+01
2.390997505187988281e+01
2.402503395080566406e+01
2.413009452819824219e+01
2.422924423217773438e+01
2.436782455444335938e+01
2.422957420349121094e+01
2.403631401062011719e+01
2.381646919250488281e+01
2.363356781005859375e+01
2.354940986633300781e+01
2.359038543701171875e+01
2.371931838989257812e+01
2.383259773254394531e+01
2.397005271911621094e+01
2.404851913452148438e+01
2.408434677124023438e+01
2.419220161437988281e+01
2.428608131408691406e+01
2.433177185058593750e+01
2.438133621215820312e+01
2.425297546386718750e+01
2.404603385925292969e+01
2.398831748962402344e+01
2.378615379333496094e+01
2.369512939453125000e+01
2.375615882873535156e+01
2.384401130676269531e+01
2.399880409240722656e+01
2.397838783264160156e+01
2.415120506286621094e+01
2.404837226867675781e+01
2.412275123596191406e+01
2.402503776550292969e+01
2.411758995056152344e+01
2.401781845092773438e+01
2.378881454467773438e+01
2.338126182556152344e+01
2.342138671875000000e+01
2.362953567504882812e+01
2.380066871643066406e+01
