2.626894187927246094e+01
2.591380500793457031e+01
2.588238525390625000e+01
2.601128196716308594e+01
2.592318916320800781e+01
2.603843307495117188e+01
2.599461364746093750e+01
2.614082717895507812e+01
2.614534568786621094e+01
2.603936386108398438e+01
2.613347434997558594e+01
2.624072456359863281e+01
2.642266654968261719e+01
2.645268630981445312e+01
2.651342582702636719e+01
2.634166908264160156e+01
2.606963729858398438e+01
2.587463188171386719e+01
2.579871749877929688e+01
2.584545898437500000e+01
2.580712127685546875e+01
2.581584739685058594e+01
2.573683738708496094e+01
2.571598815917968750e+01
2.577793502807617188e+01
2.584986495971679688e+01
2.594573593139648438e+01
2.596529579162597656e+01
2.596742248535156250e+01
2.601451683044433594e+01
2.599984931945800781e+01
2.602222633361816406e+01
2.602931213378906250e+01
2.606160926818847656e+01
2.609195899963378906e+01
2.612572860717773438e+01
2.616040992736816406e+01
2.631760215759277344e+01
2.636364555358886719e+01
2.638023757934570312e+01
2.634063529968261719e+01
2.640112495422363281e+01
2.647702598571777344e+01
2.643536376953125000e+01
2.641116142272949219e+01
2.650420761108398438e+01
2.666325759887695312e+01
2.684909248352050781e+01
2.685901832580566406e+01
2.650695991516113281e+01
2.631773185729980469e+01
2.604775428771972656e+01
2.610595512390136719e+01
2.641728782653808594e+01
2.697618675231933594e+01
2.725316810607910156e+01
2.701799392700195312e+01
2.664979362487792969e+01
2.624810409545898438e+01
2.621437454223632812e+01
2.604995727539062500e+01
2.593785667419433594e+01
2.599940299987792969e+01
2.593518257141113281e+01
2.587098121643066406e+01
2.602241134643554688e+01
2.619862937927246094e+01
2.631044197082519531e+01
2.623622322082519531e+01
2.612522697448730469e+01
2.596578025817871094e+01
2.588838577270507812e+01
2.583913230895996094e+01
2.575668716430664062e+01
2.574334526062011719e+01
2.573639488220214844e+01
2.575695800781250000e+01
2.583523178100585938e+01
2.589085388183593750e+01
2.593047142028808594e+01
2.600282669067382812e+01
2.609401512145996094e+01
2.615072631835937500e+01
2.616688346862792969e+01
2.620894622802734375e+01
2.625796699523925781e+01
2.620850563049316406e+01
2.615013694763183594e+01
2.619610786437988281e+01
2.616215705871582031e+01
2.628923606872558594e+01
2.642540740966796875e+01
2.649812698364257812e+01
2.656136322021484375e+01
2.655048370361328125e+01
2.644917106628417969e+01
2.624540519714355469e+01
2.603946304321289062e+01
2.594007682800292969e+01
2.589460563659667969e+01
2.603578186035156250e+01
2.615923309326171875e+01
2.606463432312011719e+01
2.595315933227539062e+01
2.569240188598632812e+01
