3.722771072387695312e+01
3.729608535766601562e+01
3.733847045898437500e+01
3.744330215454101562e+01
3.745310211181640625e+01
3.756035614013671875e+01
3.752133178710937500e+01
3.731695938110351562e+01
3.716380310058593750e+01
3.703817749023437500e+01
3.642279815673828125e+01
3.617895889282226562e+01
3.654307174682617188e+01
3.664876937866210938e+01
3.705331420898437500e+01
3.791802978515625000e+01
3.755495834350585938e+01
3.733378601074218750e+01
3.746072006225585938e+01
3.781477737426757812e+01
3.778329467773437500e+01
3.748649978637695312e+01
3.713029861450195312e+01
3.714191818237304688e+01
3.751485443115234375e+01
3.768123245239257812e+01
3.745250701904296875e+01
3.717156219482421875e+01
3.702756500244140625e+01
3.720941925048828125e+01
3.727231216430664062e+01
3.732056808471679688e+01
3.812211227416992188e+01
3.788188552856445312e+01
3.736026763916015625e+01
3.759180450439453125e+01
3.803100204467773438e+01
3.845117187500000000e+01
3.837873840332031250e+01
3.824026870727539062e+01
3.762991333007812500e+01
3.741926193237304688e+01
3.763294601440429688e+01
3.814393234252929688e+01
3.789834213256835938e+01
3.765403747558593750e+01
3.772794723510742188e+01
3.804858016967773438e+01
3.822159957885742188e+01
3.793862533569335938e+01
3.786856460571289062e+01
3.775600814819335938e+01
3.746687316894531250e+01
3.742024993896484375e+01
3.772617340087890625e+01
3.760294723510742188e+01
3.773430252075195312e+01
3.787604522705078125e+01
3.794362640380859375e+01
3.798935699462890625e+01
3.827008819580078125e+01
3.839834213256835938e+01
3.837977981567382812e+01
3.834927368164062500e+01
3.830862426757812500e+01
3.828235244750976562e+01
3.826857757568359375e+01
3.815060806274414062e+01
3.784962844848632812e+01
3.786292648315429688e+01
3.798403167724609375e+01
3.780844497680664062e+01
3.789764404296875000e+01
3.826517486572265625e+01
3.834491729736328125e+01
3.822254180908203125e+01
3.795450973510742188e+01
3.810791015625000000e+01
3.803755569458007812e+01
3.800732421875000000e+01
3.818458175659179688e+01
3.795719528198242188e+01
3.773643493652343750e+01
3.774752044677734375e+01
3.807379150390625000e+01
3.814035034179687500e+01
3.760012435913085938e+01
3.751982498168945312e+01
3.778485107421875000e+01
3.829439163208007812e+01
3.833280563354492188e+01
3.817371749877929688e+01
3.822553634643554688e+01
3.798815917968750000e+01
3.787113571166992188e+01
3.733035659790039062e+01
3.711791610717773438e+01
3.814856719970703125e+01
3.811656188964843750e+01
3.841462326049804688e+01
