2.906779098510742188e+01
2.932810020446777344e+01
2.923722267150878906e+01
2.972505378723144531e+01
3.025284004211425781e+01
3.060496520996093750e+01
3.025883293151855469e+01
2.972332954406738281e+01
2.933372116088867188e+01
2.913366317749023438e+01
2.908131599426269531e+01
2.890205955505371094e+01
2.886660194396972656e+01
2.901445007324218750e+01
2.968777847290039062e+01
3.009540557861328125e+01
3.039112091064453125e+01
3.074644279479980469e+01
3.090552139282226562e+01
2.997213363647460938e+01
2.898928260803222656e+01
2.875739860534667969e+01
2.874393272399902344e+01
2.876244735717773438e+01
2.923074531555175781e+01
2.949220085144042969e+01
2.970670509338378906e+01
2.953641128540039062e+01
2.919680023193359375e+01
2.904843521118164062e+01
2.912650299072265625e+01
2.920045089721679688e+01
2.938796234130859375e+01
2.950199508666992188e+01
2.916710281372070312e+01
2.887684440612792969e+01
2.942918014526367188e+01
2.968750762939453125e+01
2.983170127868652344e+01
2.997523498535156250e+01
2.991684532165527344e+01
3.003211593627929688e+01
3.035065269470214844e+01
3.030353164672851562e+01
3.027625846862792969e+01
2.956859397888183594e+01
2.889104270935058594e+01
2.979322052001953125e+01
3.122550582885742188e+01
3.160690116882324219e+01
3.108926010131835938e+01
3.014869117736816406e+01
2.989052391052246094e+01
3.009376716613769531e+01
2.980878067016601562e+01
2.960111236572265625e+01
2.961768341064453125e+01
2.992571449279785156e+01
2.974078559875488281e+01
2.965007400512695312e+01
2.969254112243652344e+01
2.984573364257812500e+01
2.949155426025390625e+01
2.932386398315429688e+01
2.920262145996093750e+01
2.919855117797851562e+01
2.928413200378417969e+01
2.948428916931152344e+01
2.961452102661132812e+01
2.946847724914550781e+01
2.905446434020996094e+01
2.891526222229003906e+01
2.903520965576171875e+01
2.920300102233886719e+01
2.935079574584960938e+01
2.957044219970703125e+01
2.963487434387207031e+01
2.963385581970214844e+01
2.965096664428710938e+01
2.960808944702148438e+01
2.951182746887207031e+01
2.974122810363769531e+01
2.981657409667968750e+01
2.946432685852050781e+01
2.904058074951171875e+01
2.888189697265625000e+01
2.892290306091308594e+01
2.894060707092285156e+01
2.881727218627929688e+01
2.859516906738281250e+01
2.819622993469238281e+01
2.783063125610351562e+01
2.800253486633300781e+01
2.839427375793457031e+01
2.866519927978515625e+01
2.835712814331054688e+01
2.843244934082031250e+01
2.890837478637695312e+01
2.948768234252929688e+01
2.985768318176269531e+01
2.915360260009765625e+01
