2.751796150207519531e+01
2.746476936340332031e+01
2.763572311401367188e+01
2.778155708312988281e+01
2.777142524719238281e+01
2.788676452636718750e+01
2.823283004760742188e+01
2.853800010681152344e+01
2.897688674926757812e+01
2.899587631225585938e+01
2.891366004943847656e+01
2.875407218933105469e+01
2.871913146972656250e+01
2.872784233093261719e+01
2.888350868225097656e+01
2.918169975280761719e+01
2.958584976196289062e+01
2.979529571533203125e+01
2.991637229919433594e+01
2.969911384582519531e+01
2.946385383605957031e+01
2.933769416809082031e+01
2.934972000122070312e+01
2.892228507995605469e+01
2.857602500915527344e+01
2.855833053588867188e+01
2.865118598937988281e+01
2.875106620788574219e+01
2.877280235290527344e+01
2.877387619018554688e+01
2.875613403320312500e+01
2.870679473876953125e+01
2.874360084533691406e+01
2.870324325561523438e+01
2.867933464050292969e+01
2.859615898132324219e+01
2.856565475463867188e+01
2.878067398071289062e+01
2.871142196655273438e+01
2.834638404846191406e+01
2.821512031555175781e+01
2.810252380371093750e+01
2.802024841308593750e+01
2.806251716613769531e+01
2.806984519958496094e+01
2.809904670715332031e+01
2.809516143798828125e+01
2.802898979187011719e+01
2.800931739807128906e+01
2.797662544250488281e+01
2.785399055480957031e+01
2.774552917480468750e+01
2.780651855468750000e+01
2.791124725341796875e+01
2.803597068786621094e+01
2.807674217224121094e+01
2.799576950073242188e+01
2.789215660095214844e+01
2.789262771606445312e+01
2.792417526245117188e+01
2.796350860595703125e+01
2.814650535583496094e+01
2.840540885925292969e+01
2.871336936950683594e+01
2.897809791564941406e+01
2.905797195434570312e+01
2.903454780578613281e+01
2.904416465759277344e+01
2.895120429992675781e+01
2.875841903686523438e+01
2.876475143432617188e+01
2.857009506225585938e+01
2.823910903930664062e+01
2.802778053283691406e+01
2.801978874206542969e+01
2.805528640747070312e+01
2.804843902587890625e+01
2.807748985290527344e+01
2.822574806213378906e+01
2.817172813415527344e+01
2.807633209228515625e+01
2.775142478942871094e+01
2.754211235046386719e+01
2.763181877136230469e+01
2.775988197326660156e+01
2.784869194030761719e+01
2.783132362365722656e+01
2.771915245056152344e+01
2.786915588378906250e+01
2.804895973205566406e+01
2.813357353210449219e+01
2.827879524230957031e+01
2.833215904235839844e+01
2.819396209716796875e+01
2.814023590087890625e+01
2.826095008850097656e+01
2.848761177062988281e+01
2.846315193176269531e+01
2.836543655395507812e+01
2.819877243041992188e+01
2.795411300659179688e+01
2.785852813720703125e+01
2.798394012451171875e+01
2.845985412597656250e+01
2.838338661193847656e+01
