3.568338012695312500e+01
3.559202575683593750e+01
3.589760589599609375e+01
3.533620071411132812e+01
3.565269088745117188e+01
3.656149291992187500e+01
3.643105316162109375e+01
3.623284149169921875e+01
3.667104339599609375e+01
3.709230041503906250e+01
3.683861923217773438e+01
3.693324279785156250e+01
3.713597488403320312e+01
3.711484146118164062e+01
3.700025177001953125e+01
3.711455154418945312e+01
3.723801040649414062e+01
3.727061080932617188e+01
3.737215805053710938e+01
3.706441879272460938e+01
3.714927673339843750e+01
3.728098678588867188e+01
3.752312850952148438e+01
3.768012619018554688e+01
3.772573471069335938e+01
3.765832138061523438e+01
3.751768112182617188e+01
3.740816497802734375e+01
3.756714248657226562e+01
3.747255706787109375e+01
3.730366897583007812e+01
3.731044006347656250e+01
3.745579528808593750e+01
3.752106094360351562e+01
3.745895767211914062e+01
3.720763778686523438e+01
3.719427871704101562e+01
3.714264297485351562e+01
3.724569320678710938e+01
3.737554931640625000e+01
3.746448898315429688e+01
3.750400924682617188e+01
3.760935974121093750e+01
3.768725967407226562e+01
3.766040802001953125e+01
3.751512527465820312e+01
3.737237167358398438e+01
3.752262115478515625e+01
3.764141082763671875e+01
3.773823928833007812e+01
3.778370285034179688e+01
3.782838439941406250e+01
3.781904220581054688e+01
3.776055908203125000e+01
3.777922058105468750e+01
3.790177917480468750e+01
3.793859863281250000e+01
3.793074417114257812e+01
3.786117553710937500e+01
3.768627929687500000e+01
3.741556930541992188e+01
3.723122406005859375e+01
3.738333511352539062e+01
3.749664306640625000e+01
3.766775894165039062e+01
3.772877502441406250e+01
3.765935516357421875e+01
3.749515533447265625e+01
3.720822906494140625e+01
3.697579193115234375e+01
3.703310394287109375e+01
3.716361618041992188e+01
3.716333389282226562e+01
3.690269470214843750e+01
3.705223846435546875e+01
3.729713058471679688e+01
3.731576156616210938e+01
3.712323379516601562e+01
3.710682678222656250e+01
3.684076690673828125e+01
3.694102859497070312e+01
3.692306137084960938e+01
3.688214874267578125e+01
3.686396026611328125e+01
3.684170532226562500e+01
3.686486053466796875e+01
3.689733886718750000e+01
3.658860778808593750e+01
3.633888626098632812e+01
3.671136474609375000e+01
3.686047744750976562e+01
3.704769134521484375e+01
3.710418701171875000e+01
3.617575836181640625e+01
3.437964630126953125e+01
3.341601181030273438e+01
