3.261529159545898438e+01
3.277870559692382812e+01
3.291949462890625000e+01
3.300281143188476562e+01
3.295826721191406250e+01
3.310620117187500000e+01
3.315937423706054688e+01
3.336486816406250000e+01
3.342132568359375000e+01
3.334306716918945312e+01
3.332555770874023438e+01
3.328516769409179688e+01
3.330914688110351562e+01
3.363064575195312500e+01
3.381162261962890625e+01
3.383425140380859375e+01
3.380737304687500000e+01
3.387194442749023438e+01
3.391870880126953125e+01
3.402502059936523438e+01
3.421184921264648438e+01
3.431906509399414062e+01
3.442387008666992188e+01
3.447313690185546875e+01
3.449374771118164062e+01
3.458929443359375000e+01
3.450010299682617188e+01
3.447997283935546875e+01
3.435472869873046875e+01
3.408819961547851562e+01
3.411285018920898438e+01
3.426213073730468750e+01
3.433819961547851562e+01
3.419033432006835938e+01
3.393123245239257812e+01
3.376508331298828125e+01
3.378548812866210938e+01
3.390371322631835938e+01
3.396471023559570312e+01
3.390166473388671875e+01
3.384181976318359375e+01
3.382769012451171875e+01
3.372787475585937500e+01
3.365654373168945312e+01
3.374104690551757812e+01
3.375098037719726562e+01
3.380574417114257812e+01
3.388946533203125000e+01
3.383346176147460938e+01
3.386707687377929688e+01
3.400760650634765625e+01
3.415736770629882812e+01
3.434124755859375000e+01
3.430715560913085938e+01
3.418619918823242188e+01
3.408240509033203125e+01
3.387508392333984375e+01
3.389834594726562500e+01
3.405680465698242188e+01
3.408144760131835938e+01
3.404698944091796875e+01
3.409360504150390625e+01
3.414436721801757812e+01
3.419647979736328125e+01
3.428480529785156250e+01
3.442882537841796875e+01
3.454234695434570312e+01
3.461261367797851562e+01
3.470972442626953125e+01
3.460689926147460938e+01
3.441149520874023438e+01
3.416252517700195312e+01
3.387370300292968750e+01
3.373406982421875000e+01
3.377039718627929688e+01
3.387516403198242188e+01
3.385573959350585938e+01
3.370100784301757812e+01
3.378888320922851562e+01
3.379894256591796875e+01
3.375257873535156250e+01
3.366429519653320312e+01
3.363488769531250000e+01
3.363761520385742188e+01
3.368518447875976562e+01
3.381572341918945312e+01
3.412903976440429688e+01
3.426381301879882812e+01
3.412274551391601562e+01
3.388783264160156250e+01
3.379178619384765625e+01
