2.496694374084472656e+01
2.497833824157714844e+01
2.511818313598632812e+01
2.529911041259765625e+01
2.576628112792968750e+01
2.599418640136718750e+01
2.616849136352539062e+01
2.637308120727539062e+01
2.630500602722167969e+01
2.596851348876953125e+01
2.594825553894042969e+01
2.597186660766601562e+01
2.623649978637695312e+01
2.655734443664550781e+01
2.656466865539550781e+01
2.643309974670410156e+01
2.651578903198242188e+01
2.704911613464355469e+01
2.696222114562988281e+01
2.676007652282714844e+01
2.682881355285644531e+01
2.696958541870117188e+01
2.704347419738769531e+01
2.730940437316894531e+01
2.765780830383300781e+01
2.768449020385742188e+01
2.749472045898437500e+01
2.725695610046386719e+01
2.698073387145996094e+01
2.682600593566894531e+01
2.644756889343261719e+01
2.624775505065917969e+01
2.630736160278320312e+01
2.650508499145507812e+01
2.682011413574218750e+01
2.721401786804199219e+01
2.751248359680175781e+01
2.771173667907714844e+01
2.767732429504394531e+01
2.748968505859375000e+01
2.730830383300781250e+01
2.722595787048339844e+01
2.709879112243652344e+01
2.702671241760253906e+01
2.686196708679199219e+01
2.676593971252441406e+01
2.676691436767578125e+01
2.682832717895507812e+01
2.690457534790039062e+01
2.694561386108398438e+01
2.696047210693359375e+01
2.696546173095703125e+01
2.697737121582031250e+01
2.691406822204589844e+01
2.684483909606933594e+01
2.667520904541015625e+01
2.651085090637207031e+01
2.638730812072753906e+01
2.620145797729492188e+01
2.604519844055175781e+01
2.594174003601074219e+01
2.585347366333007812e+01
2.578655433654785156e+01
2.592429733276367188e+01
2.618879127502441406e+01
2.645141792297363281e+01
2.655889129638671875e+01
2.651439285278320312e+01
2.638488388061523438e+01
2.637710952758789062e+01
2.642744636535644531e+01
2.645669746398925781e+01
2.633382987976074219e+01
2.609804725646972656e+01
2.595527458190917969e+01
2.586088943481445312e+01
2.579924774169921875e+01
2.573257446289062500e+01
2.566533851623535156e+01
2.550122642517089844e+01
2.527065849304199219e+01
2.500613594055175781e+01
2.462356376647949219e+01
2.449110603332519531e+01
2.441975402832031250e+01
2.450149345397949219e+01
2.470993614196777344e+01
2.476642608642578125e+01
2.475740051269531250e+01
2.470437812805175781e+01
2.490770912170410156e+01
2.521623992919921875e+01
2.531133651733398438e+01
2.534303665161132812e+01
2.531356430053710938e+01
2.532768630981445312e+01
2.533939552307128906e+01
2.518240547180175781e+01
2.504987907409667969e+01
2.464636993408203125e+01
2.461099433898925781e+01
2.433800506591796875e+01
