2.750928497314453125e+01
2.744165420532226562e+01
2.742752265930175781e+01
2.753381919860839844e+01
2.758731651306152344e+01
2.781117820739746094e+01
2.812336921691894531e+01
2.803890419006347656e+01
2.780228805541992188e+01
2.755154800415039062e+01
2.750123023986816406e+01
2.762178230285644531e+01
2.772179794311523438e+01
2.776182746887207031e+01
2.763702011108398438e+01
2.742930412292480469e+01
2.735176658630371094e+01
2.717874336242675781e+01
2.709932518005371094e+01
2.723109436035156250e+01
2.754499435424804688e+01
2.780531120300292969e+01
2.802048683166503906e+01
2.808821868896484375e+01
2.797152900695800781e+01
2.775950813293457031e+01
2.763720321655273438e+01
2.739631462097167969e+01
2.721620368957519531e+01
2.708122444152832031e+01
2.702952003479003906e+01
2.700902938842773438e+01
2.708905982971191406e+01
2.718947410583496094e+01
2.730885887145996094e+01
2.740436744689941406e+01
2.746291542053222656e+01
2.766215133666992188e+01
2.782733345031738281e+01
2.788731765747070312e+01
2.790171813964843750e+01
2.786317062377929688e+01
2.783549880981445312e+01
2.789295578002929688e+01
2.784114265441894531e+01
2.802616310119628906e+01
2.817949295043945312e+01
2.819067573547363281e+01
2.835584449768066406e+01
2.852469444274902344e+01
2.816752052307128906e+01
2.791363716125488281e+01
2.836445808410644531e+01
2.834173965454101562e+01
2.831546974182128906e+01
2.833796501159667969e+01
2.813867568969726562e+01
2.811885643005371094e+01
2.820810127258300781e+01
2.819570922851562500e+01
2.804381752014160156e+01
2.799710273742675781e+01
2.807977485656738281e+01
2.815097618103027344e+01
2.812541389465332031e+01
2.822079277038574219e+01
2.840715026855468750e+01
2.839423751831054688e+01
2.824197006225585938e+01
2.806186866760253906e+01
2.793827629089355469e+01
2.797029113769531250e+01
2.805169486999511719e+01
2.813194465637207031e+01
2.805667877197265625e+01
2.802764701843261719e+01
2.807313919067382812e+01
2.795486640930175781e+01
2.785465049743652344e+01
2.793148040771484375e+01
2.803999900817871094e+01
2.798657417297363281e+01
2.800182342529296875e+01
2.813019561767578125e+01
2.830857086181640625e+01
2.819144630432128906e+01
2.815304565429687500e+01
2.818384552001953125e+01
2.802389144897460938e+01
2.794812774658203125e+01
2.803715324401855469e+01
2.807849693298339844e+01
2.793460083007812500e+01
2.761846542358398438e+01
2.722712135314941406e+01
2.692210960388183594e+01
2.713174247741699219e+01
2.728153419494628906e+01
2.736207199096679688e+01
2.718417739868164062e+01
2.713370323181152344e+01
2.715536689758300781e+01
2.730248260498046875e+01
