2.726641464233398438e+01
2.631562805175781250e+01
2.589248085021972656e+01
2.534856224060058594e+01
2.513172340393066406e+01
2.501992797851562500e+01
2.495131874084472656e+01
2.492066383361816406e+01
2.495303153991699219e+01
2.490636634826660156e+01
2.512356758117675781e+01
2.549418449401855469e+01
2.564346122741699219e+01
2.573361778259277344e+01
2.612909317016601562e+01
2.622957801818847656e+01
2.605438041687011719e+01
2.585146903991699219e+01
2.561327552795410156e+01
2.551953125000000000e+01
2.544564819335937500e+01
2.529485702514648438e+01
2.534984970092773438e+01
2.537746047973632812e+01
2.554447746276855469e+01
2.546223258972167969e+01
2.565384483337402344e+01
2.550604820251464844e+01
2.548134422302246094e+01
2.517270088195800781e+01
2.505119705200195312e+01
2.520502471923828125e+01
2.521964073181152344e+01
2.508625602722167969e+01
2.502148628234863281e+01
2.494298744201660156e+01
2.495565605163574219e+01
2.497691345214843750e+01
2.497942161560058594e+01
2.488705444335937500e+01
2.467224884033203125e+01
2.444187736511230469e+01
2.438155364990234375e+01
2.432635116577148438e+01
2.429501152038574219e+01
2.440016365051269531e+01
2.443931198120117188e+01
2.447586631774902344e+01
2.445798873901367188e+01
2.450923728942871094e+01
2.459485816955566406e+01
2.461524009704589844e+01
2.468720817565917969e+01
2.468851470947265625e+01
2.476302528381347656e+01
2.479869842529296875e+01
2.483591270446777344e+01
2.481036567687988281e+01
2.467021751403808594e+01
2.477651596069335938e+01
2.487257957458496094e+01
2.486486816406250000e+01
2.495157432556152344e+01
2.492371368408203125e+01
2.487607955932617188e+01
2.498893356323242188e+01
2.509302330017089844e+01
2.508671760559082031e+01
2.501385307312011719e+01
2.508655357360839844e+01
2.507653617858886719e+01
2.495370483398437500e+01
2.465191841125488281e+01
2.443737030029296875e+01
2.450459861755371094e+01
2.461112022399902344e+01
2.475065994262695312e+01
2.490968322753906250e+01
2.517449760437011719e+01
2.518329238891601562e+01
2.506188583374023438e+01
2.482038116455078125e+01
2.474384117126464844e+01
2.482573509216308594e+01
2.471753311157226562e+01
2.469914627075195312e+01
2.443111610412597656e+01
2.432684135437011719e+01
2.427130699157714844e+01
2.428712654113769531e+01
2.444307899475097656e+01
2.461046791076660156e+01
2.496246528625488281e+01
2.490902519226074219e+01
2.489082336425781250e+01
2.507610321044921875e+01
2.521529197692871094e+01
2.559086608886718750e+01
