3.403347015380859375e+01
3.405062866210937500e+01
3.407074356079101562e+01
3.375108718872070312e+01
3.381296539306640625e+01
3.370382308959960938e+01
3.361559295654296875e+01
3.354512786865234375e+01
3.345986557006835938e+01
3.353025054931640625e+01
3.359872817993164062e+01
3.374472427368164062e+01
3.424074554443359375e+01
3.468445968627929688e+01
3.450423049926757812e+01
3.441537475585937500e+01
3.430180358886718750e+01
3.434257888793945312e+01
3.456198501586914062e+01
3.455474853515625000e+01
3.442454147338867188e+01
3.391803359985351562e+01
3.378711700439453125e+01
3.391205978393554688e+01
3.395486450195312500e+01
3.398224639892578125e+01
3.417540740966796875e+01
3.467269897460937500e+01
3.459297943115234375e+01
3.444256210327148438e+01
3.449303436279296875e+01
3.474967193603515625e+01
3.528736495971679688e+01
3.550783157348632812e+01
3.509860610961914062e+01
3.478143692016601562e+01
3.475008392333984375e+01
3.474959945678710938e+01
3.448403167724609375e+01
3.437470626831054688e+01
3.453736114501953125e+01
3.462377929687500000e+01
3.509238815307617188e+01
3.610881042480468750e+01
3.615993881225585938e+01
3.582708740234375000e+01
3.547750091552734375e+01
3.516028213500976562e+01
3.474684906005859375e+01
3.472567749023437500e+01
3.500927734375000000e+01
3.502238845825195312e+01
3.489896392822265625e+01
3.499178314208984375e+01
3.510900878906250000e+01
3.530520248413085938e+01
3.519577026367187500e+01
3.537240600585937500e+01
3.561731719970703125e+01
3.553791046142578125e+01
3.498575973510742188e+01
3.446429061889648438e+01
3.387310409545898438e+01
3.352972793579101562e+01
3.365631484985351562e+01
3.361341094970703125e+01
3.371556091308593750e+01
3.372592544555664062e+01
3.390331649780273438e+01
3.376066207885742188e+01
3.351657485961914062e+01
3.343048858642578125e+01
3.365042877197265625e+01
3.404584503173828125e+01
3.398136520385742188e+01
3.349312210083007812e+01
3.327121353149414062e+01
3.322912216186523438e+01
3.324938583374023438e+01
3.334603118896484375e+01
3.353875350952148438e+01
3.370037841796875000e+01
3.387364196777343750e+01
3.413463592529296875e+01
3.424670791625976562e+01
3.407775115966796875e+01
3.386612701416015625e+01
3.336714553833007812e+01
3.330603027343750000e+01
3.320352554321289062e+01
3.313877487182617188e+01
3.341066741943359375e+01
3.361485290527343750e+01
3.376213836669921875e+01
3.405401611328125000e+01
3.452623367309570312e+01
3.594728088378906250e+01
3.654384231567382812e+01
3.523481369018554688e+01
3.514324951171875000e+01
3.428506088256835938e+01
