3.355113601684570312e+01
3.295037841796875000e+01
3.248433303833007812e+01
3.226178741455078125e+01
3.234176254272460938e+01
3.251748275756835938e+01
3.263964080810546875e+01
3.285467529296875000e+01
3.327506256103515625e+01
3.335178375244140625e+01
3.282259368896484375e+01
3.233958053588867188e+01
3.208977508544921875e+01
3.177580642700195312e+01
3.136416625976562500e+01
3.116281127929687500e+01
3.133047866821289062e+01
3.213081359863281250e+01
3.288966369628906250e+01
3.284288406372070312e+01
3.221536254882812500e+01
3.186650085449218750e+01
3.182823944091796875e+01
3.176597404479980469e+01
3.177935600280761719e+01
3.190176582336425781e+01
3.209729766845703125e+01
3.278580856323242188e+01
3.317809677124023438e+01
3.322200393676757812e+01
3.318222427368164062e+01
3.254098129272460938e+01
3.167062187194824219e+01
3.127291297912597656e+01
3.120430755615234375e+01
3.146913337707519531e+01
3.171535873413085938e+01
3.199223136901855469e+01
3.210457611083984375e+01
3.214084243774414062e+01
3.234242630004882812e+01
3.242613220214843750e+01
3.198655891418457031e+01
3.185922813415527344e+01
3.204582595825195312e+01
3.197959518432617188e+01
3.172216606140136719e+01
3.188925170898437500e+01
3.230582427978515625e+01
3.279931640625000000e+01
3.309972000122070312e+01
3.287510299682617188e+01
3.242815399169921875e+01
3.227190780639648438e+01
3.219570541381835938e+01
3.198365783691406250e+01
3.182858276367187500e+01
3.173905563354492188e+01
3.179275703430175781e+01
3.218896484375000000e+01
3.243956375122070312e+01
3.259989166259765625e+01
3.294190597534179688e+01
3.305955886840820312e+01
3.274914169311523438e+01
3.228640747070312500e+01
3.215926361083984375e+01
3.279053497314453125e+01
3.302308654785156250e+01
3.319585418701171875e+01
3.321357345581054688e+01
3.342451477050781250e+01
3.314411926269531250e+01
3.307877349853515625e+01
3.310865783691406250e+01
3.265773773193359375e+01
3.231773757934570312e+01
3.227882766723632812e+01
3.257118988037109375e+01
3.302436828613281250e+01
3.329658508300781250e+01
3.330820465087890625e+01
3.356898880004882812e+01
3.349163818359375000e+01
3.335801315307617188e+01
3.348177719116210938e+01
3.325033569335937500e+01
3.287947845458984375e+01
3.275196075439453125e+01
3.311354827880859375e+01
3.353030395507812500e+01
3.336350631713867188e+01
3.317411804199218750e+01
3.320518493652343750e+01
3.296357727050781250e+01
3.267947769165039062e+01
3.264269256591796875e+01
3.247631835937500000e+01
3.260455322265625000e+01
3.275730133056640625e+01
3.266577911376953125e+01
3.254582977294921875e+01
3.241851043701171875e+01
3.232861709594726562e+01
3.233721160888671875e+01
