3.075473976135253906e+01
3.122917938232421875e+01
3.141232490539550781e+01
3.138065147399902344e+01
3.104238319396972656e+01
3.116281509399414062e+01
3.142055511474609375e+01
3.118906402587890625e+01
3.076770210266113281e+01
3.005282020568847656e+01
2.987555313110351562e+01
3.053059387207031250e+01
3.131692695617675781e+01
3.161207771301269531e+01
3.104013633728027344e+01
3.080578422546386719e+01
3.100324058532714844e+01
3.118396759033203125e+01
3.131996345520019531e+01
3.119373893737792969e+01
3.077738761901855469e+01
3.054718017578125000e+01
3.065974807739257812e+01
3.082077789306640625e+01
3.095146751403808594e+01
3.092762565612792969e+01
3.099884223937988281e+01
3.118405723571777344e+01
3.119465065002441406e+01
3.105642127990722656e+01
3.074293708801269531e+01
3.064707374572753906e+01
3.049409484863281250e+01
3.026195716857910156e+01
3.016517257690429688e+01
3.019555854797363281e+01
3.021340370178222656e+01
3.016672515869140625e+01
3.006328773498535156e+01
2.990105438232421875e+01
2.998264122009277344e+01
3.009154891967773438e+01
3.018605232238769531e+01
3.025046157836914062e+01
3.016601753234863281e+01
2.990110397338867188e+01
2.978767204284667969e+01
2.970182037353515625e+01
2.980991363525390625e+01
3.010662460327148438e+01
3.032858467102050781e+01
3.041346740722656250e+01
3.091008758544921875e+01
3.130392456054687500e+01
3.148143577575683594e+01
3.140549659729003906e+01
3.154066658020019531e+01
3.178294944763183594e+01
3.208428192138671875e+01
3.233788299560546875e+01
3.259387969970703125e+01
3.216673660278320312e+01
3.170230293273925781e+01
3.178872108459472656e+01
3.192025184631347656e+01
3.182580375671386719e+01
3.165149879455566406e+01
3.150885200500488281e+01
3.131153106689453125e+01
3.135400772094726562e+01
3.141174697875976562e+01
3.117024803161621094e+01
3.086428451538085938e+01
3.064419555664062500e+01
3.047924995422363281e+01
3.048442459106445312e+01
3.056321716308593750e+01
3.074291801452636719e+01
3.096923255920410156e+01
3.103069114685058594e+01
3.099291229248046875e+01
3.087292289733886719e+01
3.097270965576171875e+01
3.141369056701660156e+01
3.157650566101074219e+01
3.139349746704101562e+01
3.108415794372558594e+01
3.077100563049316406e+01
3.049058723449707031e+01
3.025188255310058594e+01
3.023346710205078125e+01
3.036623573303222656e+01
3.038691139221191406e+01
3.035701179504394531e+01
3.059873008728027344e+01
3.127897834777832031e+01
