3.184955978393554688e+01
3.207191467285156250e+01
3.214485549926757812e+01
3.148716163635253906e+01
3.032930755615234375e+01
3.067734146118164062e+01
3.117197799682617188e+01
3.183069229125976562e+01
3.211034774780273438e+01
3.191702651977539062e+01
3.166923141479492188e+01
3.170877265930175781e+01
3.227991485595703125e+01
3.273722839355468750e+01
3.250783157348632812e+01
3.271692657470703125e+01
3.282240295410156250e+01
3.302816009521484375e+01
3.336307525634765625e+01
3.360121917724609375e+01
3.331785583496093750e+01
3.305058288574218750e+01
3.286283493041992188e+01
3.273533630371093750e+01
3.293457412719726562e+01
3.318160629272460938e+01
3.349647140502929688e+01
3.371281814575195312e+01
3.390607833862304688e+01
3.392140960693359375e+01
3.385491180419921875e+01
3.369135665893554688e+01
3.364369201660156250e+01
3.371189117431640625e+01
3.389740371704101562e+01
3.412504577636718750e+01
3.416601562500000000e+01
3.413035583496093750e+01
3.400888442993164062e+01
3.366568374633789062e+01
3.361331176757812500e+01
3.369534683227539062e+01
3.371008300781250000e+01
3.381076049804687500e+01
3.400217819213867188e+01
3.424189758300781250e+01
3.459533691406250000e+01
3.460831069946289062e+01
3.412752532958984375e+01
3.348381042480468750e+01
3.319508361816406250e+01
3.322936630249023438e+01
3.326376724243164062e+01
3.318825149536132812e+01
3.280881881713867188e+01
3.280583190917968750e+01
3.291130828857421875e+01
3.316897964477539062e+01
3.356996154785156250e+01
3.368365859985351562e+01
3.346290588378906250e+01
3.311135482788085938e+01
3.285126876831054688e+01
3.287504959106445312e+01
3.304424667358398438e+01
3.314369201660156250e+01
3.323179244995117188e+01
3.311882400512695312e+01
3.301831054687500000e+01
3.326293182373046875e+01
3.340536880493164062e+01
3.326736068725585938e+01
3.315183258056640625e+01
3.312663269042968750e+01
3.316651153564453125e+01
3.309569931030273438e+01
3.320692825317382812e+01
3.325392532348632812e+01
3.303344726562500000e+01
3.288987350463867188e+01
3.313221359252929688e+01
3.343907546997070312e+01
3.357449340820312500e+01
3.341682434082031250e+01
3.307619857788085938e+01
3.303050231933593750e+01
3.293541717529296875e+01
3.270032882690429688e+01
3.281642913818359375e+01
3.297203063964843750e+01
3.310134124755859375e+01
3.321627807617187500e+01
3.333967971801757812e+01
3.326785659790039062e+01
3.309041595458984375e+01
3.303216171264648438e+01
3.276641464233398438e+01
3.315743255615234375e+01
3.307116317749023438e+01
3.329324722290039062e+01
3.395918655395507812e+01
3.421110153198242188e+01
