2.472033500671386719e+01
2.580800247192382812e+01
2.606784057617187500e+01
2.659251403808593750e+01
2.690822792053222656e+01
2.704633903503417969e+01
2.748634147644042969e+01
2.796300125122070312e+01
2.794184684753417969e+01
2.762736511230468750e+01
2.763911056518554688e+01
2.790694236755371094e+01
2.807429695129394531e+01
2.758231925964355469e+01
2.704382133483886719e+01
2.697006797790527344e+01
2.701163291931152344e+01
2.766746330261230469e+01
2.836356163024902344e+01
2.794628715515136719e+01
2.753000640869140625e+01
2.731755256652832031e+01
2.719657516479492188e+01
2.725445938110351562e+01
2.710918807983398438e+01
2.720016670227050781e+01
2.713434410095214844e+01
2.712273597717285156e+01
2.714460182189941406e+01
2.700953674316406250e+01
2.699206924438476562e+01
2.704822731018066406e+01
2.694896888732910156e+01
2.698447036743164062e+01
2.697398185729980469e+01
2.677685546875000000e+01
2.665146255493164062e+01
2.648587799072265625e+01
2.649259376525878906e+01
2.666705703735351562e+01
2.670152091979980469e+01
2.668961524963378906e+01
2.652463722229003906e+01
2.633867454528808594e+01
2.627854347229003906e+01
2.646189117431640625e+01
2.671342277526855469e+01
2.680762672424316406e+01
2.671484947204589844e+01
2.674817848205566406e+01
2.679469299316406250e+01
2.674436569213867188e+01
2.664810371398925781e+01
2.657809829711914062e+01
2.671177864074707031e+01
2.675255775451660156e+01
2.694225883483886719e+01
2.708081626892089844e+01
2.705091285705566406e+01
2.686525726318359375e+01
2.670922470092773438e+01
2.661785507202148438e+01
2.662116432189941406e+01
2.663084983825683594e+01
2.661010742187500000e+01
2.660098075866699219e+01
2.655589103698730469e+01
2.652787590026855469e+01
2.647628593444824219e+01
2.644700813293457031e+01
2.642442321777343750e+01
2.637508773803710938e+01
2.625782775878906250e+01
2.613067436218261719e+01
2.603912544250488281e+01
2.602667045593261719e+01
2.614832687377929688e+01
2.619766235351562500e+01
2.604884147644042969e+01
2.583535575866699219e+01
2.574727439880371094e+01
2.576295471191406250e+01
2.580361557006835938e+01
2.574906921386718750e+01
2.569687080383300781e+01
2.567739486694335938e+01
2.564761734008789062e+01
2.586926651000976562e+01
2.607547187805175781e+01
2.610565376281738281e+01
2.591809844970703125e+01
2.588023185729980469e+01
2.576662445068359375e+01
2.559168052673339844e+01
2.582957649230957031e+01
2.607291412353515625e+01
2.611286354064941406e+01
2.609249687194824219e+01
2.634436035156250000e+01
2.668366813659667969e+01
2.688038063049316406e+01
2.654180717468261719e+01
2.554848098754882812e+01
2.462187385559082031e+01
2.431412696838378906e+01
2.553332519531250000e+01
2.636295509338378906e+01
2.664021301269531250e+01
