2.034964752197265625e+01
2.008340644836425781e+01
2.005130386352539062e+01
2.008698463439941406e+01
2.011178398132324219e+01
2.003807258605957031e+01
2.004711151123046875e+01
2.011468505859375000e+01
2.026364517211914062e+01
2.026207923889160156e+01
2.033444786071777344e+01
2.056305885314941406e+01
2.104636001586914062e+01
2.102526473999023438e+01
2.114705276489257812e+01
2.090727615356445312e+01
2.100205612182617188e+01
2.110895156860351562e+01
2.121782684326171875e+01
2.119589996337890625e+01
2.115494537353515625e+01
2.110894203186035156e+01
2.130660629272460938e+01
2.153308296203613281e+01
2.137496566772460938e+01
2.131351470947265625e+01
2.152317428588867188e+01
2.174647521972656250e+01
2.189108848571777344e+01
2.199865341186523438e+01
2.205350112915039062e+01
2.218180084228515625e+01
2.230000114440917969e+01
2.249394416809082031e+01
2.265545654296875000e+01
2.277981567382812500e+01
2.285170173645019531e+01
2.301200866699218750e+01
2.301500320434570312e+01
2.306613731384277344e+01
2.309457778930664062e+01
2.306457328796386719e+01
2.298035430908203125e+01
2.284480285644531250e+01
2.270842170715332031e+01
2.258918190002441406e+01
2.246701431274414062e+01
2.235054588317871094e+01
2.217936325073242188e+01
2.220127105712890625e+01
2.215236473083496094e+01
2.197880935668945312e+01
2.182839775085449219e+01
2.162392807006835938e+01
2.151349067687988281e+01
2.152216339111328125e+01
2.168182945251464844e+01
2.181517791748046875e+01
2.193208312988281250e+01
2.204883956909179688e+01
2.216756248474121094e+01
2.222760009765625000e+01
2.226501846313476562e+01
2.222646331787109375e+01
2.216678428649902344e+01
2.215563201904296875e+01
2.210832977294921875e+01
2.207807922363281250e+01
2.203023910522460938e+01
2.195862388610839844e+01
2.185165786743164062e+01
2.180303764343261719e+01
2.174934196472167969e+01
2.177061462402343750e+01
2.170299911499023438e+01
2.165017318725585938e+01
2.149772262573242188e+01
2.132975006103515625e+01
2.122854042053222656e+01
2.121335601806640625e+01
2.111133766174316406e+01
2.097286224365234375e+01
2.074155426025390625e+01
2.090977096557617188e+01
2.120836830139160156e+01
2.127514076232910156e+01
2.098095512390136719e+01
2.096393775939941406e+01
2.079806900024414062e+01
2.085856628417968750e+01
2.134787559509277344e+01
2.164792823791503906e+01
