3.360014343261718750e+01
3.415813064575195312e+01
3.510655593872070312e+01
3.475081253051757812e+01
3.404768753051757812e+01
3.357953643798828125e+01
3.343498229980468750e+01
3.312187957763671875e+01
3.300817108154296875e+01
3.292747116088867188e+01
3.305355834960937500e+01
3.319527053833007812e+01
3.338591003417968750e+01
3.338806152343750000e+01
3.315751266479492188e+01
3.288679504394531250e+01
3.260147857666015625e+01
3.235542297363281250e+01
3.215811157226562500e+01
3.210942840576171875e+01
3.221512985229492188e+01
3.243047714233398438e+01
3.280140304565429688e+01
3.310308837890625000e+01
3.317015075683593750e+01
3.328094482421875000e+01
3.352058029174804688e+01
3.373699951171875000e+01
3.364953231811523438e+01
3.350819015502929688e+01
3.344159317016601562e+01
3.347391891479492188e+01
3.342603683471679688e+01
3.350320816040039062e+01
3.362997817993164062e+01
3.372307968139648438e+01
3.356314468383789062e+01
3.345640563964843750e+01
3.342743301391601562e+01
3.327285385131835938e+01
3.331739044189453125e+01
3.329468536376953125e+01
3.317960739135742188e+01
3.302844619750976562e+01
3.283103561401367188e+01
3.265653610229492188e+01
3.244200515747070312e+01
3.232360839843750000e+01
3.248725891113281250e+01
3.260612869262695312e+01
3.275341415405273438e+01
3.291789245605468750e+01
3.292287445068359375e+01
3.284803771972656250e+01
3.282912445068359375e+01
3.277800750732421875e+01
3.278966903686523438e+01
3.276486968994140625e+01
3.268883132934570312e+01
3.276486587524414062e+01
3.289328384399414062e+01
3.297418212890625000e+01
3.294866561889648438e+01
3.293238449096679688e+01
3.283877182006835938e+01
3.275326919555664062e+01
3.279150009155273438e+01
3.293175125122070312e+01
3.317825698852539062e+01
3.350444412231445312e+01
3.362561416625976562e+01
3.360037231445312500e+01
3.350567245483398438e+01
3.344533538818359375e+01
3.344890594482421875e+01
3.349339675903320312e+01
3.361821746826171875e+01
3.383845138549804688e+01
3.393066787719726562e+01
3.388087844848632812e+01
3.370391082763671875e+01
3.342440032958984375e+01
3.354498672485351562e+01
3.374844741821289062e+01
3.353025436401367188e+01
3.305628967285156250e+01
3.284268951416015625e+01
3.311449050903320312e+01
3.350711441040039062e+01
3.380018234252929688e+01
3.400918197631835938e+01
3.427666091918945312e+01
3.393117141723632812e+01
