3.444136810302734375e+01
3.573091506958007812e+01
3.611027908325195312e+01
3.572897338867187500e+01
3.549542999267578125e+01
3.561214065551757812e+01
3.581094741821289062e+01
3.622834396362304688e+01
3.594279098510742188e+01
3.561322402954101562e+01
3.560457992553710938e+01
3.608572769165039062e+01
3.624667739868164062e+01
3.550848007202148438e+01
3.494348526000976562e+01
3.520153045654296875e+01
3.578376770019531250e+01
3.598226928710937500e+01
3.609967041015625000e+01
3.610256958007812500e+01
3.598339462280273438e+01
3.587062454223632812e+01
3.587798309326171875e+01
3.574079895019531250e+01
3.612032699584960938e+01
3.644631195068359375e+01
3.632811355590820312e+01
3.637736129760742188e+01
3.604521942138671875e+01
3.588862228393554688e+01
3.601669311523437500e+01
3.616395187377929688e+01
3.621828460693359375e+01
3.627785873413085938e+01
3.634644699096679688e+01
3.609167480468750000e+01
3.594383621215820312e+01
3.618258285522460938e+01
3.642948150634765625e+01
3.689649581909179688e+01
3.700419235229492188e+01
3.688356399536132812e+01
3.678183364868164062e+01
3.673749542236328125e+01
3.665405654907226562e+01
3.657078170776367188e+01
3.621620941162109375e+01
3.604280090332031250e+01
3.619266510009765625e+01
3.667658615112304688e+01
3.677206420898437500e+01
3.669042587280273438e+01
3.672657012939453125e+01
3.650850677490234375e+01
3.643202590942382812e+01
3.604560470581054688e+01
3.534524917602539062e+01
3.628792572021484375e+01
3.694846725463867188e+01
3.723954010009765625e+01
3.733545684814453125e+01
3.731099319458007812e+01
3.719114303588867188e+01
3.698919677734375000e+01
3.693352890014648438e+01
3.708850860595703125e+01
3.727652359008789062e+01
3.711621475219726562e+01
3.690264892578125000e+01
3.703577041625976562e+01
3.710178375244140625e+01
3.717105102539062500e+01
3.702529144287109375e+01
3.688355255126953125e+01
3.681683731079101562e+01
3.638692474365234375e+01
3.580434036254882812e+01
3.603181457519531250e+01
3.640134811401367188e+01
3.676002502441406250e+01
3.691312789916992188e+01
3.671923828125000000e+01
3.639804458618164062e+01
3.644593811035156250e+01
3.677683639526367188e+01
3.725892639160156250e+01
3.745195770263671875e+01
3.760277175903320312e+01
3.729820632934570312e+01
3.724254226684570312e+01
3.718730926513671875e+01
3.669695663452148438e+01
3.596941757202148438e+01
3.552307128906250000e+01
3.601680374145507812e+01
3.638834762573242188e+01
3.655055999755859375e+01
3.666271209716796875e+01
3.647883224487304688e+01
3.626979064941406250e+01
3.561283493041992188e+01
3.517786026000976562e+01
3.390634536743164062e+01
3.382937240600585938e+01
3.407072830200195312e+01
3.378470230102539062e+01
