3.569028472900390625e+01
3.760158920288085938e+01
3.811249160766601562e+01
3.809436416625976562e+01
3.737022399902343750e+01
3.707584381103515625e+01
3.732904434204101562e+01
3.760047912597656250e+01
3.713962173461914062e+01
3.657139968872070312e+01
3.630211639404296875e+01
3.660281753540039062e+01
3.680509185791015625e+01
3.688226699829101562e+01
3.677360916137695312e+01
3.605912017822265625e+01
3.580229949951171875e+01
3.545722579956054688e+01
3.555867767333984375e+01
3.527851104736328125e+01
3.480149078369140625e+01
3.449313354492187500e+01
3.453034210205078125e+01
3.469856262207031250e+01
3.505472946166992188e+01
3.546669006347656250e+01
3.554764938354492188e+01
3.536184692382812500e+01
3.529006576538085938e+01
3.596865081787109375e+01
3.655355072021484375e+01
3.689955902099609375e+01
3.683271026611328125e+01
3.696512985229492188e+01
3.700815582275390625e+01
3.701324081420898438e+01
3.721870422363281250e+01
3.733915328979492188e+01
3.704243850708007812e+01
3.670803833007812500e+01
3.630725860595703125e+01
3.629578781127929688e+01
3.682612991333007812e+01
3.711782836914062500e+01
3.657801818847656250e+01
3.592302703857421875e+01
3.540311813354492188e+01
3.548197174072265625e+01
3.593791198730468750e+01
3.599625778198242188e+01
3.608088684082031250e+01
3.662715148925781250e+01
3.715002059936523438e+01
3.725106430053710938e+01
3.745705032348632812e+01
3.718764495849609375e+01
3.657999801635742188e+01
3.684278106689453125e+01
3.730630874633789062e+01
3.746096801757812500e+01
3.741409683227539062e+01
3.714360427856445312e+01
3.671343994140625000e+01
3.630524444580078125e+01
3.590838241577148438e+01
3.538057708740234375e+01
3.527441406250000000e+01
3.545037460327148438e+01
3.548250961303710938e+01
3.588004684448242188e+01
3.628640365600585938e+01
3.645293045043945312e+01
3.597465133666992188e+01
3.585294342041015625e+01
3.565437316894531250e+01
3.529510498046875000e+01
3.534201049804687500e+01
3.570158004760742188e+01
3.543394851684570312e+01
3.537826156616210938e+01
3.500154113769531250e+01
3.479248046875000000e+01
3.488946151733398438e+01
3.526155471801757812e+01
3.548172760009765625e+01
3.547660064697265625e+01
3.512579727172851562e+01
3.534826660156250000e+01
3.565017700195312500e+01
3.608795166015625000e+01
3.637033462524414062e+01
3.651627349853515625e+01
3.613098144531250000e+01
3.593244552612304688e+01
3.615149307250976562e+01
3.609925460815429688e+01
3.624578857421875000e+01
3.686467742919921875e+01
3.658374786376953125e+01
3.587522888183593750e+01
3.547461318969726562e+01
3.560210800170898438e+01
3.573371505737304688e+01
3.650888061523437500e+01
3.716205596923828125e+01
3.703786849975585938e+01
3.677426147460937500e+01
3.686993026733398438e+01
3.726530838012695312e+01
3.730852890014648438e+01
3.492422103881835938e+01
3.313619613647460938e+01
