3.588455963134765625e+01
3.536281204223632812e+01
3.573188018798828125e+01
3.692572784423828125e+01
3.701655197143554688e+01
3.679624557495117188e+01
3.604887390136718750e+01
3.510939788818359375e+01
3.454470062255859375e+01
3.454708480834960938e+01
3.448015213012695312e+01
3.448411560058593750e+01
3.468876647949218750e+01
3.519021224975585938e+01
3.544038772583007812e+01
3.604136657714843750e+01
3.658880615234375000e+01
3.687417984008789062e+01
3.685831069946289062e+01
3.659640121459960938e+01
3.625472640991210938e+01
3.584187316894531250e+01
3.602761459350585938e+01
3.589897918701171875e+01
3.553053665161132812e+01
3.506780624389648438e+01
3.485242462158203125e+01
3.491731643676757812e+01
3.500128555297851562e+01
3.505292510986328125e+01
3.518784332275390625e+01
3.531861114501953125e+01
3.540562438964843750e+01
3.537737274169921875e+01
3.545016860961914062e+01
3.561103439331054688e+01
3.594676971435546875e+01
3.609698867797851562e+01
3.572788238525390625e+01
3.522592163085937500e+01
3.485081863403320312e+01
3.445407485961914062e+01
3.429530715942382812e+01
3.429560470581054688e+01
3.436270141601562500e+01
3.460002517700195312e+01
3.491725540161132812e+01
3.498471450805664062e+01
3.503314590454101562e+01
3.510509872436523438e+01
3.520635604858398438e+01
3.513507843017578125e+01
3.533340454101562500e+01
3.536979675292968750e+01
3.520336151123046875e+01
3.491608810424804688e+01
3.477865600585937500e+01
3.464870452880859375e+01
3.456235504150390625e+01
3.452375030517578125e+01
3.445494842529296875e+01
3.446535491943359375e+01
3.470301437377929688e+01
3.506899642944335938e+01
3.526059341430664062e+01
3.540578842163085938e+01
3.566626358032226562e+01
3.612805557250976562e+01
3.679078674316406250e+01
3.737876510620117188e+01
3.750682830810546875e+01
3.760609817504882812e+01
3.761079406738281250e+01
3.771579742431640625e+01
3.788083267211914062e+01
3.809272766113281250e+01
3.793704605102539062e+01
3.750278854370117188e+01
3.701395797729492188e+01
3.679590225219726562e+01
3.726988983154296875e+01
3.798184585571289062e+01
3.817987823486328125e+01
3.798714828491210938e+01
3.771069717407226562e+01
3.734095764160156250e+01
3.707547378540039062e+01
3.669904708862304688e+01
3.683335876464843750e+01
