3.713864135742187500e+01
3.646971130371093750e+01
3.641459655761718750e+01
3.677851104736328125e+01
3.749802017211914062e+01
3.762503433227539062e+01
3.661830902099609375e+01
3.713297271728515625e+01
3.737922668457031250e+01
3.696567535400390625e+01
3.638567733764648438e+01
3.725910186767578125e+01
3.755704879760742188e+01
3.735964202880859375e+01
3.684840393066406250e+01
3.674721908569335938e+01
3.713505935668945312e+01
3.711122512817382812e+01
3.729122543334960938e+01
3.756039428710937500e+01
3.759812927246093750e+01
3.780910110473632812e+01
3.804542541503906250e+01
3.829902648925781250e+01
3.820245742797851562e+01
3.825941085815429688e+01
3.836352157592773438e+01
3.849201202392578125e+01
3.851905822753906250e+01
3.810397720336914062e+01
3.727297973632812500e+01
3.703096389770507812e+01
3.676489257812500000e+01
3.650024795532226562e+01
3.592026901245117188e+01
3.604162216186523438e+01
3.621674346923828125e+01
3.697050094604492188e+01
3.730278778076171875e+01
3.750696182250976562e+01
3.758519744873046875e+01
3.749303436279296875e+01
3.761855697631835938e+01
3.776200103759765625e+01
3.760870361328125000e+01
3.746094894409179688e+01
3.752596282958984375e+01
3.762866592407226562e+01
3.745881652832031250e+01
3.733659744262695312e+01
3.731822967529296875e+01
3.729894256591796875e+01
3.701695251464843750e+01
3.692279052734375000e+01
3.719098663330078125e+01
3.735457992553710938e+01
3.734379196166992188e+01
3.711420059204101562e+01
3.682684326171875000e+01
3.676997756958007812e+01
3.713433837890625000e+01
3.755048370361328125e+01
3.767746734619140625e+01
3.773708724975585938e+01
3.776959228515625000e+01
3.779499053955078125e+01
3.775852203369140625e+01
3.795740127563476562e+01
3.819734954833984375e+01
3.835759735107421875e+01
3.829684066772460938e+01
3.815945434570312500e+01
3.804331207275390625e+01
3.804697418212890625e+01
3.816136550903320312e+01
3.820224380493164062e+01
3.816674041748046875e+01
3.796457672119140625e+01
3.751342773437500000e+01
3.730876922607421875e+01
3.745813751220703125e+01
3.757006835937500000e+01
3.773374176025390625e+01
3.800634002685546875e+01
3.810230255126953125e+01
3.812537384033203125e+01
3.773321914672851562e+01
3.720052719116210938e+01
3.680384445190429688e+01
3.672460174560546875e+01
3.701512145996093750e+01
3.706847763061523438e+01
3.712025833129882812e+01
3.755264282226562500e+01
3.758583068847656250e+01
3.744374847412109375e+01
