3.709623718261718750e+01
3.706726837158203125e+01
3.709322738647460938e+01
3.715927886962890625e+01
3.709821319580078125e+01
3.713745880126953125e+01
3.710628128051757812e+01
3.709388351440429688e+01
3.687359619140625000e+01
3.690466690063476562e+01
3.665394973754882812e+01
3.712759780883789062e+01
3.730619430541992188e+01
3.727175903320312500e+01
3.681509399414062500e+01
3.688658905029296875e+01
3.727457427978515625e+01
3.728879547119140625e+01
3.732111358642578125e+01
3.742769622802734375e+01
3.777890396118164062e+01
3.800177001953125000e+01
3.775386428833007812e+01
3.705242538452148438e+01
3.659017562866210938e+01
3.625379180908203125e+01
3.641146850585937500e+01
3.644460296630859375e+01
3.643550872802734375e+01
3.659498214721679688e+01
3.668529891967773438e+01
3.625805282592773438e+01
3.559939193725585938e+01
3.602621078491210938e+01
3.663993453979492188e+01
3.712649917602539062e+01
3.726062393188476562e+01
3.731029510498046875e+01
3.723746871948242188e+01
3.700279235839843750e+01
3.669869232177734375e+01
3.668457794189453125e+01
3.655049896240234375e+01
3.664812850952148438e+01
3.691696548461914062e+01
3.721504592895507812e+01
3.756936645507812500e+01
3.762616348266601562e+01
3.748791122436523438e+01
3.727134323120117188e+01
3.707817459106445312e+01
3.656978225708007812e+01
3.644514465332031250e+01
3.646499252319335938e+01
3.626633071899414062e+01
3.521606826782226562e+01
3.476461029052734375e+01
3.485789871215820312e+01
3.509336090087890625e+01
3.491611862182617188e+01
3.495768356323242188e+01
3.488845062255859375e+01
3.459629440307617188e+01
3.455289840698242188e+01
3.468435287475585938e+01
3.487483596801757812e+01
3.497978210449218750e+01
3.511834335327148438e+01
3.510628128051757812e+01
3.508247375488281250e+01
3.507352828979492188e+01
3.508770370483398438e+01
3.549176025390625000e+01
3.620410156250000000e+01
3.648922348022460938e+01
3.652363586425781250e+01
3.651778793334960938e+01
3.667385482788085938e+01
3.733126068115234375e+01
3.690071487426757812e+01
3.604936599731445312e+01
3.556027984619140625e+01
3.554898834228515625e+01
3.515194320678710938e+01
3.450503540039062500e+01
3.414637756347656250e+01
3.439722442626953125e+01
3.494497299194335938e+01
3.490926361083984375e+01
3.499231338500976562e+01
3.538599014282226562e+01
3.605261993408203125e+01
