3.669393539428710938e+01
3.670541000366210938e+01
3.669613265991210938e+01
3.684132766723632812e+01
3.651884841918945312e+01
3.629854583740234375e+01
3.628581237792968750e+01
3.621578979492187500e+01
3.645331192016601562e+01
3.668989181518554688e+01
3.679838943481445312e+01
3.674772644042968750e+01
3.633728408813476562e+01
3.604009246826171875e+01
3.622563934326171875e+01
3.682611083984375000e+01
3.716859817504882812e+01
3.729565048217773438e+01
3.740037536621093750e+01
3.754763031005859375e+01
3.743842697143554688e+01
3.787245559692382812e+01
3.778157806396484375e+01
3.749133682250976562e+01
3.759768295288085938e+01
3.764392852783203125e+01
3.782575225830078125e+01
3.800839614868164062e+01
3.811359405517578125e+01
3.810561752319335938e+01
3.791239929199218750e+01
3.768457794189453125e+01
3.765105438232421875e+01
3.767826080322265625e+01
3.757195663452148438e+01
3.755432128906250000e+01
3.761334991455078125e+01
3.752152633666992188e+01
3.726963043212890625e+01
3.727610397338867188e+01
3.734034347534179688e+01
3.705697631835937500e+01
3.698867416381835938e+01
3.718571472167968750e+01
3.715177154541015625e+01
3.692882537841796875e+01
3.673165512084960938e+01
3.655846023559570312e+01
3.634958648681640625e+01
3.632470321655273438e+01
3.634963226318359375e+01
3.636853027343750000e+01
3.640805816650390625e+01
3.596557235717773438e+01
3.573015975952148438e+01
3.590976333618164062e+01
3.602019500732421875e+01
3.589125061035156250e+01
3.570018005371093750e+01
3.552936553955078125e+01
3.552946853637695312e+01
3.602424240112304688e+01
3.640991592407226562e+01
3.685175323486328125e+01
3.708753585815429688e+01
3.702504730224609375e+01
3.668505859375000000e+01
3.658484268188476562e+01
3.657248306274414062e+01
3.645659255981445312e+01
3.622837829589843750e+01
3.628219223022460938e+01
3.632982635498046875e+01
3.606324005126953125e+01
3.564090347290039062e+01
3.571645355224609375e+01
3.582052230834960938e+01
3.591242599487304688e+01
3.632069396972656250e+01
3.647739791870117188e+01
3.653538894653320312e+01
3.657307052612304688e+01
3.679719161987304688e+01
3.695086669921875000e+01
3.695711135864257812e+01
3.696751022338867188e+01
3.715080261230468750e+01
3.681716156005859375e+01
3.657609939575195312e+01
3.621054840087890625e+01
3.595126724243164062e+01
3.590272140502929688e+01
3.592033004760742188e+01
3.583245849609375000e+01
3.582917404174804688e+01
3.596073913574218750e+01
3.596741867065429688e+01
3.580282211303710938e+01
3.573180770874023438e+01
3.597940826416015625e+01
3.612100982666015625e+01
3.604524612426757812e+01
3.614719390869140625e+01
3.608852005004882812e+01
