2.430199623107910156e+01
2.443783187866210938e+01
2.453167724609375000e+01
2.430728912353515625e+01
2.414083480834960938e+01
2.384095764160156250e+01
2.371076965332031250e+01
2.357218933105468750e+01
2.341325569152832031e+01
2.335235595703125000e+01
2.332195663452148438e+01
2.347301101684570312e+01
2.369442176818847656e+01
2.389134979248046875e+01
2.393673896789550781e+01
2.412036705017089844e+01
2.427966880798339844e+01
2.443716621398925781e+01
2.443722724914550781e+01
2.439051628112792969e+01
2.432182121276855469e+01
2.429666519165039062e+01
2.435291290283203125e+01
2.442544174194335938e+01
2.471420288085937500e+01
2.489251327514648438e+01
2.501952743530273438e+01
2.506892013549804688e+01
2.508284950256347656e+01
2.504844665527343750e+01
2.507741928100585938e+01
2.515783882141113281e+01
2.523685836791992188e+01
2.522140121459960938e+01
2.518498039245605469e+01
2.505152702331542969e+01
2.500784111022949219e+01
2.506747245788574219e+01
2.504785346984863281e+01
2.500206756591796875e+01
2.490202140808105469e+01
2.475108718872070312e+01
2.458059501647949219e+01
2.437334632873535156e+01
2.424682426452636719e+01
2.404719161987304688e+01
2.405704498291015625e+01
2.420756530761718750e+01
2.447972679138183594e+01
2.471098709106445312e+01
2.496773910522460938e+01
2.511871147155761719e+01
2.515911483764648438e+01
2.509666442871093750e+01
2.510739517211914062e+01
2.510499382019042969e+01
2.515956878662109375e+01
2.520029830932617188e+01
2.527304077148437500e+01
2.529235649108886719e+01
2.531930541992187500e+01
2.537007713317871094e+01
2.540878677368164062e+01
2.537549781799316406e+01
2.528321456909179688e+01
2.514146423339843750e+01
2.494237899780273438e+01
2.487536239624023438e+01
2.480922698974609375e+01
2.492342758178710938e+01
2.473035812377929688e+01
2.461688613891601562e+01
2.449896812438964844e+01
2.458634948730468750e+01
2.481305885314941406e+01
2.498288154602050781e+01
2.509741210937500000e+01
2.503916168212890625e+01
2.500206375122070312e+01
2.477007293701171875e+01
2.453416633605957031e+01
2.433123588562011719e+01
2.429763412475585938e+01
2.415813827514648438e+01
2.397766113281250000e+01
2.380868148803710938e+01
2.385771560668945312e+01
2.418936157226562500e+01
2.475056266784667969e+01
2.528374290466308594e+01
2.551201248168945312e+01
2.581557846069335938e+01
2.582586288452148438e+01
2.563761329650878906e+01
2.541341400146484375e+01
2.532970237731933594e+01
