3.602648162841796875e+01
3.608518218994140625e+01
3.588442611694335938e+01
3.589258575439453125e+01
3.606188964843750000e+01
3.571807479858398438e+01
3.525886917114257812e+01
3.550696563720703125e+01
3.547883224487304688e+01
3.524579238891601562e+01
3.468509292602539062e+01
3.484001922607421875e+01
3.554778289794921875e+01
3.564075851440429688e+01
3.552983474731445312e+01
3.539786529541015625e+01
3.587406158447265625e+01
3.616005325317382812e+01
3.621503067016601562e+01
3.602793121337890625e+01
3.571065139770507812e+01
3.566635894775390625e+01
3.644662857055664062e+01
3.635171890258789062e+01
3.621400833129882812e+01
3.578859710693359375e+01
3.588774490356445312e+01
3.566308212280273438e+01
3.558490371704101562e+01
3.435349655151367188e+01
3.377325820922851562e+01
3.421719741821289062e+01
3.530149078369140625e+01
3.547961425781250000e+01
3.603889465332031250e+01
3.612695312500000000e+01
3.550885391235351562e+01
3.363978195190429688e+01
3.331668090820312500e+01
3.338797378540039062e+01
3.439595794677734375e+01
3.526131057739257812e+01
3.485399627685546875e+01
3.396259307861328125e+01
3.336946487426757812e+01
3.335417175292968750e+01
3.369594192504882812e+01
3.398810958862304688e+01
3.459322738647460938e+01
3.462694168090820312e+01
3.569577026367187500e+01
3.551551818847656250e+01
3.507912826538085938e+01
3.541635131835937500e+01
3.561217880249023438e+01
3.438993072509765625e+01
3.417034149169921875e+01
3.392364883422851562e+01
3.413360214233398438e+01
3.408116912841796875e+01
3.372528839111328125e+01
3.355185317993164062e+01
3.381027984619140625e+01
3.456538391113281250e+01
3.500149154663085938e+01
3.483652114868164062e+01
3.440839004516601562e+01
3.372227478027343750e+01
3.333102416992187500e+01
3.295293045043945312e+01
3.256665420532226562e+01
3.249123764038085938e+01
3.293123245239257812e+01
3.354037857055664062e+01
3.368193435668945312e+01
3.469284820556640625e+01
3.579110336303710938e+01
3.613963699340820312e+01
3.627849197387695312e+01
3.605868530273437500e+01
3.601002502441406250e+01
3.562755966186523438e+01
3.630289459228515625e+01
3.600399017333984375e+01
3.626198196411132812e+01
3.686346817016601562e+01
3.695225524902343750e+01
3.703150939941406250e+01
3.713781738281250000e+01
3.728349304199218750e+01
3.721983718872070312e+01
3.700602340698242188e+01
3.675659179687500000e+01
3.671456527709960938e+01
3.667573165893554688e+01
3.672607040405273438e+01
3.686004638671875000e+01
3.692372894287109375e+01
3.688444137573242188e+01
3.670506286621093750e+01
3.636265563964843750e+01
3.585121536254882812e+01
3.532394027709960938e+01
3.518694686889648438e+01
3.532340240478515625e+01
3.501572418212890625e+01
3.517099380493164062e+01
3.534157562255859375e+01
3.525513839721679688e+01
3.535287475585937500e+01
