2.697928619384765625e+01
2.731841850280761719e+01
2.782001113891601562e+01
2.829772949218750000e+01
2.853971290588378906e+01
2.809088516235351562e+01
2.725968933105468750e+01
2.696677398681640625e+01
2.723705863952636719e+01
2.795395278930664062e+01
2.845054435729980469e+01
2.826860809326171875e+01
2.798930168151855469e+01
2.775455856323242188e+01
2.760053634643554688e+01
2.747277069091796875e+01
2.735945320129394531e+01
2.750971984863281250e+01
2.756751251220703125e+01
2.751427650451660156e+01
2.756195449829101562e+01
2.762842369079589844e+01
2.775405693054199219e+01
2.796088218688964844e+01
2.813418388366699219e+01
2.819266700744628906e+01
2.814208984375000000e+01
2.781779289245605469e+01
2.753820228576660156e+01
2.713485145568847656e+01
2.685545349121093750e+01
2.700639724731445312e+01
2.737270164489746094e+01
2.724527931213378906e+01
2.728719520568847656e+01
2.733341979980468750e+01
2.721834945678710938e+01
2.713943672180175781e+01
2.709055519104003906e+01
2.715372467041015625e+01
2.725310897827148438e+01
2.739108276367187500e+01
2.762212562561035156e+01
2.749960327148437500e+01
2.733805274963378906e+01
2.706257820129394531e+01
2.676052284240722656e+01
2.656077575683593750e+01
2.633930587768554688e+01
2.655545234680175781e+01
2.652190208435058594e+01
2.637807083129882812e+01
2.630351638793945312e+01
2.635117340087890625e+01
2.655852127075195312e+01
2.689402961730957031e+01
2.699621582031250000e+01
2.691683769226074219e+01
2.694452857971191406e+01
2.701780509948730469e+01
2.702158164978027344e+01
2.706288337707519531e+01
2.673281669616699219e+01
2.661439132690429688e+01
2.681426429748535156e+01
2.674638557434082031e+01
2.661337089538574219e+01
2.663302040100097656e+01
2.668286132812500000e+01
2.686078834533691406e+01
2.698945617675781250e+01
2.698066711425781250e+01
2.696348762512207031e+01
2.693517494201660156e+01
2.697516250610351562e+01
2.716039466857910156e+01
2.684426689147949219e+01
2.657926177978515625e+01
2.656720924377441406e+01
2.603425598144531250e+01
2.574370384216308594e+01
2.586537361145019531e+01
2.575444221496582031e+01
2.586345863342285156e+01
2.627113914489746094e+01
2.646706008911132812e+01
2.667357444763183594e+01
2.686134529113769531e+01
2.694064712524414062e+01
2.686017227172851562e+01
2.670901870727539062e+01
2.667040634155273438e+01
2.672059440612792969e+01
2.679407691955566406e+01
2.679492187500000000e+01
2.672681808471679688e+01
2.644279289245605469e+01
2.627581405639648438e+01
2.649399185180664062e+01
2.669458198547363281e+01
2.666748428344726562e+01
2.661408424377441406e+01
2.662788581848144531e+01
2.655253219604492188e+01
2.657404518127441406e+01
2.648383903503417969e+01
2.698564338684082031e+01
2.714462852478027344e+01
2.683265686035156250e+01
2.666742515563964844e+01
