2.472519493103027344e+01
2.463526725769042969e+01
2.459860801696777344e+01
2.439209175109863281e+01
2.405430030822753906e+01
2.402245903015136719e+01
2.406754493713378906e+01
2.411281013488769531e+01
2.417992973327636719e+01
2.422502136230468750e+01
2.419227409362792969e+01
2.424702835083007812e+01
2.428725814819335938e+01
2.390480041503906250e+01
2.379871368408203125e+01
2.381766319274902344e+01
2.375796318054199219e+01
2.375073623657226562e+01
2.389504051208496094e+01
2.403466033935546875e+01
2.400523567199707031e+01
2.382821846008300781e+01
2.361491394042968750e+01
2.351939201354980469e+01
2.341085624694824219e+01
2.313916015625000000e+01
2.294809341430664062e+01
2.283076477050781250e+01
2.276147270202636719e+01
2.273923683166503906e+01
2.270969963073730469e+01
2.272318840026855469e+01
2.268368339538574219e+01
2.248261642456054688e+01
2.229664611816406250e+01
2.221571922302246094e+01
2.222454833984375000e+01
2.229557228088378906e+01
2.243367195129394531e+01
2.258977127075195312e+01
2.261528015136718750e+01
2.220359802246093750e+01
2.198725318908691406e+01
2.191586875915527344e+01
2.209243011474609375e+01
2.229242134094238281e+01
2.252228546142578125e+01
2.262011718750000000e+01
2.276658821105957031e+01
2.286621665954589844e+01
2.267414474487304688e+01
2.252800559997558594e+01
2.230528068542480469e+01
2.214922714233398438e+01
2.213883972167968750e+01
2.230937767028808594e+01
2.236893653869628906e+01
2.250915336608886719e+01
2.260410881042480469e+01
2.259216690063476562e+01
2.257255744934082031e+01
2.259574699401855469e+01
2.268227195739746094e+01
2.281524276733398438e+01
2.289365768432617188e+01
2.293336868286132812e+01
2.289801979064941406e+01
2.272824668884277344e+01
2.274777793884277344e+01
2.292698478698730469e+01
2.303566169738769531e+01
2.311411666870117188e+01
2.322949790954589844e+01
2.331522941589355469e+01
2.318990707397460938e+01
2.305901908874511719e+01
2.300626754760742188e+01
2.309997367858886719e+01
2.332036018371582031e+01
2.313804435729980469e+01
2.304131507873535156e+01
2.314138793945312500e+01
2.296600341796875000e+01
2.295737266540527344e+01
2.300716018676757812e+01
2.296280479431152344e+01
2.311173629760742188e+01
2.321092796325683594e+01
2.302012634277343750e+01
2.295579528808593750e+01
2.308774185180664062e+01
2.328789329528808594e+01
2.330763053894042969e+01
2.333036613464355469e+01
2.333558464050292969e+01
2.360072708129882812e+01
2.373765754699707031e+01
2.369187736511230469e+01
2.356939315795898438e+01
2.326197814941406250e+01
2.292164421081542969e+01
2.278445434570312500e+01
2.267066764831542969e+01
2.261681938171386719e+01
2.261379051208496094e+01
2.275020217895507812e+01
2.211354064941406250e+01
