2.815813064575195312e+01
2.801804542541503906e+01
2.863337898254394531e+01
2.902790641784667969e+01
2.906091880798339844e+01
2.940733909606933594e+01
2.900550079345703125e+01
2.891579055786132812e+01
2.862192726135253906e+01
2.821501731872558594e+01
2.823049926757812500e+01
2.802438545227050781e+01
2.788853263854980469e+01
2.801987457275390625e+01
2.783684158325195312e+01
2.794790267944335938e+01
2.851962852478027344e+01
2.838694381713867188e+01
2.841469573974609375e+01
2.816435813903808594e+01
2.826525497436523438e+01
2.891823577880859375e+01
2.885386466979980469e+01
2.850888824462890625e+01
2.811336898803710938e+01
2.759148025512695312e+01
2.779995155334472656e+01
2.762594795227050781e+01
2.792408561706542969e+01
2.890630912780761719e+01
2.854849433898925781e+01
2.834440040588378906e+01
2.860875320434570312e+01
2.859543418884277344e+01
2.861177825927734375e+01
2.876870346069335938e+01
2.900649070739746094e+01
2.922438621520996094e+01
2.877154731750488281e+01
2.871625518798828125e+01
2.894915580749511719e+01
2.868540382385253906e+01
2.833933448791503906e+01
2.796191596984863281e+01
2.821225357055664062e+01
2.838522338867187500e+01
2.802171134948730469e+01
2.798214912414550781e+01
2.789987754821777344e+01
2.748559188842773438e+01
2.765222740173339844e+01
2.760837554931640625e+01
2.774092864990234375e+01
2.839034271240234375e+01
2.837757301330566406e+01
2.852861976623535156e+01
2.837364578247070312e+01
2.812447929382324219e+01
2.811906814575195312e+01
2.783487129211425781e+01
2.789546394348144531e+01
2.809864425659179688e+01
2.828738784790039062e+01
2.886283683776855469e+01
2.919952392578125000e+01
2.897270011901855469e+01
2.898068618774414062e+01
2.886756324768066406e+01
2.898345756530761719e+01
2.910304832458496094e+01
2.888765525817871094e+01
2.906951332092285156e+01
2.907541847229003906e+01
2.878626441955566406e+01
2.902467918395996094e+01
2.887213516235351562e+01
2.838937568664550781e+01
2.811528015136718750e+01
2.764385223388671875e+01
2.796524620056152344e+01
2.831975364685058594e+01
2.776316642761230469e+01
2.754837799072265625e+01
2.757942962646484375e+01
2.828537368774414062e+01
2.940085601806640625e+01
2.838038635253906250e+01
2.805510520935058594e+01
2.817973899841308594e+01
2.826470565795898438e+01
2.834119987487792969e+01
2.805970573425292969e+01
2.829356193542480469e+01
2.862562751770019531e+01
2.858892059326171875e+01
2.891117286682128906e+01
2.891108131408691406e+01
2.846076774597167969e+01
2.846383857727050781e+01
2.835773277282714844e+01
2.834706687927246094e+01
2.851750755310058594e+01
2.804296302795410156e+01
2.797631645202636719e+01
2.810774421691894531e+01
2.744718551635742188e+01
2.703116035461425781e+01
