3.394929122924804688e+01
3.367435073852539062e+01
3.355897521972656250e+01
3.338153076171875000e+01
3.276473236083984375e+01
3.229490280151367188e+01
3.223066711425781250e+01
3.230445861816406250e+01
3.243040084838867188e+01
3.241604614257812500e+01
3.218972778320312500e+01
3.205389785766601562e+01
3.221340942382812500e+01
3.209836578369140625e+01
3.177528762817382812e+01
3.186749458312988281e+01
3.213398742675781250e+01
3.221947479248046875e+01
3.224880218505859375e+01
3.231252288818359375e+01
3.228545761108398438e+01
3.197262954711914062e+01
3.122582435607910156e+01
3.108464241027832031e+01
3.153284072875976562e+01
3.177837944030761719e+01
3.219911575317382812e+01
3.256290435791015625e+01
3.279705810546875000e+01
3.306974411010742188e+01
3.317250823974609375e+01
3.309644699096679688e+01
3.291170883178710938e+01
3.267284393310546875e+01
3.262043380737304688e+01
3.272951126098632812e+01
3.265422821044921875e+01
3.264548492431640625e+01
3.271126937866210938e+01
3.276360321044921875e+01
3.277359008789062500e+01
3.273134231567382812e+01
3.290448760986328125e+01
3.318035125732421875e+01
3.317836380004882812e+01
3.323290252685546875e+01
3.329131317138671875e+01
3.340258407592773438e+01
3.358334732055664062e+01
3.363992309570312500e+01
3.369399642944335938e+01
3.365842056274414062e+01
3.356497192382812500e+01
3.346519088745117188e+01
3.328048324584960938e+01
3.325110626220703125e+01
3.222668457031250000e+01
3.094495773315429688e+01
3.146328163146972656e+01
3.260589981079101562e+01
3.331943893432617188e+01
3.357248687744140625e+01
3.347133636474609375e+01
3.350555801391601562e+01
3.356159591674804688e+01
3.334187698364257812e+01
3.315959167480468750e+01
3.299237060546875000e+01
3.277982330322265625e+01
3.275355148315429688e+01
3.294024658203125000e+01
3.299736022949218750e+01
3.281346893310546875e+01
3.269120025634765625e+01
3.261315536499023438e+01
3.253849792480468750e+01
3.252555084228515625e+01
3.247628784179687500e+01
3.242197799682617188e+01
3.234923934936523438e+01
3.230021667480468750e+01
3.241883850097656250e+01
3.271199798583984375e+01
3.311670684814453125e+01
3.356122970581054688e+01
3.388475036621093750e+01
3.373669815063476562e+01
3.341217803955078125e+01
3.318170928955078125e+01
3.277025985717773438e+01
3.286112976074218750e+01
3.326696014404296875e+01
3.359704971313476562e+01
3.354935073852539062e+01
3.336164093017578125e+01
3.312990951538085938e+01
3.281404876708984375e+01
3.277892303466796875e+01
3.322885513305664062e+01
3.358227157592773438e+01
3.411243438720703125e+01
3.445911407470703125e+01
3.430093765258789062e+01
3.411569595336914062e+01
3.407881546020507812e+01
