3.712425613403320312e+01
3.721850585937500000e+01
3.698345947265625000e+01
3.673707580566406250e+01
3.667057037353515625e+01
3.648440170288085938e+01
3.568308258056640625e+01
3.534216690063476562e+01
3.555653762817382812e+01
3.587512969970703125e+01
3.584196853637695312e+01
3.581464767456054688e+01
3.574740219116210938e+01
3.580776214599609375e+01
3.583703613281250000e+01
3.621867752075195312e+01
3.632962799072265625e+01
3.580110549926757812e+01
3.537583160400390625e+01
3.553657531738281250e+01
3.580219650268554688e+01
3.615625762939453125e+01
3.649631500244140625e+01
3.667670822143554688e+01
3.686569595336914062e+01
3.667459487915039062e+01
3.633718109130859375e+01
3.595239257812500000e+01
3.557415771484375000e+01
3.588068771362304688e+01
3.616336822509765625e+01
3.603564834594726562e+01
3.528748703002929688e+01
3.532753753662109375e+01
3.523946762084960938e+01
3.493140792846679688e+01
3.466621780395507812e+01
3.456248092651367188e+01
3.452339553833007812e+01
3.420660400390625000e+01
3.449816513061523438e+01
3.509580993652343750e+01
3.498731994628906250e+01
3.480915451049804688e+01
3.472546005249023438e+01
3.491142654418945312e+01
3.538960266113281250e+01
3.619030380249023438e+01
3.730131912231445312e+01
3.751826858520507812e+01
3.746075439453125000e+01
3.642750167846679688e+01
3.600795745849609375e+01
3.690427398681640625e+01
3.730662536621093750e+01
3.743944168090820312e+01
3.711297225952148438e+01
3.663780212402343750e+01
3.562718963623046875e+01
3.508347702026367188e+01
3.471842575073242188e+01
3.442719650268554688e+01
3.441454696655273438e+01
3.469499588012695312e+01
3.495086288452148438e+01
3.505464172363281250e+01
3.515860366821289062e+01
3.505997848510742188e+01
3.522255325317382812e+01
3.523980331420898438e+01
3.538098907470703125e+01
3.556848526000976562e+01
3.602835464477539062e+01
3.671529006958007812e+01
3.672874832153320312e+01
3.649077224731445312e+01
3.635693740844726562e+01
3.659933853149414062e+01
3.678153228759765625e+01
3.680033493041992188e+01
3.699792098999023438e+01
3.730806350708007812e+01
3.720212936401367188e+01
3.701147460937500000e+01
3.669071578979492188e+01
3.597100830078125000e+01
3.563648605346679688e+01
3.551617431640625000e+01
3.608986282348632812e+01
3.652256393432617188e+01
3.680441665649414062e+01
3.672429275512695312e+01
3.616712188720703125e+01
3.603171920776367188e+01
3.664552307128906250e+01
3.740114593505859375e+01
3.721068954467773438e+01
3.701355361938476562e+01
3.704909133911132812e+01
3.712770462036132812e+01
3.722370529174804688e+01
3.702596282958984375e+01
3.674163055419921875e+01
3.675379562377929688e+01
