3.012623405456542969e+01
3.016354179382324219e+01
3.007525062561035156e+01
3.030899429321289062e+01
3.075828552246093750e+01
3.119376945495605469e+01
3.154043006896972656e+01
3.154320716857910156e+01
3.130480194091796875e+01
3.080975341796875000e+01
3.074620056152343750e+01
3.068201446533203125e+01
3.062141609191894531e+01
3.078306007385253906e+01
3.091828155517578125e+01
3.116149520874023438e+01
3.120221900939941406e+01
3.084338760375976562e+01
3.036226654052734375e+01
3.006816482543945312e+01
2.992922973632812500e+01
2.990786552429199219e+01
2.993713951110839844e+01
3.011913490295410156e+01
3.037081527709960938e+01
3.046891021728515625e+01
3.047713470458984375e+01
3.064714050292968750e+01
3.068805503845214844e+01
3.068742752075195312e+01
3.067985916137695312e+01
3.070512962341308594e+01
3.075473594665527344e+01
3.081897926330566406e+01
3.096267127990722656e+01
3.109118843078613281e+01
3.103354835510253906e+01
3.089456176757812500e+01
3.077014732360839844e+01
3.073282051086425781e+01
3.057380867004394531e+01
3.042426490783691406e+01
3.053958702087402344e+01
3.060746002197265625e+01
3.063467216491699219e+01
3.086558151245117188e+01
3.094885444641113281e+01
3.088173484802246094e+01
3.061288833618164062e+01
3.036359024047851562e+01
3.041817855834960938e+01
3.042204284667968750e+01
3.038418960571289062e+01
3.044987106323242188e+01
3.063898849487304688e+01
3.059998512268066406e+01
3.047635269165039062e+01
3.044648170471191406e+01
3.046748161315917969e+01
3.055484199523925781e+01
3.057390213012695312e+01
3.045769309997558594e+01
3.053607940673828125e+01
3.088369178771972656e+01
3.118570518493652344e+01
3.138404273986816406e+01
3.086017799377441406e+01
3.075608253479003906e+01
3.054155921936035156e+01
3.047842216491699219e+01
3.050500297546386719e+01
3.064561843872070312e+01
3.079212951660156250e+01
3.083256530761718750e+01
3.096600532531738281e+01
3.098739624023437500e+01
3.082979583740234375e+01
3.074186134338378906e+01
3.061894798278808594e+01
3.037811279296875000e+01
3.022329330444335938e+01
3.001065444946289062e+01
2.988248443603515625e+01
3.003515815734863281e+01
3.030777931213378906e+01
3.037105369567871094e+01
3.062157440185546875e+01
3.090477180480957031e+01
3.107561683654785156e+01
3.114444160461425781e+01
3.133170890808105469e+01
3.160576057434082031e+01
3.155331611633300781e+01
3.104963874816894531e+01
3.074811363220214844e+01
3.047827529907226562e+01
3.048125267028808594e+01
3.084544754028320312e+01
3.107009506225585938e+01
3.103010559082031250e+01
3.045773124694824219e+01
2.982051467895507812e+01
2.937776184082031250e+01
2.938982200622558594e+01
2.957242202758789062e+01
2.978786087036132812e+01
