2.685694503784179688e+01
2.722457885742187500e+01
2.747756004333496094e+01
2.767658233642578125e+01
2.778089714050292969e+01
2.811715888977050781e+01
2.845361137390136719e+01
2.788297271728515625e+01
2.701919937133789062e+01
2.678622436523437500e+01
2.708623695373535156e+01
2.706064987182617188e+01
2.703247070312500000e+01
2.671792030334472656e+01
2.659590148925781250e+01
2.631202316284179688e+01
2.600480461120605469e+01
2.585700798034667969e+01
2.600633621215820312e+01
2.620033645629882812e+01
2.621404647827148438e+01
2.641113853454589844e+01
2.666862297058105469e+01
2.665884780883789062e+01
2.655936622619628906e+01
2.657198333740234375e+01
2.660165977478027344e+01
2.664089965820312500e+01
2.669868469238281250e+01
2.671448326110839844e+01
2.672227096557617188e+01
2.681384277343750000e+01
2.690397262573242188e+01
2.699344635009765625e+01
2.708080482482910156e+01
2.709450531005859375e+01
2.700763320922851562e+01
2.691528320312500000e+01
2.686108779907226562e+01
2.669038963317871094e+01
2.650287246704101562e+01
2.642563629150390625e+01
2.631903457641601562e+01
2.637560653686523438e+01
2.656257438659667969e+01
2.665323638916015625e+01
2.675862121582031250e+01
2.689771270751953125e+01
2.694128799438476562e+01
2.702584457397460938e+01
2.711242485046386719e+01
2.698413848876953125e+01
2.693959617614746094e+01
2.696623611450195312e+01
2.703399658203125000e+01
2.707517433166503906e+01
2.706690025329589844e+01
2.693063926696777344e+01
2.682743644714355469e+01
2.667882919311523438e+01
2.656052780151367188e+01
2.642443275451660156e+01
2.642146301269531250e+01
2.649769973754882812e+01
2.676212692260742188e+01
2.699089813232421875e+01
2.711721038818359375e+01
2.710811233520507812e+01
2.707986640930175781e+01
2.708905982971191406e+01
2.713667678833007812e+01
2.723053359985351562e+01
2.740266609191894531e+01
2.757242012023925781e+01
2.760794639587402344e+01
2.758139991760253906e+01
2.758483886718750000e+01
2.757398796081542969e+01
2.755519676208496094e+01
2.747099304199218750e+01
2.734068489074707031e+01
2.721407890319824219e+01
2.695506668090820312e+01
2.672104454040527344e+01
2.668014717102050781e+01
2.679028511047363281e+01
2.686756134033203125e+01
2.689855957031250000e+01
2.643226242065429688e+01
2.609012413024902344e+01
2.662363815307617188e+01
2.691086959838867188e+01
