3.302436065673828125e+01
3.283209991455078125e+01
3.312128448486328125e+01
3.324904632568359375e+01
3.289420700073242188e+01
3.250307464599609375e+01
3.232955169677734375e+01
3.228444290161132812e+01
3.218994903564453125e+01
3.213803100585937500e+01
3.232214736938476562e+01
3.287295913696289062e+01
3.291962814331054688e+01
3.280374145507812500e+01
3.288792800903320312e+01
3.249080657958984375e+01
3.201552963256835938e+01
3.176096725463867188e+01
3.176245307922363281e+01
3.190005493164062500e+01
3.224804306030273438e+01
3.215265274047851562e+01
3.213305664062500000e+01
3.204636001586914062e+01
3.210280609130859375e+01
3.216307067871093750e+01
3.209410858154296875e+01
3.227421951293945312e+01
3.262844467163085938e+01
3.268846893310546875e+01
3.253778457641601562e+01
3.233920669555664062e+01
3.223075103759765625e+01
3.234433746337890625e+01
3.221433639526367188e+01
3.213505172729492188e+01
3.185326385498046875e+01
3.154996299743652344e+01
3.154725265502929688e+01
3.166931915283203125e+01
3.168303108215332031e+01
3.159468078613281250e+01
3.154313468933105469e+01
3.162721633911132812e+01
3.181733131408691406e+01
3.193290710449218750e+01
3.194122314453125000e+01
3.173393821716308594e+01
3.183457946777343750e+01
3.187941360473632812e+01
3.166197967529296875e+01
3.159480094909667969e+01
3.168526458740234375e+01
3.174053955078125000e+01
3.176197814941406250e+01
3.183234214782714844e+01
3.219345474243164062e+01
3.234918975830078125e+01
3.248411560058593750e+01
3.262826538085937500e+01
3.246821594238281250e+01
3.200530624389648438e+01
3.168852043151855469e+01
3.170913505554199219e+01
3.170267295837402344e+01
3.182555770874023438e+01
3.183386230468750000e+01
3.171879577636718750e+01
3.180963897705078125e+01
3.183396339416503906e+01
3.200177001953125000e+01
3.223691940307617188e+01
3.229830169677734375e+01
3.246813583374023438e+01
3.266099929809570312e+01
3.294580459594726562e+01
3.311165618896484375e+01
3.319517135620117188e+01
3.326770401000976562e+01
3.325762557983398438e+01
3.294665145874023438e+01
3.265756607055664062e+01
3.257952499389648438e+01
3.235821914672851562e+01
3.231707382202148438e+01
3.213346862792968750e+01
3.206313323974609375e+01
3.172606468200683594e+01
3.102367973327636719e+01
3.062260627746582031e+01
3.099447441101074219e+01
3.124430465698242188e+01
3.144293594360351562e+01
3.191362762451171875e+01
3.238623809814453125e+01
3.272805023193359375e+01
3.286470794677734375e+01
3.273529434204101562e+01
3.242343521118164062e+01
3.193807601928710938e+01
3.152287673950195312e+01
3.239641189575195312e+01
3.307578659057617188e+01
3.322255325317382812e+01
3.312174606323242188e+01
3.325181579589843750e+01
