3.358356094360351562e+01
3.361861419677734375e+01
3.365316009521484375e+01
3.373338699340820312e+01
3.396239471435546875e+01
3.411835098266601562e+01
3.417470932006835938e+01
3.413093948364257812e+01
3.394368743896484375e+01
3.360639190673828125e+01
3.343954849243164062e+01
3.362443923950195312e+01
3.399384689331054688e+01
3.423601531982421875e+01
3.455347824096679688e+01
3.468870162963867188e+01
3.457371139526367188e+01
3.416862869262695312e+01
3.404352951049804688e+01
3.402367401123046875e+01
3.394564437866210938e+01
3.377540969848632812e+01
3.372886276245117188e+01
3.388336944580078125e+01
3.408433532714843750e+01
3.409505462646484375e+01
3.398313140869140625e+01
3.391602706909179688e+01
3.378195953369140625e+01
3.371597290039062500e+01
3.360645675659179688e+01
3.332832336425781250e+01
3.310890197753906250e+01
3.288051605224609375e+01
3.283142089843750000e+01
3.286167907714843750e+01
3.309544372558593750e+01
3.356917190551757812e+01
3.385243225097656250e+01
3.403248977661132812e+01
3.404940414428710938e+01
3.390280151367187500e+01
3.353823471069335938e+01
3.332070541381835938e+01
3.344862747192382812e+01
3.351675033569335938e+01
3.335906982421875000e+01
3.322924804687500000e+01
3.310653686523437500e+01
3.306337356567382812e+01
3.306443405151367188e+01
3.334232330322265625e+01
3.374662780761718750e+01
3.379939270019531250e+01
3.377828598022460938e+01
3.424194335937500000e+01
3.438774490356445312e+01
3.405369567871093750e+01
3.376102447509765625e+01
3.359398269653320312e+01
3.372622680664062500e+01
3.373236083984375000e+01
3.370527267456054688e+01
3.360626602172851562e+01
3.359755325317382812e+01
3.359468460083007812e+01
3.343185806274414062e+01
3.324611663818359375e+01
3.332457733154296875e+01
3.335436248779296875e+01
3.328875350952148438e+01
3.331085205078125000e+01
3.342016601562500000e+01
3.356445312500000000e+01
3.362969207763671875e+01
3.356743621826171875e+01
3.359846115112304688e+01
3.364289093017578125e+01
3.362966156005859375e+01
3.361652755737304688e+01
3.336537170410156250e+01
3.296574401855468750e+01
3.282578277587890625e+01
3.271391677856445312e+01
3.253903961181640625e+01
3.245439147949218750e+01
3.247890090942382812e+01
3.308141708374023438e+01
3.356888961791992188e+01
3.394370269775390625e+01
3.402572631835937500e+01
3.385342025756835938e+01
3.371728134155273438e+01
3.370168304443359375e+01
3.383379745483398438e+01
3.375484085083007812e+01
3.375349426269531250e+01
3.376734924316406250e+01
3.379261398315429688e+01
3.386295318603515625e+01
3.376354980468750000e+01
3.360518646240234375e+01
3.363114166259765625e+01
3.353941345214843750e+01
3.319074630737304688e+01
3.306496810913085938e+01
