2.742051315307617188e+01
2.710897254943847656e+01
2.692269515991210938e+01
2.680445861816406250e+01
2.680025100708007812e+01
2.689742279052734375e+01
2.675063133239746094e+01
2.677772521972656250e+01
2.681767082214355469e+01
2.664519882202148438e+01
2.659428596496582031e+01
2.667368507385253906e+01
2.666436576843261719e+01
2.668580436706542969e+01
2.672778892517089844e+01
2.680727005004882812e+01
2.682105255126953125e+01
2.669096374511718750e+01
2.681092071533203125e+01
2.726104927062988281e+01
2.759083175659179688e+01
2.756239509582519531e+01
2.754496765136718750e+01
2.751249694824218750e+01
2.739881515502929688e+01
2.720871925354003906e+01
2.716372489929199219e+01
2.729267120361328125e+01
2.724518966674804688e+01
2.735392951965332031e+01
2.752925300598144531e+01
2.758443832397460938e+01
2.774544334411621094e+01
2.788297462463378906e+01
2.799856185913085938e+01
2.788870429992675781e+01
2.766201210021972656e+01
2.750270843505859375e+01
2.740135955810546875e+01
2.742137145996093750e+01
2.739025878906250000e+01
2.737040901184082031e+01
2.738147354125976562e+01
2.745351028442382812e+01
2.762335586547851562e+01
2.764605903625488281e+01
2.783814430236816406e+01
2.799753952026367188e+01
2.772632980346679688e+01
2.738703536987304688e+01
2.713675880432128906e+01
2.701755523681640625e+01
2.708170700073242188e+01
2.698434829711914062e+01
2.703071975708007812e+01
2.733115005493164062e+01
2.734443283081054688e+01
2.753717994689941406e+01
2.735500335693359375e+01
2.713355255126953125e+01
2.720849800109863281e+01
2.735912322998046875e+01
2.739139175415039062e+01
2.750638198852539062e+01
2.735610580444335938e+01
2.728485107421875000e+01
2.730120277404785156e+01
2.726095008850097656e+01
2.724672698974609375e+01
2.732321548461914062e+01
2.753498458862304688e+01
2.757720184326171875e+01
2.753665924072265625e+01
2.747352218627929688e+01
2.742919540405273438e+01
2.736684799194335938e+01
2.730755233764648438e+01
2.729743576049804688e+01
2.722345542907714844e+01
2.718885040283203125e+01
2.722526931762695312e+01
2.705721282958984375e+01
2.708406066894531250e+01
2.713058280944824219e+01
2.708297729492187500e+01
2.713536643981933594e+01
2.726471900939941406e+01
2.722722434997558594e+01
2.714566230773925781e+01
2.701194381713867188e+01
2.690100479125976562e+01
2.701208496093750000e+01
2.716691207885742188e+01
2.719079780578613281e+01
2.703411674499511719e+01
2.692155456542968750e+01
2.679854774475097656e+01
2.656614685058593750e+01
2.649029350280761719e+01
2.652678680419921875e+01
2.667930030822753906e+01
2.702975654602050781e+01
2.742292022705078125e+01
2.757799530029296875e+01
2.738635253906250000e+01
2.694015121459960938e+01
2.685949897766113281e+01
2.694684600830078125e+01
