2.721007347106933594e+01
2.694552803039550781e+01
2.694435882568359375e+01
2.688162994384765625e+01
2.672744941711425781e+01
2.654230499267578125e+01
2.669014930725097656e+01
2.695830917358398438e+01
2.712993621826171875e+01
2.737131118774414062e+01
2.733120918273925781e+01
2.700267028808593750e+01
2.675004577636718750e+01
2.686386680603027344e+01
2.696782875061035156e+01
2.700927352905273438e+01
2.717880058288574219e+01
2.741604614257812500e+01
2.744481468200683594e+01
2.730115318298339844e+01
2.713037490844726562e+01
2.688328552246093750e+01
2.667316055297851562e+01
2.654611778259277344e+01
2.643862342834472656e+01
2.636962890625000000e+01
2.610080146789550781e+01
2.586260414123535156e+01
2.592638015747070312e+01
2.629880714416503906e+01
2.667403411865234375e+01
2.691733741760253906e+01
2.699760627746582031e+01
2.710921859741210938e+01
2.712715721130371094e+01
2.704937744140625000e+01
2.686910629272460938e+01
2.680752372741699219e+01
2.676336288452148438e+01
2.677079200744628906e+01
2.691783332824707031e+01
2.722860145568847656e+01
2.749233627319335938e+01
2.760457038879394531e+01
2.764838409423828125e+01
2.789722633361816406e+01
2.808555030822753906e+01
2.810328865051269531e+01
2.792688560485839844e+01
2.774995994567871094e+01
2.769268608093261719e+01
2.758876228332519531e+01
2.773525619506835938e+01
2.801149940490722656e+01
2.820738983154296875e+01
2.842773437500000000e+01
2.852200889587402344e+01
2.856500625610351562e+01
2.836906242370605469e+01
2.815237808227539062e+01
2.793815803527832031e+01
2.778020095825195312e+01
2.763661766052246094e+01
2.752615547180175781e+01
2.741103744506835938e+01
2.741759109497070312e+01
2.736760330200195312e+01
2.747037696838378906e+01
2.758016777038574219e+01
2.734628486633300781e+01
2.723308372497558594e+01
2.718255805969238281e+01
2.726585388183593750e+01
2.746967887878417969e+01
2.749617958068847656e+01
2.748848533630371094e+01
2.751551628112792969e+01
2.740304565429687500e+01
2.722287940979003906e+01
2.707508850097656250e+01
2.687337493896484375e+01
2.662476158142089844e+01
2.666531181335449219e+01
2.700852775573730469e+01
2.731570243835449219e+01
2.721130943298339844e+01
2.689371109008789062e+01
2.660202026367187500e+01
2.630564117431640625e+01
2.635107421875000000e+01
2.628920364379882812e+01
2.629551315307617188e+01
2.654511260986328125e+01
2.685531044006347656e+01
2.698159408569335938e+01
2.694923973083496094e+01
2.672690963745117188e+01
2.664214134216308594e+01
2.652951240539550781e+01
2.665053939819335938e+01
2.673331260681152344e+01
2.685525703430175781e+01
2.680939102172851562e+01
2.680245399475097656e+01
2.648583602905273438e+01
