3.021919059753417969e+01
2.918036842346191406e+01
2.880454635620117188e+01
2.880779647827148438e+01
2.852202987670898438e+01
2.894941711425781250e+01
2.881314468383789062e+01
2.857488632202148438e+01
2.810309791564941406e+01
2.774082946777343750e+01
2.829435729980468750e+01
2.940807151794433594e+01
3.008391952514648438e+01
2.952085876464843750e+01
2.876999282836914062e+01
2.847983741760253906e+01
2.870128059387207031e+01
2.894375038146972656e+01
2.957173728942871094e+01
2.988576698303222656e+01
2.968163490295410156e+01
2.943220710754394531e+01
2.921508407592773438e+01
2.887383270263671875e+01
2.886194992065429688e+01
2.869916725158691406e+01
2.854624748229980469e+01
2.849269676208496094e+01
2.847373008728027344e+01
2.841707229614257812e+01
2.829850578308105469e+01
2.803682518005371094e+01
2.792125129699707031e+01
2.806395339965820312e+01
2.842519187927246094e+01
2.858851051330566406e+01
2.860592079162597656e+01
2.853707504272460938e+01
2.853947639465332031e+01
2.844001388549804688e+01
2.840401840209960938e+01
2.829424667358398438e+01
2.839124870300292969e+01
2.833928871154785156e+01
2.835409545898437500e+01
2.852099990844726562e+01
2.865416717529296875e+01
2.876882743835449219e+01
2.898260116577148438e+01
2.893976593017578125e+01
2.866735649108886719e+01
2.859079360961914062e+01
2.868612480163574219e+01
2.874622154235839844e+01
2.868080711364746094e+01
2.880005836486816406e+01
2.886756134033203125e+01
2.890174865722656250e+01
2.879484748840332031e+01
2.847414970397949219e+01
2.831005859375000000e+01
2.847281265258789062e+01
2.849271583557128906e+01
2.835483551025390625e+01
2.817648696899414062e+01
2.816987609863281250e+01
2.831514930725097656e+01
2.875120162963867188e+01
2.901291465759277344e+01
2.892588615417480469e+01
2.898413276672363281e+01
2.913978767395019531e+01
2.926836776733398438e+01
2.950174713134765625e+01
2.974960327148437500e+01
2.989491271972656250e+01
2.983105278015136719e+01
2.957222938537597656e+01
2.931715965270996094e+01
2.880310440063476562e+01
2.860335731506347656e+01
2.850538253784179688e+01
2.854345512390136719e+01
2.866911888122558594e+01
2.846744918823242188e+01
2.838801765441894531e+01
2.854210090637207031e+01
2.857492065429687500e+01
2.838417053222656250e+01
2.818798065185546875e+01
2.817805862426757812e+01
2.836967086791992188e+01
2.839675712585449219e+01
2.803865242004394531e+01
2.792193794250488281e+01
2.784076881408691406e+01
2.790715789794921875e+01
2.762480926513671875e+01
2.780862426757812500e+01
2.789260292053222656e+01
2.791238975524902344e+01
2.797002410888671875e+01
2.829831314086914062e+01
2.893439674377441406e+01
