2.488345336914062500e+01
2.503928756713867188e+01
2.487294960021972656e+01
2.490765380859375000e+01
2.512032127380371094e+01
2.531001472473144531e+01
2.548369598388671875e+01
2.571172904968261719e+01
2.599324417114257812e+01
2.601797866821289062e+01
2.622054290771484375e+01
2.611880111694335938e+01
2.617005920410156250e+01
2.600706291198730469e+01
2.602133369445800781e+01
2.595002174377441406e+01
2.588993644714355469e+01
2.587720489501953125e+01
2.584409141540527344e+01
2.581304931640625000e+01
2.580019187927246094e+01
2.587939453125000000e+01
2.601080322265625000e+01
2.618664741516113281e+01
2.621558189392089844e+01
2.623734474182128906e+01
2.622005653381347656e+01
2.633119201660156250e+01
2.635420036315917969e+01
2.640881347656250000e+01
2.643696975708007812e+01
2.644730949401855469e+01
2.641378402709960938e+01
2.641114807128906250e+01
2.638767051696777344e+01
2.639266586303710938e+01
2.651735687255859375e+01
2.658210754394531250e+01
2.656729316711425781e+01
2.660840606689453125e+01
2.675552558898925781e+01
2.687058067321777344e+01
2.723063659667968750e+01
2.724156570434570312e+01
2.729167747497558594e+01
2.723224067687988281e+01
2.707653617858886719e+01
2.707949829101562500e+01
2.705490303039550781e+01
2.724355125427246094e+01
2.705487823486328125e+01
2.677350807189941406e+01
2.661880683898925781e+01
2.648195838928222656e+01
2.650338745117187500e+01
2.640322113037109375e+01
2.600255012512207031e+01
2.582869529724121094e+01
2.582150077819824219e+01
2.590000915527343750e+01
2.611830902099609375e+01
2.595916366577148438e+01
2.583298110961914062e+01
2.585863494873046875e+01
2.584050559997558594e+01
2.576260948181152344e+01
2.577285575866699219e+01
2.595181083679199219e+01
2.616886520385742188e+01
2.619335365295410156e+01
2.616462135314941406e+01
2.616549110412597656e+01
2.613551712036132812e+01
2.611997604370117188e+01
2.595051956176757812e+01
2.582719230651855469e+01
2.573907852172851562e+01
2.571451759338378906e+01
2.569576835632324219e+01
2.577955055236816406e+01
2.592416763305664062e+01
2.602527999877929688e+01
2.607805442810058594e+01
2.598226737976074219e+01
2.587183952331542969e+01
2.578536415100097656e+01
2.578352355957031250e+01
2.572907829284667969e+01
2.573472785949707031e+01
2.556732368469238281e+01
2.548902893066406250e+01
2.546187782287597656e+01
2.541329193115234375e+01
2.526336097717285156e+01
2.514102172851562500e+01
2.493021583557128906e+01
2.477772521972656250e+01
2.490467834472656250e+01
2.506740760803222656e+01
