3.816676330566406250e+01
3.799864959716796875e+01
3.792086410522460938e+01
3.793022537231445312e+01
3.795191955566406250e+01
3.790917968750000000e+01
3.781523132324218750e+01
3.742691802978515625e+01
3.647915649414062500e+01
3.582426071166992188e+01
3.598716354370117188e+01
3.622321701049804688e+01
3.604365158081054688e+01
3.571901702880859375e+01
3.577510833740234375e+01
3.595803070068359375e+01
3.577869033813476562e+01
3.618222045898437500e+01
3.691490936279296875e+01
3.689944839477539062e+01
3.666389846801757812e+01
3.598019027709960938e+01
3.529659271240234375e+01
3.487108230590820312e+01
3.476999664306640625e+01
3.511453247070312500e+01
3.585020065307617188e+01
3.612576293945312500e+01
3.602210235595703125e+01
3.601376342773437500e+01
3.571449661254882812e+01
3.562236022949218750e+01
3.513565444946289062e+01
3.456764221191406250e+01
3.446125030517578125e+01
3.445986557006835938e+01
3.467277145385742188e+01
3.494792556762695312e+01
3.537435531616210938e+01
3.617818832397460938e+01
3.681419372558593750e+01
3.700977325439453125e+01
3.704646301269531250e+01
3.695339584350585938e+01
3.693772888183593750e+01
3.710240173339843750e+01
3.737506866455078125e+01
3.750228500366210938e+01
3.760028457641601562e+01
3.754042434692382812e+01
3.729254150390625000e+01
3.676162338256835938e+01
3.624021911621093750e+01
3.636476135253906250e+01
3.712504196166992188e+01
3.755436706542968750e+01
3.759072113037109375e+01
3.754714965820312500e+01
3.752625656127929688e+01
3.763959121704101562e+01
3.765048217773437500e+01
3.761539840698242188e+01
3.757716751098632812e+01
3.750062561035156250e+01
3.748194122314453125e+01
3.750262069702148438e+01
3.732218551635742188e+01
3.694478988647460938e+01
3.667728424072265625e+01
3.628538513183593750e+01
3.569038009643554688e+01
3.509495162963867188e+01
3.499200057983398438e+01
3.497745513916015625e+01
3.481994247436523438e+01
3.501736831665039062e+01
3.515938949584960938e+01
3.583686447143554688e+01
3.634247589111328125e+01
3.642802810668945312e+01
3.638508224487304688e+01
3.626833724975585938e+01
3.632076644897460938e+01
3.663039016723632812e+01
3.674695587158203125e+01
3.677333831787109375e+01
3.670305633544921875e+01
3.652160644531250000e+01
3.659552764892578125e+01
3.687660598754882812e+01
3.706711959838867188e+01
3.729873657226562500e+01
3.742208862304687500e+01
3.742789077758789062e+01
3.745261001586914062e+01
3.747386932373046875e+01
3.753469467163085938e+01
3.771835327148437500e+01
3.782075881958007812e+01
3.776531219482421875e+01
3.765733337402343750e+01
3.790076446533203125e+01
3.772594451904296875e+01
3.737741470336914062e+01
3.684156036376953125e+01
3.710439300537109375e+01
3.767137145996093750e+01
