3.828443908691406250e+01
3.817129516601562500e+01
3.736536407470703125e+01
3.734102630615234375e+01
3.785071945190429688e+01
3.808063888549804688e+01
3.803990554809570312e+01
3.790631866455078125e+01
3.772563552856445312e+01
3.774131774902343750e+01
3.795068740844726562e+01
3.803490447998046875e+01
3.798912429809570312e+01
3.777170944213867188e+01
3.769776535034179688e+01
3.785877609252929688e+01
3.841168975830078125e+01
3.855200576782226562e+01
3.886206054687500000e+01
3.885020065307617188e+01
3.852885437011718750e+01
3.846182250976562500e+01
3.850154113769531250e+01
3.851409530639648438e+01
3.870049667358398438e+01
3.870866012573242188e+01
3.864779663085937500e+01
3.861729812622070312e+01
3.851124191284179688e+01
3.833939743041992188e+01
3.825606536865234375e+01
3.822768020629882812e+01
3.842700576782226562e+01
3.853908920288085938e+01
3.847039031982421875e+01
3.850238800048828125e+01
3.855264282226562500e+01
3.846127700805664062e+01
3.844577789306640625e+01
3.858062362670898438e+01
3.858993530273437500e+01
3.854456710815429688e+01
3.841976547241210938e+01
3.814156723022460938e+01
3.806638336181640625e+01
3.823598098754882812e+01
3.843389511108398438e+01
3.826881027221679688e+01
3.800218963623046875e+01
3.818040847778320312e+01
3.828755569458007812e+01
3.835698699951171875e+01
3.819389724731445312e+01
3.790143966674804688e+01
3.762462615966796875e+01
3.790291976928710938e+01
3.780002975463867188e+01
3.759474945068359375e+01
3.775091171264648438e+01
3.803858566284179688e+01
3.818471527099609375e+01
3.798743438720703125e+01
3.800112915039062500e+01
3.751619720458984375e+01
3.720035552978515625e+01
3.738825988769531250e+01
3.758051681518554688e+01
3.782014083862304688e+01
3.777285385131835938e+01
3.742682266235351562e+01
3.716698074340820312e+01
3.742374038696289062e+01
3.759040832519531250e+01
3.749649429321289062e+01
3.738063812255859375e+01
3.719004058837890625e+01
3.695999908447265625e+01
3.730098342895507812e+01
3.757764053344726562e+01
3.736740493774414062e+01
3.696825027465820312e+01
3.674431228637695312e+01
3.674452590942382812e+01
3.710483169555664062e+01
3.735433578491210938e+01
3.727391815185546875e+01
3.746345901489257812e+01
3.735327148437500000e+01
3.677243804931640625e+01
3.655100631713867188e+01
3.691245651245117188e+01
3.702119445800781250e+01
3.722302246093750000e+01
3.784673690795898438e+01
3.787887573242187500e+01
3.779735946655273438e+01
3.791046905517578125e+01
3.783387374877929688e+01
3.776969528198242188e+01
3.784692382812500000e+01
3.808718109130859375e+01
