2.450468254089355469e+01
2.520360565185546875e+01
2.444698333740234375e+01
2.372483634948730469e+01
2.382866477966308594e+01
2.390337753295898438e+01
2.373488426208496094e+01
2.323184585571289062e+01
2.296327590942382812e+01
2.279400634765625000e+01
2.293318367004394531e+01
2.328650665283203125e+01
2.401242637634277344e+01
2.448601531982421875e+01
2.461519813537597656e+01
2.478882408142089844e+01
2.469778633117675781e+01
2.429209899902343750e+01
2.425487327575683594e+01
2.443568229675292969e+01
2.433418083190917969e+01
2.397573089599609375e+01
2.368202018737792969e+01
2.364256477355957031e+01
2.366099739074707031e+01
2.390096473693847656e+01
2.419502067565917969e+01
2.453890991210937500e+01
2.481364822387695312e+01
2.488350486755371094e+01
2.470974159240722656e+01
2.456420707702636719e+01
2.432747650146484375e+01
2.394244384765625000e+01
2.369556617736816406e+01
2.362544441223144531e+01
2.350571060180664062e+01
2.340698242187500000e+01
2.339790534973144531e+01
2.333125305175781250e+01
2.334708023071289062e+01
2.329628562927246094e+01
2.318566894531250000e+01
2.331235694885253906e+01
2.346249580383300781e+01
2.365386962890625000e+01
2.372665405273437500e+01
2.375086784362792969e+01
2.368985939025878906e+01
2.362556838989257812e+01
2.363939476013183594e+01
2.369888496398925781e+01
2.372855758666992188e+01
2.379648971557617188e+01
2.389562606811523438e+01
2.405469703674316406e+01
2.417052268981933594e+01
2.424356842041015625e+01
2.430556488037109375e+01
2.426606559753417969e+01
2.420571136474609375e+01
2.413013267517089844e+01
2.411932373046875000e+01
2.416457366943359375e+01
2.423135185241699219e+01
2.433801078796386719e+01
2.447124481201171875e+01
2.448801994323730469e+01
2.441757774353027344e+01
2.434489631652832031e+01
2.416540527343750000e+01
2.406450080871582031e+01
2.402992439270019531e+01
2.398780250549316406e+01
2.382434654235839844e+01
2.363209342956542969e+01
2.353427696228027344e+01
2.347546386718750000e+01
2.333445167541503906e+01
2.323740577697753906e+01
2.326448440551757812e+01
2.331485939025878906e+01
2.348154067993164062e+01
2.366652107238769531e+01
2.384933471679687500e+01
2.402002143859863281e+01
2.413824462890625000e+01
2.423507308959960938e+01
2.430513381958007812e+01
2.429216384887695312e+01
2.416876602172851562e+01
2.401359558105468750e+01
2.392061805725097656e+01
2.393651199340820312e+01
2.419250679016113281e+01
2.437479019165039062e+01
2.431558227539062500e+01
2.430784988403320312e+01
2.421024894714355469e+01
2.431595039367675781e+01
2.430546760559082031e+01
2.428427124023437500e+01
2.432302665710449219e+01
