3.628081130981445312e+01
3.709624099731445312e+01
3.730706024169921875e+01
3.685117340087890625e+01
3.599457168579101562e+01
3.623518753051757812e+01
3.725609207153320312e+01
3.701828765869140625e+01
3.679231262207031250e+01
3.720276260375976562e+01
3.722269821166992188e+01
3.706051635742187500e+01
3.641141891479492188e+01
3.582251739501953125e+01
3.505182647705078125e+01
3.477973175048828125e+01
3.502560424804687500e+01
3.576045227050781250e+01
3.621107864379882812e+01
3.602410888671875000e+01
3.624820709228515625e+01
3.651949310302734375e+01
3.641652297973632812e+01
3.652924728393554688e+01
3.635614776611328125e+01
3.579913330078125000e+01
3.550571823120117188e+01
3.555100631713867188e+01
3.524245452880859375e+01
3.500394821166992188e+01
3.484729766845703125e+01
3.498624420166015625e+01
3.499690628051757812e+01
3.495012283325195312e+01
3.506631088256835938e+01
3.536991119384765625e+01
3.509634399414062500e+01
3.488447570800781250e+01
3.473932647705078125e+01
3.488711166381835938e+01
3.523369216918945312e+01
3.574764251708984375e+01
3.609785079956054688e+01
3.612340927124023438e+01
3.559934234619140625e+01
3.505252075195312500e+01
3.484534835815429688e+01
3.489357376098632812e+01
3.498245239257812500e+01
3.495980453491210938e+01
3.490359497070312500e+01
3.496923828125000000e+01
3.497370529174804688e+01
3.503159332275390625e+01
3.481198501586914062e+01
3.473274612426757812e+01
3.461196899414062500e+01
3.470521163940429688e+01
3.458324813842773438e+01
3.443157196044921875e+01
3.431090545654296875e+01
3.423831176757812500e+01
3.427936935424804688e+01
3.436833572387695312e+01
3.435401535034179688e+01
3.430384826660156250e+01
3.424731445312500000e+01
3.415744781494140625e+01
3.405003356933593750e+01
3.404398345947265625e+01
3.399142456054687500e+01
3.390507507324218750e+01
3.377255249023437500e+01
3.361946868896484375e+01
3.355996322631835938e+01
3.362804031372070312e+01
3.374855804443359375e+01
3.394099807739257812e+01
3.416188049316406250e+01
3.443394088745117188e+01
3.466421508789062500e+01
3.508597564697265625e+01
3.551960754394531250e+01
3.494161605834960938e+01
3.447047424316406250e+01
3.406385421752929688e+01
3.423314666748046875e+01
3.441157531738281250e+01
3.425913238525390625e+01
3.419941711425781250e+01
3.443013763427734375e+01
3.492502975463867188e+01
3.526369094848632812e+01
3.448302841186523438e+01
3.398568725585937500e+01
3.397882843017578125e+01
3.429742813110351562e+01
3.459336090087890625e+01
