2.811396980285644531e+01
3.013287734985351562e+01
3.069197845458984375e+01
2.981505393981933594e+01
2.929164505004882812e+01
3.078801345825195312e+01
3.181333541870117188e+01
3.128021049499511719e+01
2.993011093139648438e+01
2.886261558532714844e+01
2.857201385498046875e+01
2.837486267089843750e+01
2.879908752441406250e+01
2.869069290161132812e+01
2.840477943420410156e+01
2.847745323181152344e+01
2.843853378295898438e+01
2.831187820434570312e+01
2.796044731140136719e+01
2.768115234375000000e+01
2.825836563110351562e+01
2.875842475891113281e+01
2.873149299621582031e+01
2.840127944946289062e+01
2.801229286193847656e+01
2.776447486877441406e+01
2.761082458496093750e+01
2.756425094604492188e+01
2.774076271057128906e+01
2.785384368896484375e+01
2.786999511718750000e+01
2.786333465576171875e+01
2.775059127807617188e+01
2.763914680480957031e+01
2.749485206604003906e+01
2.749655914306640625e+01
2.761091232299804688e+01
2.763191223144531250e+01
2.773464775085449219e+01
2.768593978881835938e+01
2.746772193908691406e+01
2.746949577331542969e+01
2.753426742553710938e+01
2.736958312988281250e+01
2.693818855285644531e+01
2.690369796752929688e+01
2.709719085693359375e+01
2.726069259643554688e+01
2.721401786804199219e+01
2.730855560302734375e+01
2.729022789001464844e+01
2.713224983215332031e+01
2.711222267150878906e+01
2.735931777954101562e+01
2.797294235229492188e+01
2.816000366210937500e+01
2.789951324462890625e+01
2.771450614929199219e+01
2.768427658081054688e+01
2.760392951965332031e+01
2.754322052001953125e+01
2.747751617431640625e+01
2.735905838012695312e+01
2.718975067138671875e+01
2.707781028747558594e+01
2.700235176086425781e+01
2.702508735656738281e+01
2.726930236816406250e+01
2.723472976684570312e+01
2.722111129760742188e+01
2.722093582153320312e+01
2.706657600402832031e+01
2.685791969299316406e+01
2.678974533081054688e+01
2.677865600585937500e+01
2.674361801147460938e+01
2.678033447265625000e+01
2.685646820068359375e+01
2.681248283386230469e+01
2.666914176940917969e+01
2.660490036010742188e+01
2.673270606994628906e+01
2.674489212036132812e+01
2.655378723144531250e+01
2.653282165527343750e+01
2.686833953857421875e+01
2.718482971191406250e+01
2.727665710449218750e+01
2.750899887084960938e+01
2.776779937744140625e+01
2.771618270874023438e+01
2.792342758178710938e+01
2.794894409179687500e+01
2.797299194335937500e+01
2.800394630432128906e+01
2.803895759582519531e+01
2.776992607116699219e+01
2.751983070373535156e+01
2.769053649902343750e+01
2.823548698425292969e+01
2.817303848266601562e+01
2.759312057495117188e+01
2.756244468688964844e+01
2.823943710327148438e+01
2.969983291625976562e+01
2.999287033081054688e+01
