2.668022346496582031e+01
2.960013008117675781e+01
3.204592514038085938e+01
3.263084030151367188e+01
3.260569381713867188e+01
3.231917572021484375e+01
3.178510284423828125e+01
3.128713035583496094e+01
3.148878097534179688e+01
3.143932151794433594e+01
3.144959259033203125e+01
3.160390472412109375e+01
3.174361038208007812e+01
3.148609542846679688e+01
3.127243995666503906e+01
3.123254013061523438e+01
3.127502822875976562e+01
3.135231781005859375e+01
3.145849800109863281e+01
3.147830963134765625e+01
3.149416923522949219e+01
3.146605110168457031e+01
3.154902458190917969e+01
3.139073753356933594e+01
3.132324790954589844e+01
3.148073577880859375e+01
3.169103431701660156e+01
3.201159286499023438e+01
3.232183837890625000e+01
3.239575195312500000e+01
3.239045715332031250e+01
3.226110839843750000e+01
3.212324142456054688e+01
3.196561431884765625e+01
3.193332099914550781e+01
3.181378936767578125e+01
3.174054908752441406e+01
3.163294792175292969e+01
3.177853012084960938e+01
3.198756217956542969e+01
3.213425827026367188e+01
3.213019180297851562e+01
3.203438949584960938e+01
3.187908172607421875e+01
3.183374786376953125e+01
3.170392227172851562e+01
3.146879577636718750e+01
3.127549743652343750e+01
3.115369415283203125e+01
3.128713607788085938e+01
3.168871688842773438e+01
3.158295631408691406e+01
3.128265571594238281e+01
3.113382339477539062e+01
3.103371810913085938e+01
3.118535804748535156e+01
3.125205230712890625e+01
3.123538780212402344e+01
3.130784606933593750e+01
3.147333335876464844e+01
3.161804771423339844e+01
3.175428962707519531e+01
3.200011825561523438e+01
3.206081771850585938e+01
3.193453216552734375e+01
3.182308387756347656e+01
3.178176498413085938e+01
3.169888687133789062e+01
3.161089134216308594e+01
3.177425384521484375e+01
3.207512664794921875e+01
3.234182357788085938e+01
3.223517227172851562e+01
3.188444900512695312e+01
3.182795906066894531e+01
3.205255126953125000e+01
3.215982818603515625e+01
3.214241409301757812e+01
3.211624526977539062e+01
3.198889160156250000e+01
3.209983062744140625e+01
3.230647659301757812e+01
3.247706604003906250e+01
3.266217422485351562e+01
3.258788681030273438e+01
3.209371566772460938e+01
3.171987152099609375e+01
3.164114761352539062e+01
3.163077545166015625e+01
3.161100196838378906e+01
3.171556282043457031e+01
3.183335494995117188e+01
3.178499412536621094e+01
3.146249771118164062e+01
3.135437965393066406e+01
3.145655822753906250e+01
3.139062881469726562e+01
3.131427383422851562e+01
3.155585861206054688e+01
3.194289398193359375e+01
3.213171005249023438e+01
3.229424285888671875e+01
3.208430099487304688e+01
3.183217048645019531e+01
3.183906173706054688e+01
3.187846755981445312e+01
3.205104827880859375e+01
3.197252655029296875e+01
3.172825241088867188e+01
3.153111457824707031e+01
3.126954269409179688e+01
