3.394797515869140625e+01
3.356694793701171875e+01
3.349885559082031250e+01
3.336521911621093750e+01
3.289624023437500000e+01
3.191616249084472656e+01
3.178515625000000000e+01
3.259256362915039062e+01
3.351531219482421875e+01
3.447724151611328125e+01
3.466109848022460938e+01
3.383135986328125000e+01
3.338006591796875000e+01
3.357854080200195312e+01
3.357892227172851562e+01
3.373967742919921875e+01
3.354661941528320312e+01
3.332549285888671875e+01
3.310049438476562500e+01
3.271986770629882812e+01
3.280506134033203125e+01
3.320428466796875000e+01
3.351151275634765625e+01
3.370220565795898438e+01
3.300710678100585938e+01
3.206776046752929688e+01
3.132090568542480469e+01
3.143779373168945312e+01
3.259848785400390625e+01
3.327370452880859375e+01
3.327679824829101562e+01
3.423663711547851562e+01
3.562185287475585938e+01
3.606371307373046875e+01
3.633396530151367188e+01
3.573077011108398438e+01
3.437803268432617188e+01
3.360842132568359375e+01
3.320843887329101562e+01
3.277056884765625000e+01
3.260721588134765625e+01
3.299850463867187500e+01
3.330053710937500000e+01
3.345727539062500000e+01
3.361352920532226562e+01
3.375210571289062500e+01
3.347620773315429688e+01
3.323641967773437500e+01
3.259818267822265625e+01
3.205064010620117188e+01
3.148517417907714844e+01
3.085206604003906250e+01
3.050404739379882812e+01
3.076585960388183594e+01
3.112160873413085938e+01
3.142483139038085938e+01
3.146356964111328125e+01
3.181328773498535156e+01
3.234173583984375000e+01
3.283290481567382812e+01
3.322768783569335938e+01
3.358024215698242188e+01
3.363397598266601562e+01
3.339327621459960938e+01
3.294974517822265625e+01
3.176427268981933594e+01
3.183958244323730469e+01
3.191538238525390625e+01
3.182487487792968750e+01
3.168539619445800781e+01
3.143182754516601562e+01
3.127293395996093750e+01
3.132575607299804688e+01
3.135884857177734375e+01
3.134969902038574219e+01
3.117451095581054688e+01
3.100147819519042969e+01
3.130685997009277344e+01
3.164190673828125000e+01
3.158662414550781250e+01
3.124394226074218750e+01
3.056486511230468750e+01
2.979341506958007812e+01
2.992282295227050781e+01
3.072396278381347656e+01
3.095560836791992188e+01
3.111952209472656250e+01
3.117106437683105469e+01
3.113333702087402344e+01
3.093176651000976562e+01
3.108272552490234375e+01
3.151998329162597656e+01
3.146582221984863281e+01
3.065558433532714844e+01
2.977450942993164062e+01
2.935580635070800781e+01
2.951245498657226562e+01
