3.261315155029296875e+01
3.229664230346679688e+01
3.194366455078125000e+01
3.175134849548339844e+01
3.192190551757812500e+01
3.251967239379882812e+01
3.246509170532226562e+01
3.237754058837890625e+01
3.235585021972656250e+01
3.259021377563476562e+01
3.382910919189453125e+01
3.495001220703125000e+01
3.361027145385742188e+01
3.234338760375976562e+01
3.207967376708984375e+01
3.225086212158203125e+01
3.281202697753906250e+01
3.312121200561523438e+01
3.331638336181640625e+01
3.338473129272460938e+01
3.439070510864257812e+01
3.520422363281250000e+01
3.541836929321289062e+01
3.470798110961914062e+01
3.336121749877929688e+01
3.295053100585937500e+01
3.335206222534179688e+01
3.381799316406250000e+01
3.339021301269531250e+01
3.321550369262695312e+01
3.380097579956054688e+01
3.425099563598632812e+01
3.462654495239257812e+01
3.472895812988281250e+01
3.345450973510742188e+01
3.311523437500000000e+01
3.348050308227539062e+01
3.350650405883789062e+01
3.359514617919921875e+01
3.349818038940429688e+01
3.314117050170898438e+01
3.312331771850585938e+01
3.334809112548828125e+01
3.304132080078125000e+01
3.275588989257812500e+01
3.256527328491210938e+01
3.256516265869140625e+01
3.290392684936523438e+01
3.321334075927734375e+01
3.361246109008789062e+01
3.378705215454101562e+01
3.400345993041992188e+01
3.358477401733398438e+01
3.298031997680664062e+01
3.282627868652343750e+01
3.317033767700195312e+01
3.360593032836914062e+01
3.378473663330078125e+01
3.388765716552734375e+01
3.356301498413085938e+01
3.319613265991210938e+01
3.329410552978515625e+01
3.329257965087890625e+01
3.307549285888671875e+01
3.281686401367187500e+01
3.261650848388671875e+01
3.251218032836914062e+01
3.251924514770507812e+01
3.270906829833984375e+01
3.287015151977539062e+01
3.276958847045898438e+01
3.265868759155273438e+01
3.245608139038085938e+01
3.226267623901367188e+01
3.222294235229492188e+01
3.248878097534179688e+01
3.290207290649414062e+01
3.307021331787109375e+01
3.287189102172851562e+01
3.224552917480468750e+01
3.205917358398437500e+01
3.230818557739257812e+01
3.240753936767578125e+01
3.228231048583984375e+01
3.203181838989257812e+01
3.193251991271972656e+01
3.283424758911132812e+01
3.370961761474609375e+01
3.353912734985351562e+01
3.285875701904296875e+01
3.324080276489257812e+01
3.327583694458007812e+01
3.336611938476562500e+01
3.409856414794921875e+01
3.349972534179687500e+01
3.333115386962890625e+01
