2.558924674987792969e+01
2.536445617675781250e+01
2.502376556396484375e+01
2.479507827758789062e+01
2.492962646484375000e+01
2.512324905395507812e+01
2.537874412536621094e+01
2.558233070373535156e+01
2.575942611694335938e+01
2.558287048339843750e+01
2.547363662719726562e+01
2.553640556335449219e+01
2.573352432250976562e+01
2.590696144104003906e+01
2.585101890563964844e+01
2.576266860961914062e+01
2.546157264709472656e+01
2.534697914123535156e+01
2.540690422058105469e+01
2.548129463195800781e+01
2.543625068664550781e+01
2.534517478942871094e+01
2.514940643310546875e+01
2.461161994934082031e+01
2.431922721862792969e+01
2.419143867492675781e+01
2.425168418884277344e+01
2.448446655273437500e+01
2.472465324401855469e+01
2.490070724487304688e+01
2.483262443542480469e+01
2.479452705383300781e+01
2.455212783813476562e+01
2.447631263732910156e+01
2.443463706970214844e+01
2.445246887207031250e+01
2.452295684814453125e+01
2.461174583435058594e+01
2.482566452026367188e+01
2.495190620422363281e+01
2.507011795043945312e+01
2.502995872497558594e+01
2.492240715026855469e+01
2.480086135864257812e+01
2.473601150512695312e+01
2.475436019897460938e+01
2.471490097045898438e+01
2.479420089721679688e+01
2.478791618347167969e+01
2.480579566955566406e+01
2.487136840820312500e+01
2.487392044067382812e+01
2.485840034484863281e+01
2.489669036865234375e+01
2.495923233032226562e+01
2.509402084350585938e+01
2.529331016540527344e+01
2.534334373474121094e+01
2.521233558654785156e+01
2.500878906250000000e+01
2.486958312988281250e+01
2.470894622802734375e+01
2.460344505310058594e+01
2.454631042480468750e+01
2.463926887512207031e+01
2.486998939514160156e+01
2.513856124877929688e+01
2.524425888061523438e+01
2.525810623168945312e+01
2.520215034484863281e+01
2.527051734924316406e+01
2.530686950683593750e+01
2.542237472534179688e+01
2.533714675903320312e+01
2.531797599792480469e+01
2.526217651367187500e+01
2.513364791870117188e+01
2.508085632324218750e+01
2.488392257690429688e+01
2.479389381408691406e+01
2.469408416748046875e+01
2.468356323242187500e+01
2.462748908996582031e+01
2.455356216430664062e+01
2.469692611694335938e+01
2.478160285949707031e+01
2.482550430297851562e+01
2.473776245117187500e+01
2.488095855712890625e+01
2.534096145629882812e+01
2.552854919433593750e+01
2.550873947143554688e+01
2.531442070007324219e+01
