2.984102630615234375e+01
2.927905654907226562e+01
2.889196777343750000e+01
2.860963058471679688e+01
2.830056381225585938e+01
2.783428192138671875e+01
2.768726921081542969e+01
2.799031639099121094e+01
2.816515350341796875e+01
2.838835525512695312e+01
2.813983726501464844e+01
2.795293617248535156e+01
2.802168846130371094e+01
2.809710121154785156e+01
2.794112205505371094e+01
2.784688186645507812e+01
2.773733329772949219e+01
2.785707664489746094e+01
2.809649658203125000e+01
2.822770118713378906e+01
2.829987525939941406e+01
2.844427490234375000e+01
2.857446861267089844e+01
2.857522201538085938e+01
2.846650123596191406e+01
2.817861747741699219e+01
2.809559249877929688e+01
2.809645652770996094e+01
2.809659194946289062e+01
2.803520011901855469e+01
2.794643211364746094e+01
2.789187622070312500e+01
2.782270431518554688e+01
2.786168479919433594e+01
2.792323303222656250e+01
2.796997642517089844e+01
2.790261459350585938e+01
2.787686729431152344e+01
2.780973243713378906e+01
2.788689804077148438e+01
2.802606010437011719e+01
2.820454406738281250e+01
2.814362335205078125e+01
2.799003028869628906e+01
2.794011497497558594e+01
2.807071876525878906e+01
2.799046707153320312e+01
2.802474594116210938e+01
2.817202568054199219e+01
2.799608421325683594e+01
2.779933357238769531e+01
2.763250923156738281e+01
2.766405296325683594e+01
2.755623435974121094e+01
2.752329254150390625e+01
2.776453018188476562e+01
2.818762588500976562e+01
2.861563491821289062e+01
2.904360771179199219e+01
2.894771003723144531e+01
2.864439773559570312e+01
2.851860046386718750e+01
2.830243301391601562e+01
2.809572219848632812e+01
2.799720573425292969e+01
2.778586196899414062e+01
2.772345733642578125e+01
2.778942108154296875e+01
2.786471176147460938e+01
2.797757148742675781e+01
2.798161697387695312e+01
2.792930221557617188e+01
2.797827339172363281e+01
2.802317810058593750e+01
2.798373985290527344e+01
2.793496322631835938e+01
2.791697311401367188e+01
2.791282081604003906e+01
2.781208419799804688e+01
2.764079475402832031e+01
2.761038208007812500e+01
2.749543380737304688e+01
2.752060890197753906e+01
2.748082542419433594e+01
2.744000625610351562e+01
2.743401908874511719e+01
2.734131622314453125e+01
2.732749748229980469e+01
2.753384208679199219e+01
2.768146514892578125e+01
2.793402862548828125e+01
2.819451713562011719e+01
2.833644866943359375e+01
2.847376823425292969e+01
2.882870101928710938e+01
2.901607894897460938e+01
2.929186630249023438e+01
2.972726631164550781e+01
2.979195976257324219e+01
2.932015037536621094e+01
2.895809364318847656e+01
2.834809875488281250e+01
2.809702682495117188e+01
2.803710174560546875e+01
2.810389518737792969e+01
