3.198858642578125000e+01
3.172539710998535156e+01
3.161131858825683594e+01
3.195251464843750000e+01
3.248617935180664062e+01
3.280283355712890625e+01
3.255686950683593750e+01
3.212393569946289062e+01
3.206475067138671875e+01
3.209242248535156250e+01
3.149119567871093750e+01
3.121975708007812500e+01
3.120257759094238281e+01
3.121202087402343750e+01
3.144653320312500000e+01
3.189344215393066406e+01
3.184342575073242188e+01
3.160525894165039062e+01
3.165366363525390625e+01
3.202804946899414062e+01
3.230395889282226562e+01
3.275840759277343750e+01
3.273945236206054688e+01
3.261379623413085938e+01
3.257873916625976562e+01
3.257321929931640625e+01
3.267358779907226562e+01
3.291318511962890625e+01
3.298915863037109375e+01
3.287379837036132812e+01
3.281806182861328125e+01
3.282767868041992188e+01
3.280238723754882812e+01
3.277519226074218750e+01
3.273004913330078125e+01
3.259032440185546875e+01
3.247297286987304688e+01
3.257811355590820312e+01
3.247131347656250000e+01
3.250050735473632812e+01
3.238838195800781250e+01
3.237598419189453125e+01
3.276829910278320312e+01
3.287624740600585938e+01
3.296013641357421875e+01
3.285954284667968750e+01
3.281966781616210938e+01
3.253510665893554688e+01
3.241650009155273438e+01
3.247344970703125000e+01
3.243432998657226562e+01
3.274575424194335938e+01
3.313737487792968750e+01
3.343925476074218750e+01
3.333667373657226562e+01
3.336507034301757812e+01
3.359988403320312500e+01
3.326952743530273438e+01
3.316767501831054688e+01
3.303879928588867188e+01
3.302824783325195312e+01
3.304674911499023438e+01
3.282530975341796875e+01
3.238121414184570312e+01
3.193551826477050781e+01
3.209465026855468750e+01
3.227533721923828125e+01
3.238257980346679688e+01
3.228631210327148438e+01
3.205605316162109375e+01
3.204029464721679688e+01
3.187894630432128906e+01
3.180665588378906250e+01
3.221765518188476562e+01
3.261382675170898438e+01
3.266275787353515625e+01
3.267850875854492188e+01
3.289139938354492188e+01
3.273207473754882812e+01
3.326960372924804688e+01
3.340002441406250000e+01
3.332146072387695312e+01
3.329254150390625000e+01
3.322832107543945312e+01
3.326246261596679688e+01
3.309249114990234375e+01
3.281558990478515625e+01
3.236463546752929688e+01
3.253290176391601562e+01
3.271429443359375000e+01
3.287314987182617188e+01
3.295159912109375000e+01
3.307873535156250000e+01
3.314569473266601562e+01
3.349677658081054688e+01
3.364447021484375000e+01
3.357344818115234375e+01
3.361029052734375000e+01
3.370451354980468750e+01
3.364131164550781250e+01
3.375502014160156250e+01
3.368690872192382812e+01
3.282982635498046875e+01
3.233572769165039062e+01
