2.716442680358886719e+01
2.709989356994628906e+01
2.691951560974121094e+01
2.644103622436523438e+01
2.656953048706054688e+01
2.673216056823730469e+01
2.682987976074218750e+01
2.696852684020996094e+01
2.693979263305664062e+01
2.658114433288574219e+01
2.634689331054687500e+01
2.621328544616699219e+01
2.610464096069335938e+01
2.620433807373046875e+01
2.622618293762207031e+01
2.622399520874023438e+01
2.620157051086425781e+01
2.610630035400390625e+01
2.618857574462890625e+01
2.632142639160156250e+01
2.638519859313964844e+01
2.635244750976562500e+01
2.626543998718261719e+01
2.635932922363281250e+01
2.648421859741210938e+01
2.646546936035156250e+01
2.628706359863281250e+01
2.613793563842773438e+01
2.603930664062500000e+01
2.608119583129882812e+01
2.619321823120117188e+01
2.626255607604980469e+01
2.631650352478027344e+01
2.637020111083984375e+01
2.631185531616210938e+01
2.610028839111328125e+01
2.604878807067871094e+01
2.616736412048339844e+01
2.619007492065429688e+01
2.621371841430664062e+01
2.609845161437988281e+01
2.583321571350097656e+01
2.554726791381835938e+01
2.534421539306640625e+01
2.526543807983398438e+01
2.526651191711425781e+01
2.533946990966796875e+01
2.536293220520019531e+01
2.541916847229003906e+01
2.536788368225097656e+01
2.524670410156250000e+01
2.517794227600097656e+01
2.518732070922851562e+01
2.520412826538085938e+01
2.520821380615234375e+01
2.509319686889648438e+01
2.502270126342773438e+01
2.494100761413574219e+01
2.482274818420410156e+01
2.467352104187011719e+01
2.449426078796386719e+01
2.436869621276855469e+01
2.427093696594238281e+01
2.418071365356445312e+01
2.412315177917480469e+01
2.407378768920898438e+01
2.405368041992187500e+01
2.403945922851562500e+01
2.405517768859863281e+01
2.407240104675292969e+01
2.409436798095703125e+01
2.415362930297851562e+01
2.427982902526855469e+01
2.441280555725097656e+01
2.456527137756347656e+01
2.476651191711425781e+01
2.480937194824218750e+01
2.484288024902343750e+01
2.489093780517578125e+01
2.480920028686523438e+01
2.464360618591308594e+01
2.442779541015625000e+01
2.442922401428222656e+01
2.450469398498535156e+01
2.463327026367187500e+01
2.480574226379394531e+01
2.485493087768554688e+01
2.476681709289550781e+01
2.472731781005859375e+01
2.468997573852539062e+01
2.469757843017578125e+01
2.464596176147460938e+01
2.453626823425292969e+01
2.448348808288574219e+01
2.449491691589355469e+01
2.469587135314941406e+01
2.493236351013183594e+01
2.520543861389160156e+01
2.550916481018066406e+01
2.533245468139648438e+01
2.504616165161132812e+01
2.506442642211914062e+01
2.502513885498046875e+01
2.505812072753906250e+01
2.499970436096191406e+01
2.484287452697753906e+01
2.490368843078613281e+01
