3.038230514526367188e+01
3.134186553955078125e+01
3.179697799682617188e+01
3.208230590820312500e+01
3.205605316162109375e+01
3.214263153076171875e+01
3.239683151245117188e+01
3.238181304931640625e+01
3.226425933837890625e+01
3.220809936523437500e+01
3.241326904296875000e+01
3.254090499877929688e+01
3.249460601806640625e+01
3.246642684936523438e+01
3.267895126342773438e+01
3.273929977416992188e+01
3.261806869506835938e+01
3.231880569458007812e+01
3.200395202636718750e+01
3.166979789733886719e+01
3.177896499633789062e+01
3.211931991577148438e+01
3.269121551513671875e+01
3.296007537841796875e+01
3.288499450683593750e+01
3.263755798339843750e+01
3.242335891723632812e+01
3.235776519775390625e+01
3.246074676513671875e+01
3.252746582031250000e+01
3.247535324096679688e+01
3.246237945556640625e+01
3.265251541137695312e+01
3.268796157836914062e+01
3.271940231323242188e+01
3.268602371215820312e+01
3.272558212280273438e+01
3.264535140991210938e+01
3.253918075561523438e+01
3.244398117065429688e+01
3.238815307617187500e+01
3.235119247436523438e+01
3.231492996215820312e+01
3.216306304931640625e+01
3.214837265014648438e+01
3.213222885131835938e+01
3.218273925781250000e+01
3.222297668457031250e+01
3.216818237304687500e+01
3.203437042236328125e+01
3.194470024108886719e+01
3.183197402954101562e+01
3.177983474731445312e+01
3.179853248596191406e+01
3.178534317016601562e+01
3.176288414001464844e+01
3.180889892578125000e+01
3.189698600769042969e+01
3.196371650695800781e+01
3.205698394775390625e+01
3.209315109252929688e+01
3.209142684936523438e+01
3.214499282836914062e+01
3.221853256225585938e+01
3.216256713867187500e+01
3.198988342285156250e+01
3.201906967163085938e+01
3.202532196044921875e+01
3.193568420410156250e+01
3.189674949645996094e+01
3.182635879516601562e+01
3.177812576293945312e+01
3.184270286560058594e+01
3.197956848144531250e+01
3.195416069030761719e+01
3.185691833496093750e+01
3.181711959838867188e+01
3.177077865600585938e+01
3.167993545532226562e+01
3.161275672912597656e+01
3.158271408081054688e+01
3.158869361877441406e+01
3.154545211791992188e+01
3.141044616699218750e+01
3.154189109802246094e+01
3.168338394165039062e+01
3.174002647399902344e+01
3.159399223327636719e+01
3.150962066650390625e+01
3.147838020324707031e+01
3.160796928405761719e+01
3.176633453369140625e+01
3.190174865722656250e+01
3.190518188476562500e+01
3.172408676147460938e+01
3.169305801391601562e+01
3.190194320678710938e+01
3.206485366821289062e+01
3.225090408325195312e+01
3.250695419311523438e+01
