3.012488555908203125e+01
2.952829742431640625e+01
2.875539970397949219e+01
2.852368736267089844e+01
2.874014091491699219e+01
2.913017082214355469e+01
2.939276123046875000e+01
2.961759948730468750e+01
2.971353912353515625e+01
2.960186386108398438e+01
2.955051994323730469e+01
2.941392135620117188e+01
2.906289863586425781e+01
2.871146011352539062e+01
2.865962219238281250e+01
2.884884262084960938e+01
2.890461158752441406e+01
2.900484657287597656e+01
2.911294364929199219e+01
2.928854942321777344e+01
2.946846580505371094e+01
2.965017127990722656e+01
2.966660308837890625e+01
2.961759948730468750e+01
2.948784828186035156e+01
2.948479461669921875e+01
2.941109848022460938e+01
2.922964477539062500e+01
2.929359626770019531e+01
2.961750793457031250e+01
2.999841499328613281e+01
3.044023132324218750e+01
3.060866928100585938e+01
3.075422477722167969e+01
3.091875839233398438e+01
3.080287933349609375e+01
3.070086479187011719e+01
3.055291938781738281e+01
3.048682022094726562e+01
3.027522087097167969e+01
2.990584945678710938e+01
2.954689598083496094e+01
2.955821800231933594e+01
2.978664398193359375e+01
3.017408180236816406e+01
3.036540603637695312e+01
3.049423599243164062e+01
3.075915145874023438e+01
3.106572151184082031e+01
3.139722442626953125e+01
3.155970191955566406e+01
3.144802284240722656e+01
3.128450584411621094e+01
3.120015525817871094e+01
3.106674575805664062e+01
3.089319419860839844e+01
3.083277130126953125e+01
3.099086189270019531e+01
3.121110534667968750e+01
3.131985473632812500e+01
3.125679397583007812e+01
3.120004081726074219e+01
3.130809211730957031e+01
3.134525489807128906e+01
3.131336402893066406e+01
3.128524398803710938e+01
3.124315643310546875e+01
3.128562736511230469e+01
3.139324378967285156e+01
3.127789306640625000e+01
3.101436233520507812e+01
3.082999420166015625e+01
3.082362937927246094e+01
3.099857139587402344e+01
3.114668464660644531e+01
3.110035514831542969e+01
3.092071723937988281e+01
3.089301872253417969e+01
3.071043395996093750e+01
3.037751197814941406e+01
3.023561668395996094e+01
3.039193725585937500e+01
3.065607643127441406e+01
3.084634208679199219e+01
3.084517860412597656e+01
3.098471069335937500e+01
3.131118202209472656e+01
3.132572937011718750e+01
3.126892852783203125e+01
3.101273155212402344e+01
3.095684623718261719e+01
3.102459526062011719e+01
3.100440406799316406e+01
3.106015396118164062e+01
3.103649139404296875e+01
3.098747634887695312e+01
3.086486434936523438e+01
3.094960212707519531e+01
3.083431625366210938e+01
3.078593063354492188e+01
3.094362258911132812e+01
3.075269508361816406e+01
3.059299278259277344e+01
3.014846611022949219e+01
