3.298251724243164062e+01
3.333552932739257812e+01
3.354951858520507812e+01
3.357292175292968750e+01
3.357787322998046875e+01
3.269489669799804688e+01
3.217545700073242188e+01
3.226230621337890625e+01
3.232838821411132812e+01
3.254296875000000000e+01
3.259443664550781250e+01
3.235181427001953125e+01
3.225677108764648438e+01
3.212020874023437500e+01
3.193693733215332031e+01
3.209978103637695312e+01
3.199254226684570312e+01
3.163921546936035156e+01
3.139462661743164062e+01
3.124201011657714844e+01
3.130931472778320312e+01
3.140568542480468750e+01
3.148412513732910156e+01
3.140818023681640625e+01
3.129906463623046875e+01
3.141291046142578125e+01
3.145951271057128906e+01
3.151096725463867188e+01
3.143275070190429688e+01
3.127653694152832031e+01
3.123868179321289062e+01
3.125529861450195312e+01
3.126058959960937500e+01
3.135177040100097656e+01
3.154526519775390625e+01
3.170172309875488281e+01
3.178674316406250000e+01
3.177117538452148438e+01
3.168277359008789062e+01
3.173122596740722656e+01
3.202310943603515625e+01
3.244944381713867188e+01
3.260018539428710938e+01
3.259203338623046875e+01
3.248328018188476562e+01
3.239397430419921875e+01
3.264388275146484375e+01
3.309743881225585938e+01
3.393272018432617188e+01
3.373442077636718750e+01
3.345827865600585938e+01
3.317615127563476562e+01
3.304494094848632812e+01
3.273110198974609375e+01
3.250508499145507812e+01
3.237018203735351562e+01
3.239210128784179688e+01
3.254295730590820312e+01
3.274962997436523438e+01
3.303197860717773438e+01
3.280591201782226562e+01
3.224511718750000000e+01
3.204632186889648438e+01
3.213639068603515625e+01
3.226487350463867188e+01
3.220190429687500000e+01
3.203676986694335938e+01
3.178791809082031250e+01
3.177813148498535156e+01
3.170692062377929688e+01
3.162025642395019531e+01
3.159293746948242188e+01
3.160543441772460938e+01
3.160024070739746094e+01
3.152352523803710938e+01
3.139253616333007812e+01
3.132790756225585938e+01
3.126698684692382812e+01
3.137751770019531250e+01
3.157895088195800781e+01
3.176590156555175781e+01
3.202873992919921875e+01
3.271585845947265625e+01
3.361507797241210938e+01
3.355226516723632812e+01
3.322610092163085938e+01
3.297254562377929688e+01
3.286541748046875000e+01
3.250376129150390625e+01
3.229172134399414062e+01
3.264612197875976562e+01
3.275994110107421875e+01
3.256527328491210938e+01
3.225925445556640625e+01
3.241108703613281250e+01
3.302076721191406250e+01
3.351058959960937500e+01
3.362358093261718750e+01
3.422564315795898438e+01
3.456621551513671875e+01
3.414388275146484375e+01
3.390576171875000000e+01
3.318297576904296875e+01
3.349169540405273438e+01
3.492387008666992188e+01
