2.730902290344238281e+01
2.772574424743652344e+01
2.823964691162109375e+01
2.792199707031250000e+01
2.846081161499023438e+01
2.941830635070800781e+01
2.882873153686523438e+01
2.893902587890625000e+01
2.953966140747070312e+01
2.959757995605468750e+01
2.939050292968750000e+01
2.942362594604492188e+01
2.933052635192871094e+01
2.915151405334472656e+01
2.949031639099121094e+01
3.011615180969238281e+01
3.015687942504882812e+01
3.021904182434082031e+01
3.039881706237792969e+01
3.047071647644042969e+01
3.046867179870605469e+01
3.015074348449707031e+01
3.037950897216796875e+01
3.106802558898925781e+01
3.161541175842285156e+01
3.142479133605957031e+01
3.128733062744140625e+01
3.109443473815917969e+01
3.072836303710937500e+01
3.035459327697753906e+01
3.027253341674804688e+01
3.020525169372558594e+01
3.014832115173339844e+01
2.971747779846191406e+01
2.793894958496093750e+01
2.763880348205566406e+01
2.774827766418457031e+01
2.820097732543945312e+01
2.857652091979980469e+01
2.869840240478515625e+01
2.918929672241210938e+01
2.932707405090332031e+01
2.912458992004394531e+01
2.861778450012207031e+01
2.878798484802246094e+01
2.909346961975097656e+01
2.959686279296875000e+01
3.038119697570800781e+01
3.073390960693359375e+01
3.095813751220703125e+01
3.085289192199707031e+01
3.022029876708984375e+01
2.958563613891601562e+01
2.991483116149902344e+01
3.048630714416503906e+01
3.053434562683105469e+01
3.050988769531250000e+01
3.042578125000000000e+01
3.063586425781250000e+01
3.072204971313476562e+01
3.080325317382812500e+01
3.082901573181152344e+01
3.066160964965820312e+01
3.059827804565429688e+01
3.051464080810546875e+01
3.057425880432128906e+01
3.041157531738281250e+01
3.066825103759765625e+01
3.057582664489746094e+01
3.041603279113769531e+01
3.022975540161132812e+01
3.012729454040527344e+01
2.998114013671875000e+01
2.994880294799804688e+01
3.014230346679687500e+01
3.037243270874023438e+01
3.037029647827148438e+01
3.042871284484863281e+01
3.038391113281250000e+01
2.992704010009765625e+01
2.932545089721679688e+01
2.946495246887207031e+01
2.956218338012695312e+01
2.924433326721191406e+01
2.905270385742187500e+01
2.891133689880371094e+01
2.870871543884277344e+01
2.874766349792480469e+01
2.918320274353027344e+01
2.950584793090820312e+01
2.930899047851562500e+01
2.905203437805175781e+01
2.968085861206054688e+01
3.005896759033203125e+01
2.967060661315917969e+01
2.907296371459960938e+01
2.896633911132812500e+01
2.891020965576171875e+01
2.945866203308105469e+01
3.005761146545410156e+01
3.014829063415527344e+01
3.008218383789062500e+01
2.992689132690429688e+01
2.998799705505371094e+01
3.002848052978515625e+01
3.036253547668457031e+01
3.096714782714843750e+01
3.173428153991699219e+01
3.197274398803710938e+01
3.142389106750488281e+01
2.885496330261230469e+01
