3.451593780517578125e+01
3.413812637329101562e+01
3.434174728393554688e+01
3.478628921508789062e+01
3.488336944580078125e+01
3.483388137817382812e+01
3.481541824340820312e+01
3.482952880859375000e+01
3.490755844116210938e+01
3.475573730468750000e+01
3.444096755981445312e+01
3.419172668457031250e+01
3.411843490600585938e+01
3.414509963989257812e+01
3.437172317504882812e+01
3.480262756347656250e+01
3.529265594482421875e+01
3.516774368286132812e+01
3.501011276245117188e+01
3.497951507568359375e+01
3.506821441650390625e+01
3.502484130859375000e+01
3.490833282470703125e+01
3.498516082763671875e+01
3.496672439575195312e+01
3.503901672363281250e+01
3.526079177856445312e+01
3.540028381347656250e+01
3.516968536376953125e+01
3.503046798706054688e+01
3.487352371215820312e+01
3.469974517822265625e+01
3.489679336547851562e+01
3.523057556152343750e+01
3.539740753173828125e+01
3.541044998168945312e+01
3.547076416015625000e+01
3.551687240600585938e+01
3.549615859985351562e+01
3.544956588745117188e+01
3.536947631835937500e+01
3.521500778198242188e+01
3.506972122192382812e+01
3.494083786010742188e+01
3.497161102294921875e+01
3.512091064453125000e+01
3.533342361450195312e+01
3.606678009033203125e+01
3.681546401977539062e+01
3.693685150146484375e+01
3.696885681152343750e+01
3.661952209472656250e+01
3.593687438964843750e+01
3.553266143798828125e+01
3.524753189086914062e+01
3.502163314819335938e+01
3.490830993652343750e+01
3.491968917846679688e+01
3.499672698974609375e+01
3.529227828979492188e+01
3.570071029663085938e+01
3.594799423217773438e+01
3.612288665771484375e+01
3.613905334472656250e+01
3.589846420288085938e+01
3.613168334960937500e+01
3.653148269653320312e+01
3.653556823730468750e+01
3.658732604980468750e+01
3.666234207153320312e+01
3.685965347290039062e+01
3.700766754150390625e+01
3.707612609863281250e+01
3.694294738769531250e+01
3.678610610961914062e+01
3.597032165527343750e+01
3.540269851684570312e+01
3.554412078857421875e+01
3.574969100952148438e+01
3.563295745849609375e+01
3.549578094482421875e+01
3.552919769287109375e+01
3.595579528808593750e+01
3.590275573730468750e+01
3.574259185791015625e+01
3.584471893310546875e+01
3.592797470092773438e+01
3.594815444946289062e+01
3.580394744873046875e+01
3.578821182250976562e+01
3.614934921264648438e+01
3.664321136474609375e+01
