3.294268798828125000e+01
3.289270782470703125e+01
3.280752944946289062e+01
3.273621368408203125e+01
3.275046157836914062e+01
3.256446075439453125e+01
3.226719284057617188e+01
3.219828796386718750e+01
3.261633682250976562e+01
3.274719619750976562e+01
3.266263961791992188e+01
3.228249359130859375e+01
3.219745635986328125e+01
3.220178604125976562e+01
3.227170181274414062e+01
3.232888412475585938e+01
3.240415954589843750e+01
3.214322662353515625e+01
3.196617698669433594e+01
3.195255470275878906e+01
3.215171432495117188e+01
3.219109725952148438e+01
3.250833892822265625e+01
3.282431411743164062e+01
3.372833633422851562e+01
3.562661361694335938e+01
3.601541519165039062e+01
3.637382888793945312e+01
3.513957595825195312e+01
3.351855087280273438e+01
3.336656188964843750e+01
3.358263015747070312e+01
3.367628860473632812e+01
3.360066604614257812e+01
3.351847076416015625e+01
3.335837173461914062e+01
3.434378814697265625e+01
3.472706985473632812e+01
3.487700271606445312e+01
3.568399047851562500e+01
3.414379882812500000e+01
3.291784667968750000e+01
3.253197860717773438e+01
3.213392257690429688e+01
3.194852828979492188e+01
3.183428001403808594e+01
3.211410140991210938e+01
3.211152267456054688e+01
3.226744842529296875e+01
3.242599868774414062e+01
3.263677215576171875e+01
3.265170288085937500e+01
3.261514282226562500e+01
3.251203918457031250e+01
3.219302368164062500e+01
3.195669937133789062e+01
3.241676712036132812e+01
3.304082107543945312e+01
3.317458724975585938e+01
3.288396835327148438e+01
3.265802383422851562e+01
3.231653213500976562e+01
3.209101486206054688e+01
3.300490188598632812e+01
3.343210983276367188e+01
3.406864547729492188e+01
3.429286193847656250e+01
3.413809967041015625e+01
3.385052871704101562e+01
3.439712524414062500e+01
3.556540679931640625e+01
3.602210617065429688e+01
3.635081100463867188e+01
3.601634979248046875e+01
3.597477340698242188e+01
3.648821258544921875e+01
3.678691864013671875e+01
3.689255142211914062e+01
3.674294281005859375e+01
3.656430053710937500e+01
3.645445251464843750e+01
3.549194717407226562e+01
3.445257186889648438e+01
3.318143844604492188e+01
3.331697463989257812e+01
3.370933151245117188e+01
3.378339767456054688e+01
3.371612548828125000e+01
3.344448089599609375e+01
3.293059539794921875e+01
3.287300109863281250e+01
3.294791793823242188e+01
3.322286605834960938e+01
3.340769958496093750e+01
3.347536849975585938e+01
3.349840927124023438e+01
3.327354049682617188e+01
3.290307617187500000e+01
3.277998733520507812e+01
3.291987228393554688e+01
3.313306427001953125e+01
3.351605987548828125e+01
3.392566299438476562e+01
3.396401596069335938e+01
3.395235824584960938e+01
