3.058086013793945312e+01
2.983715629577636719e+01
3.010058403015136719e+01
3.023247909545898438e+01
3.019722557067871094e+01
3.019022750854492188e+01
3.018934440612792969e+01
3.028687477111816406e+01
3.019379806518554688e+01
3.006481552124023438e+01
2.983498573303222656e+01
2.974541282653808594e+01
2.982619094848632812e+01
3.020795822143554688e+01
3.073647689819335938e+01
3.079439163208007812e+01
3.088703346252441406e+01
3.111029624938964844e+01
3.116787719726562500e+01
3.104006576538085938e+01
3.104850578308105469e+01
3.108629989624023438e+01
3.075107574462890625e+01
3.072154426574707031e+01
3.090180206298828125e+01
3.079530143737792969e+01
3.060754013061523438e+01
2.999371719360351562e+01
2.986700439453125000e+01
2.970663833618164062e+01
2.966365432739257812e+01
2.958601379394531250e+01
2.952952575683593750e+01
2.959354400634765625e+01
2.974251556396484375e+01
2.980081748962402344e+01
2.983399581909179688e+01
2.997294616699218750e+01
3.017920875549316406e+01
3.043300628662109375e+01
3.067300605773925781e+01
3.063501358032226562e+01
3.034349632263183594e+01
3.005365753173828125e+01
3.012579727172851562e+01
3.045063209533691406e+01
3.051764869689941406e+01
3.022156333923339844e+01
3.021534729003906250e+01
3.011726188659667969e+01
3.020889091491699219e+01
3.030249404907226562e+01
3.054596138000488281e+01
3.076110649108886719e+01
3.108246994018554688e+01
3.098243141174316406e+01
3.097314453125000000e+01
3.112000656127929688e+01
3.133982467651367188e+01
3.140275955200195312e+01
3.159445190429687500e+01
3.184197425842285156e+01
3.195676803588867188e+01
3.223653030395507812e+01
3.227524185180664062e+01
3.189929199218750000e+01
3.125825309753417969e+01
3.109789848327636719e+01
3.158086013793945312e+01
3.181134986877441406e+01
3.175389862060546875e+01
3.159788131713867188e+01
3.143887329101562500e+01
3.122769737243652344e+01
3.116011619567871094e+01
3.110277938842773438e+01
3.099670410156250000e+01
3.086081504821777344e+01
3.094668960571289062e+01
3.114212036132812500e+01
3.128351211547851562e+01
3.144900512695312500e+01
3.150284194946289062e+01
3.139328956604003906e+01
3.136464500427246094e+01
3.150353240966796875e+01
3.160571098327636719e+01
3.182734870910644531e+01
3.195774459838867188e+01
3.208338928222656250e+01
3.209124374389648438e+01
3.206908035278320312e+01
3.194545745849609375e+01
3.173720359802246094e+01
3.166263771057128906e+01
3.176898765563964844e+01
3.180894851684570312e+01
3.183204460144042969e+01
3.201210784912109375e+01
3.259911727905273438e+01
3.278253555297851562e+01
3.247936248779296875e+01
3.288745117187500000e+01
3.334113311767578125e+01
3.316931533813476562e+01
