3.449999237060546875e+01
3.584296035766601562e+01
3.579642868041992188e+01
3.600758743286132812e+01
3.656077575683593750e+01
3.664293670654296875e+01
3.639073181152343750e+01
3.624011993408203125e+01
3.598718643188476562e+01
3.616808700561523438e+01
3.649279022216796875e+01
3.659487533569335938e+01
3.655019760131835938e+01
3.650928878784179688e+01
3.634355545043945312e+01
3.601023101806640625e+01
3.589340209960937500e+01
3.595564651489257812e+01
3.597946548461914062e+01
3.590152359008789062e+01
3.521420288085937500e+01
3.430038070678710938e+01
3.348281478881835938e+01
3.308981704711914062e+01
3.327687454223632812e+01
3.344451141357421875e+01
3.368072509765625000e+01
3.434265899658203125e+01
3.528751754760742188e+01
3.536961364746093750e+01
3.566419601440429688e+01
3.573939514160156250e+01
3.560569763183593750e+01
3.626730346679687500e+01
3.598954772949218750e+01
3.534308624267578125e+01
3.480795288085937500e+01
3.455650711059570312e+01
3.448242187500000000e+01
3.437840652465820312e+01
3.406062698364257812e+01
3.387395858764648438e+01
3.408520126342773438e+01
3.429893875122070312e+01
3.414974212646484375e+01
3.380994415283203125e+01
3.387970352172851562e+01
3.426821899414062500e+01
3.438804244995117188e+01
3.435665512084960938e+01
3.461735534667968750e+01
3.471778488159179688e+01
3.407416534423828125e+01
3.375265121459960938e+01
3.367323684692382812e+01
3.348985290527343750e+01
3.300792312622070312e+01
3.266332626342773438e+01
3.267736434936523438e+01
3.269151306152343750e+01
3.261513900756835938e+01
3.245985031127929688e+01
3.246788787841796875e+01
3.255834579467773438e+01
3.258925628662109375e+01
3.285726928710937500e+01
3.311269760131835938e+01
3.317944717407226562e+01
3.326116180419921875e+01
3.343035125732421875e+01
3.353042221069335938e+01
3.335329818725585938e+01
3.297222900390625000e+01
3.285041427612304688e+01
3.281583404541015625e+01
3.298274993896484375e+01
3.350353240966796875e+01
3.398830032348632812e+01
3.389842987060546875e+01
3.349622344970703125e+01
3.346220397949218750e+01
3.379818725585937500e+01
3.383328628540039062e+01
3.400347518920898438e+01
3.416678619384765625e+01
3.421223068237304688e+01
3.401333618164062500e+01
3.361428833007812500e+01
3.374649047851562500e+01
3.397366333007812500e+01
3.417148971557617188e+01
3.393707275390625000e+01
3.415381622314453125e+01
3.466756439208984375e+01
3.482374572753906250e+01
3.448952484130859375e+01
3.401822280883789062e+01
3.413408279418945312e+01
3.442696380615234375e+01
3.475429916381835938e+01
3.517165374755859375e+01
3.550612640380859375e+01
