2.414288139343261719e+01
2.467748641967773438e+01
2.476374244689941406e+01
2.474203300476074219e+01
2.476020050048828125e+01
2.477826499938964844e+01
2.490619468688964844e+01
2.508797645568847656e+01
2.536598205566406250e+01
2.551499176025390625e+01
2.547747802734375000e+01
2.557996368408203125e+01
2.547352409362792969e+01
2.539056587219238281e+01
2.528565979003906250e+01
2.536900329589843750e+01
2.552082252502441406e+01
2.564649963378906250e+01
2.578155136108398438e+01
2.591750907897949219e+01
2.585677337646484375e+01
2.504126358032226562e+01
2.430154228210449219e+01
2.425117683410644531e+01
2.443634986877441406e+01
2.494114494323730469e+01
2.508068847656250000e+01
2.511692237854003906e+01
2.501828956604003906e+01
2.486036491394042969e+01
2.478816413879394531e+01
2.483600997924804688e+01
2.485279083251953125e+01
2.494246292114257812e+01
2.513419723510742188e+01
2.527370452880859375e+01
2.523214912414550781e+01
2.521242332458496094e+01
2.520253944396972656e+01
2.519730758666992188e+01
2.517860984802246094e+01
2.518553161621093750e+01
2.521067047119140625e+01
2.521417427062988281e+01
2.522278022766113281e+01
2.523047447204589844e+01
2.524822998046875000e+01
2.530635452270507812e+01
2.524451637268066406e+01
2.518625259399414062e+01
2.515053749084472656e+01
2.512066268920898438e+01
2.513530158996582031e+01
2.513891601562500000e+01
2.514098167419433594e+01
2.509106063842773438e+01
2.507902336120605469e+01
2.507664108276367188e+01
2.499176788330078125e+01
2.497079467773437500e+01
2.500785255432128906e+01
2.515791130065917969e+01
2.539265823364257812e+01
2.552073097229003906e+01
2.553092956542968750e+01
2.545670509338378906e+01
2.544048118591308594e+01
2.552977180480957031e+01
2.559928512573242188e+01
2.559541320800781250e+01
2.563827705383300781e+01
2.567760658264160156e+01
2.560651779174804688e+01
2.562393569946289062e+01
2.579137611389160156e+01
2.595871543884277344e+01
2.609883880615234375e+01
2.607478141784667969e+01
2.609220695495605469e+01
2.610810470581054688e+01
2.600973510742187500e+01
2.596169853210449219e+01
2.573637390136718750e+01
2.564551544189453125e+01
2.552371978759765625e+01
2.537518692016601562e+01
2.538392829895019531e+01
2.537873649597167969e+01
2.546697998046875000e+01
2.543054199218750000e+01
2.539700889587402344e+01
2.529199218750000000e+01
2.517440795898437500e+01
2.504338836669921875e+01
2.482966995239257812e+01
2.471453094482421875e+01
