3.419662857055664062e+01
3.517264175415039062e+01
3.460013198852539062e+01
3.440108108520507812e+01
3.473438644409179688e+01
3.658858489990234375e+01
3.678934478759765625e+01
3.536579513549804688e+01
3.473372268676757812e+01
3.441290283203125000e+01
3.462607192993164062e+01
3.656689071655273438e+01
3.751073837280273438e+01
3.734478378295898438e+01
3.665667343139648438e+01
3.628076553344726562e+01
3.647546386718750000e+01
3.675761413574218750e+01
3.644851303100585938e+01
3.623361206054687500e+01
3.609225463867187500e+01
3.594833755493164062e+01
3.594532775878906250e+01
3.583481979370117188e+01
3.560264587402343750e+01
3.489920806884765625e+01
3.473523712158203125e+01
3.498712158203125000e+01
3.587939834594726562e+01
3.544344711303710938e+01
3.502132415771484375e+01
3.537090301513671875e+01
3.567728805541992188e+01
3.580933761596679688e+01
3.584547424316406250e+01
3.585242462158203125e+01
3.608741378784179688e+01
3.600333786010742188e+01
3.643377304077148438e+01
3.642562103271484375e+01
3.653397369384765625e+01
3.654933166503906250e+01
3.706334304809570312e+01
3.714596557617187500e+01
3.705611419677734375e+01
3.700247955322265625e+01
3.685947799682617188e+01
3.669829559326171875e+01
3.586176300048828125e+01
3.529711151123046875e+01
3.509708404541015625e+01
3.552722167968750000e+01
3.554804611206054688e+01
3.511136245727539062e+01
3.477753829956054688e+01
3.456278991699218750e+01
3.513441848754882812e+01
3.570552062988281250e+01
3.605434417724609375e+01
3.599109649658203125e+01
3.608028793334960938e+01
3.600745773315429688e+01
3.656739425659179688e+01
3.673035430908203125e+01
3.663431549072265625e+01
3.614879608154296875e+01
3.588220596313476562e+01
3.552360153198242188e+01
3.570908355712890625e+01
3.592953872680664062e+01
3.625387191772460938e+01
3.682196807861328125e+01
3.665484619140625000e+01
3.662170791625976562e+01
3.684947586059570312e+01
3.700331878662109375e+01
3.726006698608398438e+01
3.705561447143554688e+01
3.669082260131835938e+01
3.625127410888671875e+01
3.616658401489257812e+01
3.619213485717773438e+01
3.642544174194335938e+01
3.656749343872070312e+01
3.673210144042968750e+01
3.628140258789062500e+01
3.578520202636718750e+01
3.559179687500000000e+01
3.599042129516601562e+01
3.655699539184570312e+01
3.677130889892578125e+01
3.692490386962890625e+01
3.701005554199218750e+01
3.580210494995117188e+01
3.525220108032226562e+01
3.491129684448242188e+01
3.444805908203125000e+01
3.530540847778320312e+01
3.635697937011718750e+01
3.648943328857421875e+01
3.627844238281250000e+01
3.538666534423828125e+01
