2.809732437133789062e+01
2.826198196411132812e+01
2.855580711364746094e+01
2.874832344055175781e+01
2.864575195312500000e+01
2.847488975524902344e+01
2.826042366027832031e+01
2.813897895812988281e+01
2.803609466552734375e+01
2.778895187377929688e+01
2.731908607482910156e+01
2.760651016235351562e+01
2.785704040527343750e+01
2.792726707458496094e+01
2.793777656555175781e+01
2.776963615417480469e+01
2.756737327575683594e+01
2.773845291137695312e+01
2.829024505615234375e+01
2.868894767761230469e+01
2.891097640991210938e+01
2.900524711608886719e+01
2.903377151489257812e+01
2.894611740112304688e+01
2.868168449401855469e+01
2.860556602478027344e+01
2.858697509765625000e+01
2.854599380493164062e+01
2.861987113952636719e+01
2.881399536132812500e+01
2.870380401611328125e+01
2.848951148986816406e+01
2.838021850585937500e+01
2.843786811828613281e+01
2.847331237792968750e+01
2.855217552185058594e+01
2.883226013183593750e+01
2.910024261474609375e+01
2.944985771179199219e+01
2.947170829772949219e+01
2.962980651855468750e+01
2.978446006774902344e+01
2.984152793884277344e+01
2.973937416076660156e+01
2.956804466247558594e+01
2.955056571960449219e+01
2.978710556030273438e+01
2.958387374877929688e+01
2.921043014526367188e+01
2.894706153869628906e+01
2.885568618774414062e+01
2.866171073913574219e+01
2.855818367004394531e+01
2.849846076965332031e+01
2.845940208435058594e+01
2.844437217712402344e+01
2.844575691223144531e+01
2.856669616699218750e+01
2.887072372436523438e+01
2.922772026062011719e+01
2.944502258300781250e+01
2.935319137573242188e+01
2.915612220764160156e+01
2.879743385314941406e+01
2.851716423034667969e+01
2.836819648742675781e+01
2.830590629577636719e+01
2.836016464233398438e+01
2.842604637145996094e+01
2.851493072509765625e+01
2.863707351684570312e+01
2.873863220214843750e+01
2.869500732421875000e+01
2.859379768371582031e+01
2.856310272216796875e+01
2.854991722106933594e+01
2.855264091491699219e+01
2.851531028747558594e+01
2.845608711242675781e+01
2.835524559020996094e+01
2.824638748168945312e+01
2.824711799621582031e+01
2.834538078308105469e+01
2.844995307922363281e+01
2.844441413879394531e+01
2.837297630310058594e+01
2.826860618591308594e+01
2.817919731140136719e+01
2.816245079040527344e+01
2.814656066894531250e+01
2.817814064025878906e+01
2.818752670288085938e+01
2.823298263549804688e+01
2.826112747192382812e+01
2.819089126586914062e+01
2.787396430969238281e+01
2.750273895263671875e+01
2.739124870300292969e+01
2.763215255737304688e+01
2.792792510986328125e+01
2.827745628356933594e+01
2.875818061828613281e+01
2.916025543212890625e+01
2.911066055297851562e+01
2.908994674682617188e+01
2.908609771728515625e+01
