2.849954223632812500e+01
2.770177841186523438e+01
2.736073303222656250e+01
2.729075622558593750e+01
2.744776916503906250e+01
2.740681076049804688e+01
2.710617828369140625e+01
2.701330375671386719e+01
2.705126571655273438e+01
2.715322685241699219e+01
2.716916465759277344e+01
2.728482246398925781e+01
2.723664474487304688e+01
2.736761665344238281e+01
2.758539199829101562e+01
2.782988739013671875e+01
2.794906234741210938e+01
2.798161697387695312e+01
2.811160087585449219e+01
2.832478904724121094e+01
2.835546875000000000e+01
2.827978134155273438e+01
2.819051933288574219e+01
2.805155563354492188e+01
2.794404983520507812e+01
2.792148971557617188e+01
2.796678161621093750e+01
2.802337265014648438e+01
2.803858375549316406e+01
2.808088302612304688e+01
2.811415863037109375e+01
2.813177108764648438e+01
2.804883003234863281e+01
2.801289749145507812e+01
2.802133560180664062e+01
2.798962211608886719e+01
2.807260513305664062e+01
2.821571922302246094e+01
2.818488502502441406e+01
2.824190139770507812e+01
2.820989990234375000e+01
2.819780731201171875e+01
2.816654014587402344e+01
2.838641357421875000e+01
2.853992843627929688e+01
2.864133834838867188e+01
2.859888839721679688e+01
2.862950325012207031e+01
2.868926239013671875e+01
2.805856513977050781e+01
2.794382667541503906e+01
2.844825172424316406e+01
2.879684638977050781e+01
2.899201202392578125e+01
2.875775909423828125e+01
2.794772911071777344e+01
2.783134651184082031e+01
2.794921302795410156e+01
2.787457656860351562e+01
2.800791168212890625e+01
2.806128311157226562e+01
2.813925552368164062e+01
2.831844902038574219e+01
2.853871536254882812e+01
2.893597793579101562e+01
2.938110733032226562e+01
2.960174369812011719e+01
2.924571228027343750e+01
2.928737258911132812e+01
2.923920822143554688e+01
2.901174926757812500e+01
2.900345611572265625e+01
2.883542060852050781e+01
2.859742164611816406e+01
2.856044006347656250e+01
2.840447807312011719e+01
2.828753280639648438e+01
2.824735832214355469e+01
2.822587394714355469e+01
2.830729103088378906e+01
2.843001937866210938e+01
2.830431747436523438e+01
2.821783447265625000e+01
2.810482597351074219e+01
2.798965644836425781e+01
2.791791152954101562e+01
2.796541595458984375e+01
2.794723892211914062e+01
2.776165199279785156e+01
2.749274253845214844e+01
2.742960929870605469e+01
2.763817787170410156e+01
2.769136619567871094e+01
2.756010246276855469e+01
2.755860137939453125e+01
2.762605476379394531e+01
2.746128273010253906e+01
2.734313392639160156e+01
2.730356979370117188e+01
2.717377281188964844e+01
2.715142631530761719e+01
2.717746543884277344e+01
2.743544769287109375e+01
2.770051956176757812e+01
2.736696624755859375e+01
2.801011657714843750e+01
2.859529113769531250e+01
