2.736257553100585938e+01
2.729693222045898438e+01
2.691036605834960938e+01
2.662045860290527344e+01
2.669400596618652344e+01
2.671944999694824219e+01
2.698031425476074219e+01
2.718359756469726562e+01
2.728827285766601562e+01
2.733490753173828125e+01
2.741936111450195312e+01
2.767149734497070312e+01
2.789793777465820312e+01
2.773531341552734375e+01
2.712393379211425781e+01
2.712875938415527344e+01
2.718643951416015625e+01
2.722782325744628906e+01
2.721000099182128906e+01
2.709139060974121094e+01
2.700853538513183594e+01
2.706120872497558594e+01
2.705539703369140625e+01
2.682785034179687500e+01
2.676265525817871094e+01
2.686442184448242188e+01
2.701849555969238281e+01
2.710149765014648438e+01
2.709701728820800781e+01
2.695558547973632812e+01
2.685269737243652344e+01
2.687673759460449219e+01
2.688575172424316406e+01
2.683973312377929688e+01
2.665014839172363281e+01
2.657980155944824219e+01
2.665086746215820312e+01
2.675456047058105469e+01
2.688465690612792969e+01
2.681172180175781250e+01
2.681604957580566406e+01
2.668457031250000000e+01
2.642532730102539062e+01
2.622665405273437500e+01
2.601866531372070312e+01
2.593205261230468750e+01
2.594944572448730469e+01
2.590824890136718750e+01
2.585130882263183594e+01
2.579598617553710938e+01
2.579164123535156250e+01
2.589984130859375000e+01
2.597667694091796875e+01
2.604826927185058594e+01
2.617617034912109375e+01
2.630678558349609375e+01
2.633276176452636719e+01
2.632585334777832031e+01
2.632042503356933594e+01
2.635787582397460938e+01
2.631040382385253906e+01
2.621679306030273438e+01
2.612579536437988281e+01
2.602761840820312500e+01
2.597144889831542969e+01
2.585597991943359375e+01
2.579118156433105469e+01
2.579011726379394531e+01
2.585908126831054688e+01
2.595536041259765625e+01
2.601057815551757812e+01
2.608168792724609375e+01
2.616889572143554688e+01
2.627777671813964844e+01
2.631366539001464844e+01
2.635128402709960938e+01
2.633056831359863281e+01
2.632010078430175781e+01
2.636623191833496094e+01
2.645649719238281250e+01
2.644801902770996094e+01
2.631863594055175781e+01
2.634445381164550781e+01
2.639018630981445312e+01
2.641112899780273438e+01
2.656468200683593750e+01
2.669505310058593750e+01
2.688494300842285156e+01
2.698532104492187500e+01
2.704461097717285156e+01
2.693406105041503906e+01
2.699179649353027344e+01
2.687864112854003906e+01
2.675510978698730469e+01
2.675626945495605469e+01
2.661101341247558594e+01
2.625035476684570312e+01
2.607456207275390625e+01
2.604512405395507812e+01
2.609516525268554688e+01
2.610662651062011719e+01
2.622870063781738281e+01
2.601863861083984375e+01
2.579993438720703125e+01
2.578452110290527344e+01
2.522402572631835938e+01
2.505385589599609375e+01
