3.865019989013671875e+01
3.879444503784179688e+01
3.876367187500000000e+01
3.854638290405273438e+01
3.855113220214843750e+01
3.852138137817382812e+01
3.849657440185546875e+01
3.847200393676757812e+01
3.806969070434570312e+01
3.796912002563476562e+01
3.791601181030273438e+01
3.795429992675781250e+01
3.782972717285156250e+01
3.753871154785156250e+01
3.737222290039062500e+01
3.739398574829101562e+01
3.741703796386718750e+01
3.730682754516601562e+01
3.732512283325195312e+01
3.747569274902343750e+01
3.754738616943359375e+01
3.739918518066406250e+01
3.740209960937500000e+01
3.726504135131835938e+01
3.736718368530273438e+01
3.723383331298828125e+01
3.676440048217773438e+01
3.688598632812500000e+01
3.702003479003906250e+01
3.697147750854492188e+01
3.702207565307617188e+01
3.699795913696289062e+01
3.711692810058593750e+01
3.763849639892578125e+01
3.825043487548828125e+01
3.815143966674804688e+01
3.803277587890625000e+01
3.826554489135742188e+01
3.855871200561523438e+01
3.875353240966796875e+01
3.890044021606445312e+01
3.870555496215820312e+01
3.817286300659179688e+01
3.774553680419921875e+01
3.767639541625976562e+01
3.793236541748046875e+01
3.810843276977539062e+01
3.827020263671875000e+01
3.830545425415039062e+01
3.858824920654296875e+01
3.848874664306640625e+01
3.847640609741210938e+01
3.863945388793945312e+01
3.857360458374023438e+01
3.825929260253906250e+01
3.808812332153320312e+01
3.808703613281250000e+01
3.815486526489257812e+01
3.823727798461914062e+01
3.825001907348632812e+01
3.820341491699218750e+01
3.809844207763671875e+01
3.827176284790039062e+01
3.829240036010742188e+01
3.836150360107421875e+01
3.827577590942382812e+01
3.810269927978515625e+01
3.800081253051757812e+01
3.811773681640625000e+01
3.828614044189453125e+01
3.797492980957031250e+01
3.804167938232421875e+01
3.822004699707031250e+01
3.804603958129882812e+01
3.770048141479492188e+01
3.760633468627929688e+01
3.791062927246093750e+01
3.793661880493164062e+01
3.753549957275390625e+01
3.749683761596679688e+01
3.764372634887695312e+01
3.785058975219726562e+01
3.778073120117187500e+01
3.766434860229492188e+01
3.780104827880859375e+01
3.806206130981445312e+01
3.814204025268554688e+01
3.823019027709960938e+01
3.832067871093750000e+01
3.836414337158203125e+01
3.833879470825195312e+01
3.812815856933593750e+01
3.805087661743164062e+01
3.784226608276367188e+01
3.774208450317382812e+01
3.776182937622070312e+01
3.805096054077148438e+01
3.803076553344726562e+01
3.795458984375000000e+01
3.786424255371093750e+01
3.762135696411132812e+01
