2.244265556335449219e+01
2.222593116760253906e+01
2.202744102478027344e+01
2.160866546630859375e+01
2.113555908203125000e+01
2.150968742370605469e+01
2.156341934204101562e+01
2.156607818603515625e+01
2.163685607910156250e+01
2.156313705444335938e+01
2.149697113037109375e+01
2.160829544067382812e+01
2.175761222839355469e+01
2.194587898254394531e+01
2.199165534973144531e+01
2.207709884643554688e+01
2.210567474365234375e+01
2.212231254577636719e+01
2.202634239196777344e+01
2.195712471008300781e+01
2.202051925659179688e+01
2.199548912048339844e+01
2.206531906127929688e+01
2.214460563659667969e+01
2.216749763488769531e+01
2.223280906677246094e+01
2.210849952697753906e+01
2.204790306091308594e+01
2.207938766479492188e+01
2.208164405822753906e+01
2.212308120727539062e+01
2.215011978149414062e+01
2.219515037536621094e+01
2.222138023376464844e+01
2.222657775878906250e+01
2.217295074462890625e+01
2.206802177429199219e+01
2.207780838012695312e+01
2.217477607727050781e+01
2.219742774963378906e+01
2.229066085815429688e+01
2.226778602600097656e+01
2.223735618591308594e+01
2.217995262145996094e+01
2.220010948181152344e+01
2.230196189880371094e+01
2.235060882568359375e+01
2.236234092712402344e+01
2.232638740539550781e+01
2.230416107177734375e+01
2.228614425659179688e+01
2.223534774780273438e+01
2.220107078552246094e+01
2.221866989135742188e+01
2.225325202941894531e+01
2.228808403015136719e+01
2.232217216491699219e+01
2.237178993225097656e+01
2.242063522338867188e+01
2.238955307006835938e+01
2.238337135314941406e+01
2.236297225952148438e+01
2.236207199096679688e+01
2.233028793334960938e+01
2.230361938476562500e+01
2.228433227539062500e+01
2.218609428405761719e+01
2.211799049377441406e+01
2.206314849853515625e+01
2.203268432617187500e+01
2.206502723693847656e+01
2.212473297119140625e+01
2.221622467041015625e+01
2.227670097351074219e+01
2.233602714538574219e+01
2.236162567138671875e+01
2.233283233642578125e+01
2.224629211425781250e+01
2.215017318725585938e+01
2.202142715454101562e+01
2.190894889831542969e+01
2.171348953247070312e+01
2.155328941345214844e+01
2.147505378723144531e+01
2.132540321350097656e+01
2.130881118774414062e+01
2.138741302490234375e+01
2.155149841308593750e+01
2.171866226196289062e+01
2.162575912475585938e+01
2.147578430175781250e+01
2.122186088562011719e+01
2.134042358398437500e+01
2.158144760131835938e+01
