3.390382766723632812e+01
3.413767623901367188e+01
3.448937606811523438e+01
3.419057464599609375e+01
3.400182723999023438e+01
3.433084106445312500e+01
3.472591400146484375e+01
3.523527145385742188e+01
3.493315505981445312e+01
3.485392761230468750e+01
3.511718750000000000e+01
3.537802505493164062e+01
3.472555541992187500e+01
3.446269607543945312e+01
3.403249359130859375e+01
3.369255065917968750e+01
3.378036880493164062e+01
3.347249603271484375e+01
3.309704971313476562e+01
3.336227035522460938e+01
3.368054580688476562e+01
3.358188629150390625e+01
3.343210601806640625e+01
3.323623657226562500e+01
3.308981323242187500e+01
3.297248077392578125e+01
3.318307113647460938e+01
3.322666168212890625e+01
3.323207855224609375e+01
3.334732055664062500e+01
3.336106872558593750e+01
3.331362915039062500e+01
3.299799728393554688e+01
3.311277770996093750e+01
3.317162704467773438e+01
3.322580337524414062e+01
3.339186096191406250e+01
3.385381317138671875e+01
3.474670410156250000e+01
3.430759811401367188e+01
3.337662887573242188e+01
3.320594406127929688e+01
3.348524856567382812e+01
3.342485427856445312e+01
3.382913589477539062e+01
3.420840835571289062e+01
3.394512176513671875e+01
3.366165542602539062e+01
3.354777145385742188e+01
3.321784591674804688e+01
3.300246810913085938e+01
3.281997299194335938e+01
3.264660644531250000e+01
3.277564620971679688e+01
3.283292388916015625e+01
3.310504531860351562e+01
3.326223373413085938e+01
3.344998550415039062e+01
3.379370117187500000e+01
3.382262039184570312e+01
3.417200851440429688e+01
3.374651336669921875e+01
3.349087142944335938e+01
3.366076660156250000e+01
3.392090225219726562e+01
3.425442504882812500e+01
3.445444107055664062e+01
3.432419204711914062e+01
3.401060485839843750e+01
3.378329467773437500e+01
3.367102432250976562e+01
3.375583648681640625e+01
3.418416595458984375e+01
3.417165374755859375e+01
3.390900802612304688e+01
3.383587265014648438e+01
3.381616973876953125e+01
3.385870742797851562e+01
3.403918838500976562e+01
3.422834396362304688e+01
3.401816558837890625e+01
3.394554138183593750e+01
3.388749313354492188e+01
3.364627075195312500e+01
3.374359893798828125e+01
3.382499313354492188e+01
3.383464050292968750e+01
3.414365005493164062e+01
3.437819671630859375e+01
3.456968307495117188e+01
3.446462631225585938e+01
3.425000381469726562e+01
3.407807159423828125e+01
3.417691421508789062e+01
3.421974563598632812e+01
3.416794967651367188e+01
3.378382492065429688e+01
3.362744140625000000e+01
3.359978866577148438e+01
3.323485565185546875e+01
