3.248871612548828125e+01
3.249642562866210938e+01
3.248948669433593750e+01
3.223731613159179688e+01
3.183193397521972656e+01
3.172726440429687500e+01
3.190831565856933594e+01
3.210742950439453125e+01
3.198627853393554688e+01
3.184504890441894531e+01
3.181354522705078125e+01
3.185708427429199219e+01
3.179358291625976562e+01
3.163610267639160156e+01
3.137241554260253906e+01
3.121461677551269531e+01
3.135906791687011719e+01
3.132131195068359375e+01
3.089741897583007812e+01
3.090711593627929688e+01
3.099887466430664062e+01
3.113647842407226562e+01
3.131547927856445312e+01
3.165751266479492188e+01
3.204306793212890625e+01
3.223241043090820312e+01
3.242227172851562500e+01
3.270206451416015625e+01
3.251948547363281250e+01
3.232161712646484375e+01
3.235725021362304688e+01
3.241181945800781250e+01
3.243540954589843750e+01
3.254616165161132812e+01
3.257450866699218750e+01
3.253323745727539062e+01
3.256053161621093750e+01
3.242939376831054688e+01
3.216230392456054688e+01
3.189955139160156250e+01
3.166793823242187500e+01
3.150818252563476562e+01
3.137010765075683594e+01
3.132425117492675781e+01
3.129001617431640625e+01
3.122461891174316406e+01
3.116280937194824219e+01
3.122476196289062500e+01
3.132404708862304688e+01
3.142558860778808594e+01
3.148166847229003906e+01
3.156807327270507812e+01
3.171358680725097656e+01
3.177248954772949219e+01
3.179538917541503906e+01
3.184107780456542969e+01
3.186120605468750000e+01
3.181318092346191406e+01
3.178807449340820312e+01
3.166744804382324219e+01
3.155152893066406250e+01
3.159015846252441406e+01
3.170218849182128906e+01
3.182162857055664062e+01
3.190379524230957031e+01
3.199409294128417969e+01
3.192158699035644531e+01
3.187782096862792969e+01
3.192540168762207031e+01
3.189698600769042969e+01
3.195405960083007812e+01
3.203237533569335938e+01
3.216027450561523438e+01
3.233387756347656250e+01
3.239037704467773438e+01
3.237304687500000000e+01
3.217324066162109375e+01
3.205617141723632812e+01
3.179656028747558594e+01
3.151883316040039062e+01
3.167484664916992188e+01
3.188446235656738281e+01
3.190231323242187500e+01
3.162351608276367188e+01
3.150457382202148438e+01
3.164799499511718750e+01
3.156026840209960938e+01
3.142682266235351562e+01
3.127203941345214844e+01
3.128133773803710938e+01
3.137430763244628906e+01
3.166901588439941406e+01
3.200922012329101562e+01
3.164951515197753906e+01
3.112570190429687500e+01
3.138616752624511719e+01
3.184721183776855469e+01
