3.495237731933593750e+01
3.479257202148437500e+01
3.481494140625000000e+01
3.472538757324218750e+01
3.451582336425781250e+01
3.445933532714843750e+01
3.480478286743164062e+01
3.604219436645507812e+01
3.620100784301757812e+01
3.596162033081054688e+01
3.523311233520507812e+01
3.442859268188476562e+01
3.362929534912109375e+01
3.272162246704101562e+01
3.327667999267578125e+01
3.338230514526367188e+01
3.362022018432617188e+01
3.349696731567382812e+01
3.343367385864257812e+01
3.342533493041992188e+01
3.347727203369140625e+01
3.395058059692382812e+01
3.520986557006835938e+01
3.583868408203125000e+01
3.597464370727539062e+01
3.606328964233398438e+01
3.598563766479492188e+01
3.560885238647460938e+01
3.552787399291992188e+01
3.536613082885742188e+01
3.554710769653320312e+01
3.621483993530273438e+01
3.643284988403320312e+01
3.652516937255859375e+01
3.623276901245117188e+01
3.506884765625000000e+01
3.482449722290039062e+01
3.509575271606445312e+01
3.605297088623046875e+01
3.670345687866210938e+01
3.682963180541992188e+01
3.692581939697265625e+01
3.694938659667968750e+01
3.695262527465820312e+01
3.696521759033203125e+01
3.689031219482421875e+01
3.729771041870117188e+01
3.735672760009765625e+01
3.738642883300781250e+01
3.712941360473632812e+01
3.721611404418945312e+01
3.750747299194335938e+01
3.697650146484375000e+01
3.765252685546875000e+01
3.767720413208007812e+01
3.756060791015625000e+01
3.748579025268554688e+01
3.753657531738281250e+01
3.764326095581054688e+01
3.749055099487304688e+01
3.726152038574218750e+01
3.692210769653320312e+01
3.653843307495117188e+01
3.689838027954101562e+01
3.716078948974609375e+01
3.716307830810546875e+01
3.715026855468750000e+01
3.699116134643554688e+01
3.674547576904296875e+01
3.665603637695312500e+01
3.668856811523437500e+01
3.671308517456054688e+01
3.681441116333007812e+01
3.691689300537109375e+01
3.704785537719726562e+01
3.710434341430664062e+01
3.700613403320312500e+01
3.693226623535156250e+01
3.685945510864257812e+01
3.675226593017578125e+01
3.680707550048828125e+01
3.684525299072265625e+01
3.685703277587890625e+01
3.692607498168945312e+01
3.686308670043945312e+01
3.683202743530273438e+01
3.661339187622070312e+01
3.664363479614257812e+01
3.685787963867187500e+01
3.728501129150390625e+01
3.726362991333007812e+01
3.675024032592773438e+01
3.675719070434570312e+01
3.707839202880859375e+01
3.688932037353515625e+01
3.665849304199218750e+01
3.672367858886718750e+01
3.710463333129882812e+01
3.723006057739257812e+01
3.695343017578125000e+01
3.696950531005859375e+01
3.681278991699218750e+01
3.645436477661132812e+01
3.673101806640625000e+01
3.681735992431640625e+01
3.622328186035156250e+01
