3.055456352233886719e+01
3.038244247436523438e+01
3.060829162597656250e+01
3.164480209350585938e+01
3.178521919250488281e+01
3.154430389404296875e+01
3.103449630737304688e+01
3.081925010681152344e+01
3.081636428833007812e+01
3.085559082031250000e+01
3.090187072753906250e+01
3.066050720214843750e+01
3.036185073852539062e+01
3.009794425964355469e+01
2.997524070739746094e+01
2.994019889831542969e+01
3.064984130859375000e+01
3.151142501831054688e+01
3.205998992919921875e+01
3.216307830810546875e+01
3.168520164489746094e+01
3.066188621520996094e+01
3.077732658386230469e+01
3.135601806640625000e+01
3.173383903503417969e+01
3.177244186401367188e+01
3.176633834838867188e+01
3.244796371459960938e+01
3.245722579956054688e+01
3.239058303833007812e+01
3.248809051513671875e+01
3.232086563110351562e+01
3.212427902221679688e+01
3.188647270202636719e+01
3.165974235534667969e+01
3.145451736450195312e+01
3.155777168273925781e+01
3.189096450805664062e+01
3.182885169982910156e+01
3.204030609130859375e+01
3.230020141601562500e+01
3.234535217285156250e+01
3.229081726074218750e+01
3.133250808715820312e+01
3.105576515197753906e+01
3.107623481750488281e+01
3.133730506896972656e+01
3.154577255249023438e+01
3.163457489013671875e+01
3.219398117065429688e+01
3.252020645141601562e+01
3.276991653442382812e+01
3.309693908691406250e+01
3.338214874267578125e+01
3.328046417236328125e+01
3.269037246704101562e+01
3.171883392333984375e+01
3.129451942443847656e+01
3.108229064941406250e+01
3.171380043029785156e+01
3.258751296997070312e+01
3.355188751220703125e+01
3.361483764648437500e+01
3.423527145385742188e+01
3.417743682861328125e+01
3.355955505371093750e+01
3.351487731933593750e+01
3.318643951416015625e+01
3.307946014404296875e+01
3.296431350708007812e+01
3.297781372070312500e+01
3.345064926147460938e+01
3.431266403198242188e+01
3.401853561401367188e+01
3.356085205078125000e+01
3.329208374023437500e+01
3.328820419311523438e+01
3.335654449462890625e+01
3.282156753540039062e+01
3.208041000366210938e+01
3.179480934143066406e+01
3.160888099670410156e+01
3.179393386840820312e+01
3.186026954650878906e+01
3.179838562011718750e+01
3.111469459533691406e+01
3.060737800598144531e+01
3.072621345520019531e+01
3.129122352600097656e+01
3.188802337646484375e+01
3.221099472045898438e+01
3.254898071289062500e+01
3.217875671386718750e+01
3.132711029052734375e+01
2.937885284423828125e+01
2.859588813781738281e+01
2.844549942016601562e+01
2.805455398559570312e+01
2.870901107788085938e+01
2.916765403747558594e+01
2.947487068176269531e+01
2.828440856933593750e+01
2.757383346557617188e+01
