2.808645248413085938e+01
2.824348068237304688e+01
2.808979225158691406e+01
2.831337165832519531e+01
2.806156730651855469e+01
2.793522453308105469e+01
2.788762664794921875e+01
2.805734825134277344e+01
2.837083053588867188e+01
2.839635848999023438e+01
2.821388816833496094e+01
2.790222358703613281e+01
2.772825813293457031e+01
2.792107582092285156e+01
2.815650367736816406e+01
2.830498504638671875e+01
2.827782058715820312e+01
2.801355743408203125e+01
2.792562103271484375e+01
2.795395088195800781e+01
2.772916221618652344e+01
2.761294364929199219e+01
2.767114067077636719e+01
2.744956207275390625e+01
2.733366012573242188e+01
2.725126647949218750e+01
2.718598556518554688e+01
2.732169532775878906e+01
2.749136161804199219e+01
2.750053977966308594e+01
2.755059051513671875e+01
2.765586471557617188e+01
2.768931388854980469e+01
2.768885993957519531e+01
2.763813209533691406e+01
2.750354957580566406e+01
2.738576316833496094e+01
2.732285690307617188e+01
2.737020301818847656e+01
2.744555664062500000e+01
2.734960365295410156e+01
2.716206932067871094e+01
2.697434997558593750e+01
2.675562667846679688e+01
2.665752792358398438e+01
2.652041816711425781e+01
2.641110992431640625e+01
2.647664642333984375e+01
2.648262214660644531e+01
2.647921180725097656e+01
2.646587181091308594e+01
2.691951370239257812e+01
2.707471275329589844e+01
2.692666816711425781e+01
2.691667556762695312e+01
2.718189811706542969e+01
2.716109848022460938e+01
2.690512275695800781e+01
2.677643013000488281e+01
2.682831954956054688e+01
2.683696746826171875e+01
2.675350379943847656e+01
2.682629394531250000e+01
2.687529182434082031e+01
2.703659057617187500e+01
2.728660202026367188e+01
2.748055076599121094e+01
2.745541000366210938e+01
2.746414566040039062e+01
2.740205383300781250e+01
2.738143157958984375e+01
2.746604537963867188e+01
2.747350120544433594e+01
2.745189666748046875e+01
2.750188827514648438e+01
2.742113113403320312e+01
2.728944587707519531e+01
2.722121429443359375e+01
2.714029693603515625e+01
2.715632057189941406e+01
2.719143867492675781e+01
2.718914794921875000e+01
2.722359275817871094e+01
2.729831695556640625e+01
2.752852439880371094e+01
2.779734420776367188e+01
2.811430740356445312e+01
2.818144798278808594e+01
2.815589714050292969e+01
2.823478507995605469e+01
2.825891113281250000e+01
2.837499046325683594e+01
2.838166809082031250e+01
2.816799354553222656e+01
2.801736259460449219e+01
2.798610496520996094e+01
2.799075317382812500e+01
2.796012878417968750e+01
2.797473144531250000e+01
2.808310890197753906e+01
2.814119148254394531e+01
2.828358650207519531e+01
