3.018412017822265625e+01
2.988943290710449219e+01
2.960809516906738281e+01
2.949990653991699219e+01
2.963947677612304688e+01
3.007159996032714844e+01
3.061407279968261719e+01
3.076024818420410156e+01
3.080557441711425781e+01
3.093179512023925781e+01
3.104203987121582031e+01
3.099062728881835938e+01
3.081037139892578125e+01
3.077583312988281250e+01
3.100686073303222656e+01
3.118448257446289062e+01
3.126291847229003906e+01
3.124680519104003906e+01
3.118940734863281250e+01
3.117868995666503906e+01
3.119079017639160156e+01
3.121008300781250000e+01
3.120235443115234375e+01
3.125167655944824219e+01
3.136821174621582031e+01
3.153367233276367188e+01
3.158551597595214844e+01
3.158378791809082031e+01
3.149297714233398438e+01
3.140903282165527344e+01
3.132773399353027344e+01
3.119073677062988281e+01
3.109986877441406250e+01
3.108385086059570312e+01
3.112783622741699219e+01
3.121143531799316406e+01
3.135020256042480469e+01
3.141981124877929688e+01
3.145333671569824219e+01
3.145444297790527344e+01
3.144995880126953125e+01
3.154332923889160156e+01
3.173757553100585938e+01
3.204460144042968750e+01
3.223715972900390625e+01
3.216318511962890625e+01
3.183628273010253906e+01
3.163180160522460938e+01
3.149954605102539062e+01
3.139068222045898438e+01
3.139923095703125000e+01
3.141168022155761719e+01
3.132564163208007812e+01
3.118007659912109375e+01
3.115924453735351562e+01
3.133514595031738281e+01
3.150601005554199219e+01
3.181754684448242188e+01
3.232877731323242188e+01
3.253379058837890625e+01
3.218195724487304688e+01
3.161927223205566406e+01
3.153711509704589844e+01
3.147445678710937500e+01
3.141348457336425781e+01
3.133412170410156250e+01
3.121343421936035156e+01
3.102824020385742188e+01
3.097457122802734375e+01
3.103756523132324219e+01
3.119522094726562500e+01
3.130425071716308594e+01
3.146198272705078125e+01
3.147593498229980469e+01
3.155716133117675781e+01
3.160657882690429688e+01
3.162173652648925781e+01
3.158540916442871094e+01
3.141515922546386719e+01
3.131039047241210938e+01
3.125711441040039062e+01
3.124576759338378906e+01
3.118307304382324219e+01
3.113144493103027344e+01
3.107094955444335938e+01
3.105381011962890625e+01
3.104973030090332031e+01
3.099597549438476562e+01
3.099634552001953125e+01
3.109630203247070312e+01
3.122657203674316406e+01
3.156152725219726562e+01
3.179201316833496094e+01
3.181291007995605469e+01
3.173723030090332031e+01
3.144579696655273438e+01
3.128780555725097656e+01
3.123371124267578125e+01
3.098373222351074219e+01
3.065637588500976562e+01
3.041419219970703125e+01
3.036252593994140625e+01
3.050919342041015625e+01
3.066734504699707031e+01
