3.847285461425781250e+01
3.796903991699218750e+01
3.806615066528320312e+01
3.791399002075195312e+01
3.780075454711914062e+01
3.795684432983398438e+01
3.796380233764648438e+01
3.809777450561523438e+01
3.791439056396484375e+01
3.814373779296875000e+01
3.808928298950195312e+01
3.807039642333984375e+01
3.834702301025390625e+01
3.821567916870117188e+01
3.805741500854492188e+01
3.764113616943359375e+01
3.782320785522460938e+01
3.763791275024414062e+01
3.696371078491210938e+01
3.639593505859375000e+01
3.689731979370117188e+01
3.717867660522460938e+01
3.724668884277343750e+01
3.716514587402343750e+01
3.693282318115234375e+01
3.671577072143554688e+01
3.644622421264648438e+01
3.630116271972656250e+01
3.632950973510742188e+01
3.607204437255859375e+01
3.606298446655273438e+01
3.690224456787109375e+01
3.726665496826171875e+01
3.744477844238281250e+01
3.734251022338867188e+01
3.743505096435546875e+01
3.741328811645507812e+01
3.703964996337890625e+01
3.647953414916992188e+01
3.704634857177734375e+01
3.732905197143554688e+01
3.745067596435546875e+01
3.734807205200195312e+01
3.709826660156250000e+01
3.712747573852539062e+01
3.716205978393554688e+01
3.767073822021484375e+01
3.774769592285156250e+01
3.786512374877929688e+01
3.767744827270507812e+01
3.740140151977539062e+01
3.713291931152343750e+01
3.698995590209960938e+01
3.687360000610351562e+01
3.684864807128906250e+01
3.666938400268554688e+01
3.637193298339843750e+01
3.655704498291015625e+01
3.697897720336914062e+01
3.718275833129882812e+01
3.720006179809570312e+01
3.693296432495117188e+01
3.683716964721679688e+01
3.683580017089843750e+01
3.657748794555664062e+01
3.661116027832031250e+01
3.703159332275390625e+01
3.737222290039062500e+01
3.753436660766601562e+01
3.753238677978515625e+01
3.697116851806640625e+01
3.645052719116210938e+01
3.659232711791992188e+01
3.658583450317382812e+01
3.649198150634765625e+01
3.662803649902343750e+01
3.721334457397460938e+01
3.763700485229492188e+01
3.801586151123046875e+01
3.810440444946289062e+01
3.793350601196289062e+01
3.775086593627929688e+01
3.780137634277343750e+01
3.766667175292968750e+01
3.656339263916015625e+01
3.679143524169921875e+01
3.664924621582031250e+01
3.644252777099609375e+01
3.545381546020507812e+01
3.478715896606445312e+01
3.535236358642578125e+01
3.555369949340820312e+01
3.657500076293945312e+01
3.660446548461914062e+01
3.616357421875000000e+01
3.644007873535156250e+01
3.625790405273437500e+01
3.652245330810546875e+01
3.661692428588867188e+01
3.734177017211914062e+01
3.735979843139648438e+01
3.690816879272460938e+01
3.669691467285156250e+01
3.651072311401367188e+01
