3.247569656372070312e+01
3.298704910278320312e+01
3.363902282714843750e+01
3.376132583618164062e+01
3.370709991455078125e+01
3.357948303222656250e+01
3.364274215698242188e+01
3.416015625000000000e+01
3.449963378906250000e+01
3.478266143798828125e+01
3.505440521240234375e+01
3.560644912719726562e+01
3.552229690551757812e+01
3.485761642456054688e+01
3.433509826660156250e+01
3.440062713623046875e+01
3.428897476196289062e+01
3.414310455322265625e+01
3.373968124389648438e+01
3.309601211547851562e+01
3.284594726562500000e+01
3.290371704101562500e+01
3.302316665649414062e+01
3.304159164428710938e+01
3.313179779052734375e+01
3.315368652343750000e+01
3.333356857299804688e+01
3.361372375488281250e+01
3.388784790039062500e+01
3.423741149902343750e+01
3.432783508300781250e+01
3.444336700439453125e+01
3.456663894653320312e+01
3.433544540405273438e+01
3.387882232666015625e+01
3.385955810546875000e+01
3.403563690185546875e+01
3.404601669311523438e+01
3.397986602783203125e+01
3.389728927612304688e+01
3.372709274291992188e+01
3.381662750244140625e+01
3.389125442504882812e+01
3.418650054931640625e+01
3.434582901000976562e+01
3.429534530639648438e+01
3.408377075195312500e+01
3.370664596557617188e+01
3.331570434570312500e+01
3.327761840820312500e+01
3.345283126831054688e+01
3.395882797241210938e+01
3.463184738159179688e+01
3.467736434936523438e+01
3.457752990722656250e+01
3.465170669555664062e+01
3.464877319335937500e+01
3.466363906860351562e+01
3.460368728637695312e+01
3.443740081787109375e+01
3.415829849243164062e+01
3.408131408691406250e+01
3.410100555419921875e+01
3.403737258911132812e+01
3.386604690551757812e+01
3.374734497070312500e+01
3.370527648925781250e+01
3.367943572998046875e+01
3.368838119506835938e+01
3.370159149169921875e+01
3.367458343505859375e+01
3.357013702392578125e+01
3.369339370727539062e+01
3.397650527954101562e+01
3.379822158813476562e+01
3.353602981567382812e+01
3.343701934814453125e+01
3.345685577392578125e+01
3.344577407836914062e+01
3.343014144897460938e+01
3.393983078002929688e+01
3.558192825317382812e+01
3.616859436035156250e+01
3.641373062133789062e+01
3.661462783813476562e+01
3.657696151733398438e+01
3.512336349487304688e+01
3.449493789672851562e+01
3.446887588500976562e+01
3.422939300537109375e+01
3.432703781127929688e+01
3.425450134277343750e+01
3.437972259521484375e+01
3.466743469238281250e+01
3.505423736572265625e+01
3.451460266113281250e+01
3.429819107055664062e+01
3.419211959838867188e+01
3.385780334472656250e+01
3.377701187133789062e+01
3.382619094848632812e+01
3.409167480468750000e+01
3.430566406250000000e+01
3.431628036499023438e+01
3.404825973510742188e+01
