2.473528289794921875e+01
2.469368743896484375e+01
2.456136703491210938e+01
2.455276679992675781e+01
2.469471931457519531e+01
2.475156784057617188e+01
2.469046783447265625e+01
2.471925544738769531e+01
2.479738807678222656e+01
2.487530326843261719e+01
2.484935760498046875e+01
2.470310592651367188e+01
2.466853523254394531e+01
2.468821907043457031e+01
2.464835357666015625e+01
2.454888725280761719e+01
2.444021415710449219e+01
2.433023643493652344e+01
2.444623756408691406e+01
2.450626564025878906e+01
2.445223808288574219e+01
2.444418334960937500e+01
2.440653419494628906e+01
2.446125602722167969e+01
2.453313636779785156e+01
2.437106895446777344e+01
2.421193313598632812e+01
2.412042427062988281e+01
2.415893936157226562e+01
2.432711791992187500e+01
2.449688911437988281e+01
2.459767532348632812e+01
2.455607604980468750e+01
2.454133224487304688e+01
2.456771850585937500e+01
2.460642242431640625e+01
2.462366867065429688e+01
2.462850952148437500e+01
2.464297103881835938e+01
2.468378067016601562e+01
2.468904113769531250e+01
2.467866706848144531e+01
2.463231277465820312e+01
2.460765266418457031e+01
2.458061218261718750e+01
2.458424949645996094e+01
2.456280136108398438e+01
2.457804107666015625e+01
2.462454795837402344e+01
2.465799331665039062e+01
2.468941688537597656e+01
2.468954658508300781e+01
2.469246673583984375e+01
2.461640167236328125e+01
2.452824020385742188e+01
2.452270889282226562e+01
2.461093330383300781e+01
2.469613075256347656e+01
2.482015991210937500e+01
2.485846138000488281e+01
2.490316390991210938e+01
2.496125984191894531e+01
2.501711845397949219e+01
2.500901412963867188e+01
2.496588706970214844e+01
2.487799835205078125e+01
2.480415153503417969e+01
2.478676795959472656e+01
2.482370948791503906e+01
2.485963821411132812e+01
2.487000274658203125e+01
2.483778572082519531e+01
2.476574516296386719e+01
2.470997810363769531e+01
2.474611282348632812e+01
2.477536010742187500e+01
2.477456665039062500e+01
2.476386642456054688e+01
2.481276321411132812e+01
2.479696846008300781e+01
2.472334098815917969e+01
2.477411651611328125e+01
2.490918159484863281e+01
2.505085945129394531e+01
2.508483314514160156e+01
2.500087356567382812e+01
2.496182250976562500e+01
2.495659065246582031e+01
2.506704330444335938e+01
2.523065757751464844e+01
2.550718688964843750e+01
