3.437552642822265625e+01
3.517737579345703125e+01
3.596432876586914062e+01
3.620768356323242188e+01
3.629334640502929688e+01
3.614130020141601562e+01
3.581991195678710938e+01
3.505615997314453125e+01
3.483296585083007812e+01
3.594161987304687500e+01
3.647817230224609375e+01
3.665554809570312500e+01
3.673911666870117188e+01
3.695009994506835938e+01
3.656330490112304688e+01
3.628746414184570312e+01
3.643544387817382812e+01
3.687494659423828125e+01
3.661050796508789062e+01
3.666565704345703125e+01
3.700894927978515625e+01
3.705343627929687500e+01
3.692982864379882812e+01
3.660110855102539062e+01
3.641970825195312500e+01
3.627775955200195312e+01
3.625775527954101562e+01
3.636003494262695312e+01
3.662441635131835938e+01
3.654456329345703125e+01
3.630466842651367188e+01
3.644445037841796875e+01
3.655912780761718750e+01
3.679827880859375000e+01
3.698968505859375000e+01
3.685511016845703125e+01
3.684762573242187500e+01
3.691836929321289062e+01
3.684012222290039062e+01
3.678284072875976562e+01
3.677426528930664062e+01
3.680398178100585938e+01
3.667232131958007812e+01
3.637670135498046875e+01
3.576814651489257812e+01
3.538003921508789062e+01
3.487991333007812500e+01
3.452333068847656250e+01
3.444427108764648438e+01
3.448289871215820312e+01
3.444911193847656250e+01
3.507328796386718750e+01
3.585640335083007812e+01
3.617948532104492188e+01
3.645241546630859375e+01
3.637910842895507812e+01
3.604263305664062500e+01
3.550043106079101562e+01
3.547798538208007812e+01
3.576875305175781250e+01
3.575525283813476562e+01
3.592959213256835938e+01
3.599596023559570312e+01
3.589878845214843750e+01
3.540435409545898438e+01
3.510664367675781250e+01
3.507085418701171875e+01
3.573804473876953125e+01
3.639700317382812500e+01
3.669727325439453125e+01
3.694350051879882812e+01
3.699618911743164062e+01
3.705615615844726562e+01
3.707560348510742188e+01
3.709465026855468750e+01
3.689764022827148438e+01
3.644673919677734375e+01
3.534420013427734375e+01
3.481305313110351562e+01
3.605242919921875000e+01
3.659246826171875000e+01
3.676853942871093750e+01
3.669076538085937500e+01
3.672595214843750000e+01
3.650020217895507812e+01
3.631033325195312500e+01
3.618628311157226562e+01
3.649929046630859375e+01
3.640917205810546875e+01
3.656123352050781250e+01
3.639072036743164062e+01
3.632668304443359375e+01
3.631314849853515625e+01
3.536975860595703125e+01
3.484437942504882812e+01
3.512835311889648438e+01
3.481256103515625000e+01
3.525741195678710938e+01
3.493190002441406250e+01
3.517504501342773438e+01
3.479287719726562500e+01
3.461321640014648438e+01
3.412609863281250000e+01
3.480681228637695312e+01
3.468742752075195312e+01
