2.417699050903320312e+01
2.436322021484375000e+01
2.435543251037597656e+01
2.421419525146484375e+01
2.413064002990722656e+01
2.392962074279785156e+01
2.353974723815917969e+01
2.340945243835449219e+01
2.352296257019042969e+01
2.360639762878417969e+01
2.347183227539062500e+01
2.330440139770507812e+01
2.324545860290527344e+01
2.334552574157714844e+01
2.339559555053710938e+01
2.339959716796875000e+01
2.341033363342285156e+01
2.336365699768066406e+01
2.338879203796386719e+01
2.346649360656738281e+01
2.366711235046386719e+01
2.372270584106445312e+01
2.381306648254394531e+01
2.392112922668457031e+01
2.371698951721191406e+01
2.353552436828613281e+01
2.338923835754394531e+01
2.331924819946289062e+01
2.328063011169433594e+01
2.334247398376464844e+01
2.351401519775390625e+01
2.376894950866699219e+01
2.386511230468750000e+01
2.397484397888183594e+01
2.405589866638183594e+01
2.407291984558105469e+01
2.407106590270996094e+01
2.402943038940429688e+01
2.399312591552734375e+01
2.394761848449707031e+01
2.394395828247070312e+01
2.398572158813476562e+01
2.390234565734863281e+01
2.379467773437500000e+01
2.367945671081542969e+01
2.367518806457519531e+01
2.363909721374511719e+01
2.356676292419433594e+01
2.351276588439941406e+01
2.335815048217773438e+01
2.330406379699707031e+01
2.334457969665527344e+01
2.345153617858886719e+01
2.354398918151855469e+01
2.363376998901367188e+01
2.372041702270507812e+01
2.378779220581054688e+01
2.385869216918945312e+01
2.386358642578125000e+01
2.387971496582031250e+01
2.390141868591308594e+01
2.401418685913085938e+01
2.408574485778808594e+01
2.413041305541992188e+01
2.412823104858398438e+01
2.407572364807128906e+01
2.399835586547851562e+01
2.382995223999023438e+01
2.366354370117187500e+01
2.359355163574218750e+01
2.355528259277343750e+01
2.353924942016601562e+01
2.344785881042480469e+01
2.337269783020019531e+01
2.330039405822753906e+01
2.321201705932617188e+01
2.323786735534667969e+01
2.320006561279296875e+01
2.309847831726074219e+01
2.301828193664550781e+01
2.294131278991699219e+01
2.294972801208496094e+01
2.300164413452148438e+01
2.306558799743652344e+01
2.314391326904296875e+01
2.315992736816406250e+01
2.321304130554199219e+01
2.334461784362792969e+01
2.337377929687500000e+01
2.332138824462890625e+01
2.317013549804687500e+01
2.307316017150878906e+01
2.305956840515136719e+01
2.313997650146484375e+01
2.320200729370117188e+01
2.328033638000488281e+01
2.329133796691894531e+01
2.345742607116699219e+01
2.370904731750488281e+01
2.358941078186035156e+01
2.340554809570312500e+01
2.319217491149902344e+01
2.302592277526855469e+01
2.293149948120117188e+01
2.303986930847167969e+01
2.317758369445800781e+01
2.316878128051757812e+01
