2.731841468811035156e+01
2.732708549499511719e+01
2.745645523071289062e+01
2.763094329833984375e+01
2.781731033325195312e+01
2.772884178161621094e+01
2.777968215942382812e+01
2.778518104553222656e+01
2.783677673339843750e+01
2.801136589050292969e+01
2.832951927185058594e+01
2.859632682800292969e+01
2.863054466247558594e+01
2.851486206054687500e+01
2.854467964172363281e+01
2.842523193359375000e+01
2.803660392761230469e+01
2.780796241760253906e+01
2.775089263916015625e+01
2.781787490844726562e+01
2.766672134399414062e+01
2.757721710205078125e+01
2.752079963684082031e+01
2.742259597778320312e+01
2.748907089233398438e+01
2.761682128906250000e+01
2.785967445373535156e+01
2.816087341308593750e+01
2.846425247192382812e+01
2.871661186218261719e+01
2.887814521789550781e+01
2.871560478210449219e+01
2.864157485961914062e+01
2.854165267944335938e+01
2.849734115600585938e+01
2.820852088928222656e+01
2.813699531555175781e+01
2.812387084960937500e+01
2.818063163757324219e+01
2.827122116088867188e+01
2.822282981872558594e+01
2.823997306823730469e+01
2.823755455017089844e+01
2.821402931213378906e+01
2.815571212768554688e+01
2.793158340454101562e+01
2.777626419067382812e+01
2.787739181518554688e+01
2.795318603515625000e+01
2.800305175781250000e+01
2.809852409362792969e+01
2.820479202270507812e+01
2.844575309753417969e+01
2.861779022216796875e+01
2.853772354125976562e+01
2.819326210021972656e+01
2.786871719360351562e+01
2.773863029479980469e+01
2.762604713439941406e+01
2.761954879760742188e+01
2.770050430297851562e+01
2.778387069702148438e+01
2.776768302917480469e+01
2.766161155700683594e+01
2.757455635070800781e+01
2.749711418151855469e+01
2.746021652221679688e+01
2.755004310607910156e+01
2.775793457031250000e+01
2.772999954223632812e+01
2.761866569519042969e+01
2.749675559997558594e+01
2.742339897155761719e+01
2.734172248840332031e+01
2.733350944519042969e+01
2.730841827392578125e+01
2.720340728759765625e+01
2.713634300231933594e+01
2.697225952148437500e+01
2.682424926757812500e+01
2.684289360046386719e+01
2.692723274230957031e+01
2.698713493347167969e+01
2.708700180053710938e+01
2.709984397888183594e+01
2.714076232910156250e+01
2.706923866271972656e+01
2.699998664855957031e+01
2.710129737854003906e+01
2.704103660583496094e+01
2.694731903076171875e+01
2.682467269897460938e+01
2.654140472412109375e+01
2.644950485229492188e+01
2.650102233886718750e+01
2.643122863769531250e+01
2.624420547485351562e+01
2.623769950866699219e+01
2.626248168945312500e+01
2.633806991577148438e+01
2.642541503906250000e+01
2.637575721740722656e+01
2.614602470397949219e+01
