3.622693252563476562e+01
3.671080780029296875e+01
3.675566482543945312e+01
3.591075134277343750e+01
3.578215026855468750e+01
3.530667114257812500e+01
3.577207183837890625e+01
3.581069183349609375e+01
3.505015563964843750e+01
3.480176162719726562e+01
3.465076446533203125e+01
3.481009674072265625e+01
3.456022262573242188e+01
3.435274124145507812e+01
3.433505249023437500e+01
3.442329025268554688e+01
3.426865768432617188e+01
3.477172470092773438e+01
3.467200469970703125e+01
3.461002349853515625e+01
3.482057952880859375e+01
3.499346542358398438e+01
3.508297729492187500e+01
3.498292160034179688e+01
3.492064285278320312e+01
3.492339324951171875e+01
3.504718780517578125e+01
3.529394912719726562e+01
3.550870895385742188e+01
3.551604461669921875e+01
3.524728012084960938e+01
3.514142227172851562e+01
3.521439743041992188e+01
3.534727859497070312e+01
3.536978912353515625e+01
3.578104400634765625e+01
3.635076141357421875e+01
3.568584442138671875e+01
3.517829132080078125e+01
3.494308853149414062e+01
3.532880020141601562e+01
3.529949569702148438e+01
3.486863708496093750e+01
3.466537094116210938e+01
3.477092361450195312e+01
3.483941650390625000e+01
3.492614364624023438e+01
3.475189590454101562e+01
3.459584426879882812e+01
3.455947113037109375e+01
3.452223968505859375e+01
3.440643692016601562e+01
3.458018493652343750e+01
3.447116088867187500e+01
3.430348968505859375e+01
3.444448089599609375e+01
3.464817047119140625e+01
3.478301239013671875e+01
3.475124740600585938e+01
3.451184844970703125e+01
3.462754821777343750e+01
3.484045791625976562e+01
3.503346252441406250e+01
3.489175415039062500e+01
3.492113876342773438e+01
3.489018249511718750e+01
3.473618698120117188e+01
3.430774688720703125e+01
3.425628662109375000e+01
3.420925521850585938e+01
3.408792495727539062e+01
3.408171463012695312e+01
3.416116333007812500e+01
3.429684448242187500e+01
3.440805435180664062e+01
3.460465240478515625e+01
3.508356475830078125e+01
3.685089874267578125e+01
3.738527679443359375e+01
3.700816345214843750e+01
3.663961029052734375e+01
3.623891067504882812e+01
3.654497146606445312e+01
3.697394943237304688e+01
3.729855346679687500e+01
3.757999801635742188e+01
3.781052017211914062e+01
3.788462448120117188e+01
3.793371200561523438e+01
3.779421615600585938e+01
3.736087799072265625e+01
3.722339630126953125e+01
3.755317687988281250e+01
3.802416610717773438e+01
3.830469894409179688e+01
3.811219406127929688e+01
3.769670486450195312e+01
3.675961303710937500e+01
3.626006698608398438e+01
3.623441314697265625e+01
3.619588470458984375e+01
3.648677444458007812e+01
