3.740529632568359375e+01
3.752394485473632812e+01
3.737863922119140625e+01
3.667065048217773438e+01
3.651082992553710938e+01
3.510322189331054688e+01
3.519646835327148438e+01
3.533868408203125000e+01
3.637854766845703125e+01
3.695735168457031250e+01
3.748091506958007812e+01
3.749664688110351562e+01
3.738305664062500000e+01
3.673682403564453125e+01
3.700284576416015625e+01
3.685170745849609375e+01
3.663900756835937500e+01
3.685214233398437500e+01
3.712495803833007812e+01
3.730088424682617188e+01
3.691014099121093750e+01
3.643155670166015625e+01
3.570476531982421875e+01
3.600060653686523438e+01
3.611574935913085938e+01
3.590512847900390625e+01
3.605929183959960938e+01
3.619827270507812500e+01
3.540356826782226562e+01
3.524600601196289062e+01
3.540338134765625000e+01
3.525580978393554688e+01
3.489435958862304688e+01
3.548159027099609375e+01
3.612712478637695312e+01
3.636968612670898438e+01
3.630376434326171875e+01
3.660854339599609375e+01
3.644222640991210938e+01
3.545594406127929688e+01
3.535250473022460938e+01
3.514425277709960938e+01
3.444363403320312500e+01
3.465135192871093750e+01
3.554691314697265625e+01
3.546807479858398438e+01
3.569449615478515625e+01
3.574251174926757812e+01
3.549701309204101562e+01
3.495323562622070312e+01
3.514064407348632812e+01
3.525990295410156250e+01
3.515994262695312500e+01
3.518854522705078125e+01
3.575432968139648438e+01
3.589006423950195312e+01
3.538867950439453125e+01
3.478413009643554688e+01
3.451762008666992188e+01
3.434582519531250000e+01
3.436400222778320312e+01
3.444425201416015625e+01
3.469443511962890625e+01
3.437235260009765625e+01
3.371340942382812500e+01
3.317621612548828125e+01
3.308082962036132812e+01
3.331911849975585938e+01
3.332701873779296875e+01
3.336439132690429688e+01
3.342767333984375000e+01
3.366313934326171875e+01
3.395026397705078125e+01
3.391073226928710938e+01
3.369674682617187500e+01
3.329580307006835938e+01
3.292271423339843750e+01
3.275896835327148438e+01
3.305207061767578125e+01
3.328012466430664062e+01
3.345911026000976562e+01
3.376295471191406250e+01
3.388922500610351562e+01
3.389807510375976562e+01
3.391637039184570312e+01
3.389047622680664062e+01
3.399485397338867188e+01
3.408926010131835938e+01
3.383703613281250000e+01
3.377037048339843750e+01
3.385668182373046875e+01
3.515210342407226562e+01
3.581197357177734375e+01
3.600207138061523438e+01
3.614933013916015625e+01
3.610925674438476562e+01
3.652298736572265625e+01
3.656407928466796875e+01
3.606865310668945312e+01
3.684764862060546875e+01
3.724739074707031250e+01
3.702382659912109375e+01
