2.947920799255371094e+01
2.968992805480957031e+01
2.968713378906250000e+01
2.950621604919433594e+01
2.954866790771484375e+01
2.937774085998535156e+01
2.911955261230468750e+01
2.897436141967773438e+01
2.883872032165527344e+01
2.883327102661132812e+01
2.895963668823242188e+01
2.925493049621582031e+01
2.936393928527832031e+01
2.975548934936523438e+01
2.999880218505859375e+01
3.044100379943847656e+01
3.057593917846679688e+01
3.008446121215820312e+01
3.011267280578613281e+01
3.042188262939453125e+01
3.032797241210937500e+01
3.003296470642089844e+01
3.027699279785156250e+01
3.072293090820312500e+01
3.080483245849609375e+01
3.066509819030761719e+01
3.034991073608398438e+01
3.038225555419921875e+01
2.975684738159179688e+01
2.919080924987792969e+01
2.972856712341308594e+01
3.023793411254882812e+01
3.025499916076660156e+01
3.026546096801757812e+01
3.031020545959472656e+01
3.006389808654785156e+01
2.991215705871582031e+01
2.969835472106933594e+01
2.949727249145507812e+01
2.917607116699218750e+01
2.895250511169433594e+01
2.888934326171875000e+01
2.891549110412597656e+01
2.896430397033691406e+01
2.901621055603027344e+01
2.919065475463867188e+01
2.945987319946289062e+01
2.967935562133789062e+01
2.981120872497558594e+01
2.959877204895019531e+01
2.911394119262695312e+01
2.909309196472167969e+01
2.914364051818847656e+01
2.906944847106933594e+01
2.902273941040039062e+01
2.901025581359863281e+01
2.912818336486816406e+01
2.931884956359863281e+01
2.943198966979980469e+01
2.936228561401367188e+01
2.918913269042968750e+01
2.932318496704101562e+01
2.975414657592773438e+01
2.991679000854492188e+01
3.000233459472656250e+01
3.010567092895507812e+01
3.022591590881347656e+01
3.020849800109863281e+01
3.027524185180664062e+01
3.029474067687988281e+01
3.023029518127441406e+01
3.014598846435546875e+01
3.004377555847167969e+01
3.013361358642578125e+01
3.029369163513183594e+01
3.028072929382324219e+01
3.025043106079101562e+01
3.031095886230468750e+01
3.012991142272949219e+01
2.983557701110839844e+01
2.977218437194824219e+01
2.957061195373535156e+01
2.957774353027343750e+01
2.942396163940429688e+01
2.914216613769531250e+01
2.911939239501953125e+01
2.915891647338867188e+01
2.919032669067382812e+01
2.925222396850585938e+01
2.928681755065917969e+01
2.912791442871093750e+01
2.907061576843261719e+01
2.930140686035156250e+01
2.939156723022460938e+01
2.951036453247070312e+01
2.968887138366699219e+01
2.966925811767578125e+01
2.969689941406250000e+01
2.956050300598144531e+01
2.936969566345214844e+01
2.933308792114257812e+01
2.916502761840820312e+01
2.919150352478027344e+01
