2.837010765075683594e+01
2.855315017700195312e+01
2.889644813537597656e+01
2.880372810363769531e+01
2.895005035400390625e+01
2.898596191406250000e+01
2.892041015625000000e+01
2.895382881164550781e+01
2.875456047058105469e+01
2.867158508300781250e+01
2.879181480407714844e+01
2.874558639526367188e+01
2.887578773498535156e+01
2.899003219604492188e+01
2.913911819458007812e+01
2.910423660278320312e+01
2.896018981933593750e+01
2.892844390869140625e+01
2.879084205627441406e+01
2.858988189697265625e+01
2.834726524353027344e+01
2.816117095947265625e+01
2.797457122802734375e+01
2.770382881164550781e+01
2.745821380615234375e+01
2.744046592712402344e+01
2.776241302490234375e+01
2.795980453491210938e+01
2.801598739624023438e+01
2.816898155212402344e+01
2.829633331298828125e+01
2.843128776550292969e+01
2.842057800292968750e+01
2.848177909851074219e+01
2.862704849243164062e+01
2.869282531738281250e+01
2.878934669494628906e+01
2.883386993408203125e+01
2.888632202148437500e+01
2.898262023925781250e+01
2.886405563354492188e+01
2.901214408874511719e+01
2.915709686279296875e+01
2.903015327453613281e+01
2.880442047119140625e+01
2.860786437988281250e+01
2.838159179687500000e+01
2.822371864318847656e+01
2.816624450683593750e+01
2.814502906799316406e+01
2.808727264404296875e+01
2.823229980468750000e+01
2.847499465942382812e+01
2.871064949035644531e+01
2.892350769042968750e+01
2.907578086853027344e+01
2.911430358886718750e+01
2.914407348632812500e+01
2.913152313232421875e+01
2.914178848266601562e+01
2.918417358398437500e+01
2.914575195312500000e+01
2.914113044738769531e+01
2.939313125610351562e+01
2.948384284973144531e+01
2.951365470886230469e+01
2.958830261230468750e+01
2.953820991516113281e+01
2.936822319030761719e+01
2.923678588867187500e+01
2.916899681091308594e+01
2.912619400024414062e+01
2.906050682067871094e+01
2.897987937927246094e+01
2.882884025573730469e+01
2.880323410034179688e+01
2.880141830444335938e+01
2.876638984680175781e+01
2.877339363098144531e+01
2.865242385864257812e+01
2.844233131408691406e+01
2.834623336791992188e+01
2.836212730407714844e+01
2.828637313842773438e+01
2.810694694519042969e+01
2.795905494689941406e+01
2.802848434448242188e+01
2.808420562744140625e+01
2.832792854309082031e+01
2.820889663696289062e+01
2.807070541381835938e+01
2.804828071594238281e+01
2.795325660705566406e+01
2.769215202331542969e+01
2.755015945434570312e+01
2.752164077758789062e+01
2.751967430114746094e+01
2.767866325378417969e+01
