3.172979354858398438e+01
3.183231163024902344e+01
3.206933593750000000e+01
3.213684844970703125e+01
3.222060012817382812e+01
3.227806472778320312e+01
3.203126907348632812e+01
3.194629096984863281e+01
3.184438514709472656e+01
3.189724731445312500e+01
3.197728919982910156e+01
3.164572334289550781e+01
3.137494468688964844e+01
3.127676391601562500e+01
3.118116569519042969e+01
3.110903167724609375e+01
3.097836875915527344e+01
3.081114387512207031e+01
3.083381652832031250e+01
3.081555175781250000e+01
3.088389778137207031e+01
3.096802520751953125e+01
3.084106445312500000e+01
3.085361099243164062e+01
3.081666755676269531e+01
3.066711425781250000e+01
3.049534416198730469e+01
3.039075469970703125e+01
3.034735488891601562e+01
3.034541320800781250e+01
3.028955078125000000e+01
3.019894409179687500e+01
3.004014205932617188e+01
2.971096611022949219e+01
2.939908027648925781e+01
2.934460639953613281e+01
2.932251930236816406e+01
2.934193038940429688e+01
2.944356346130371094e+01
2.964266777038574219e+01
2.983915328979492188e+01
3.001554107666015625e+01
3.012384605407714844e+01
3.013464546203613281e+01
3.008915328979492188e+01
3.002416610717773438e+01
3.003134346008300781e+01
3.021875381469726562e+01
3.052499580383300781e+01
3.069097518920898438e+01
3.073609924316406250e+01
3.057056999206542969e+01
3.039751625061035156e+01
3.036540412902832031e+01
3.048425102233886719e+01
3.071069908142089844e+01
3.095273971557617188e+01
3.092670440673828125e+01
3.092975616455078125e+01
3.098190307617187500e+01
3.066779136657714844e+01
3.023086738586425781e+01
2.998781967163085938e+01
3.012329483032226562e+01
3.026716613769531250e+01
3.038772392272949219e+01
3.044501113891601562e+01
3.058767509460449219e+01
3.082619094848632812e+01
3.083893966674804688e+01
3.086168289184570312e+01
3.082756805419921875e+01
3.098641014099121094e+01
3.141809844970703125e+01
3.185224914550781250e+01
3.196308898925781250e+01
3.184698104858398438e+01
3.176851654052734375e+01
3.181060981750488281e+01
3.192271614074707031e+01
3.199014472961425781e+01
3.197027778625488281e+01
3.188311386108398438e+01
3.172190475463867188e+01
3.163303184509277344e+01
3.131217765808105469e+01
3.106971549987792969e+01
3.107896423339843750e+01
3.105294418334960938e+01
3.114344787597656250e+01
3.142063713073730469e+01
3.144889068603515625e+01
3.156127357482910156e+01
3.180749511718750000e+01
3.173165130615234375e+01
3.177742385864257812e+01
3.193069648742675781e+01
