3.766467285156250000e+01
3.802919769287109375e+01
3.775820922851562500e+01
3.761230468750000000e+01
3.748855209350585938e+01
3.726959609985351562e+01
3.684724807739257812e+01
3.694474792480468750e+01
3.722339630126953125e+01
3.721003723144531250e+01
3.736842727661132812e+01
3.703073883056640625e+01
3.597125625610351562e+01
3.574760437011718750e+01
3.640970611572265625e+01
3.657420730590820312e+01
3.637242507934570312e+01
3.615449523925781250e+01
3.696041107177734375e+01
3.710582733154296875e+01
3.732965469360351562e+01
3.754253005981445312e+01
3.732154083251953125e+01
3.680168914794921875e+01
3.643813323974609375e+01
3.648768615722656250e+01
3.672593688964843750e+01
3.707292938232421875e+01
3.717350006103515625e+01
3.709624099731445312e+01
3.664592742919921875e+01
3.662568283081054688e+01
3.677841949462890625e+01
3.695431518554687500e+01
3.677014923095703125e+01
3.590796661376953125e+01
3.544517517089843750e+01
3.540922164916992188e+01
3.535071182250976562e+01
3.615327835083007812e+01
3.689774322509765625e+01
3.699719238281250000e+01
3.692469406127929688e+01
3.710183334350585938e+01
3.746044921875000000e+01
3.761991882324218750e+01
3.753230667114257812e+01
3.763850402832031250e+01
3.767668151855468750e+01
3.772397232055664062e+01
3.763964843750000000e+01
3.753558349609375000e+01
3.743897247314453125e+01
3.716023254394531250e+01
3.677231979370117188e+01
3.605891799926757812e+01
3.574415588378906250e+01
3.576141738891601562e+01
3.551691818237304688e+01
3.529479980468750000e+01
3.580912399291992188e+01
3.636782073974609375e+01
3.651173782348632812e+01
3.584342956542968750e+01
3.540058898925781250e+01
3.525070190429687500e+01
3.580917358398437500e+01
3.625900268554687500e+01
3.645817947387695312e+01
3.662346649169921875e+01
3.650619888305664062e+01
3.632633972167968750e+01
3.648863220214843750e+01
3.608115386962890625e+01
3.605991744995117188e+01
3.609550094604492188e+01
3.604585647583007812e+01
3.572666931152343750e+01
3.583908462524414062e+01
3.617325973510742188e+01
3.604309463500976562e+01
3.544952774047851562e+01
3.495184326171875000e+01
3.460560989379882812e+01
3.470187759399414062e+01
3.487654876708984375e+01
3.530558776855468750e+01
3.554390335083007812e+01
3.574869537353515625e+01
3.632323455810546875e+01
3.600712203979492188e+01
3.513410949707031250e+01
3.489934158325195312e+01
3.515105819702148438e+01
3.497959899902343750e+01
3.362497711181640625e+01
3.396323013305664062e+01
3.381824111938476562e+01
3.348770904541015625e+01
