2.854838752746582031e+01
2.871934127807617188e+01
2.917708587646484375e+01
2.918449974060058594e+01
2.932340049743652344e+01
2.934224700927734375e+01
2.937070083618164062e+01
2.920338821411132812e+01
2.897703933715820312e+01
2.924777603149414062e+01
2.960823059082031250e+01
3.127004051208496094e+01
3.095893859863281250e+01
3.122436332702636719e+01
3.132742118835449219e+01
3.101476287841796875e+01
2.964909553527832031e+01
2.909837150573730469e+01
2.888096046447753906e+01
2.875640296936035156e+01
2.884211730957031250e+01
2.879747200012207031e+01
2.894354629516601562e+01
2.930754089355468750e+01
2.990956306457519531e+01
3.079748153686523438e+01
3.145400428771972656e+01
3.137143325805664062e+01
3.117843818664550781e+01
3.103209114074707031e+01
3.104240226745605469e+01
3.128995704650878906e+01
3.144912528991699219e+01
3.135267829895019531e+01
3.128361320495605469e+01
2.974918174743652344e+01
2.893824005126953125e+01
2.894824790954589844e+01
2.864976501464843750e+01
2.836995697021484375e+01
2.803647613525390625e+01
2.790114021301269531e+01
2.800609970092773438e+01
2.801743698120117188e+01
2.795969772338867188e+01
2.810403823852539062e+01
2.820915222167968750e+01
2.820947837829589844e+01
2.819440460205078125e+01
2.830252838134765625e+01
2.843229103088378906e+01
2.856391906738281250e+01
2.877368736267089844e+01
2.901988029479980469e+01
2.930959892272949219e+01
3.001419258117675781e+01
3.093470001220703125e+01
3.119890975952148438e+01
3.119585227966308594e+01
3.066551399230957031e+01
2.988433265686035156e+01
2.914971160888671875e+01
2.890494918823242188e+01
2.894582557678222656e+01
2.918963241577148438e+01
2.890629577636718750e+01
2.871511459350585938e+01
2.874124336242675781e+01
2.869026756286621094e+01
2.862705039978027344e+01
2.863138580322265625e+01
2.871190643310546875e+01
2.873661613464355469e+01
2.864727783203125000e+01
2.861114883422851562e+01
2.858912658691406250e+01
2.849942398071289062e+01
2.831945991516113281e+01
2.817174911499023438e+01
2.810968589782714844e+01
2.801479148864746094e+01
2.787234115600585938e+01
2.782070922851562500e+01
2.785616111755371094e+01
2.794948959350585938e+01
2.815217208862304688e+01
2.848958587646484375e+01
2.872162437438964844e+01
2.879495048522949219e+01
2.851651573181152344e+01
2.823079299926757812e+01
2.805593109130859375e+01
2.798735809326171875e+01
2.816457176208496094e+01
2.840961456298828125e+01
2.862412643432617188e+01
2.882829093933105469e+01
2.825021553039550781e+01
2.771393585205078125e+01
2.785539245605468750e+01
