3.411811065673828125e+01
3.302811050415039062e+01
3.264557266235351562e+01
3.194092178344726562e+01
3.158864212036132812e+01
3.146472549438476562e+01
3.146146202087402344e+01
3.176794052124023438e+01
3.235883712768554688e+01
3.308801269531250000e+01
3.413748931884765625e+01
3.417267608642578125e+01
3.285205078125000000e+01
3.179206085205078125e+01
3.109486389160156250e+01
3.207161712646484375e+01
3.329109191894531250e+01
3.392594909667968750e+01
3.376189804077148438e+01
3.273129653930664062e+01
3.300816345214843750e+01
3.297307205200195312e+01
3.251935577392578125e+01
3.305381011962890625e+01
3.455572891235351562e+01
3.357836151123046875e+01
3.299868392944335938e+01
3.375090789794921875e+01
3.459304046630859375e+01
3.411874008178710938e+01
3.312203598022460938e+01
3.280326461791992188e+01
3.210142135620117188e+01
3.201927947998046875e+01
3.226458358764648438e+01
3.256385803222656250e+01
3.335847854614257812e+01
3.353452682495117188e+01
3.310066604614257812e+01
3.336553573608398438e+01
3.527183914184570312e+01
3.629225921630859375e+01
3.654832077026367188e+01
3.616031646728515625e+01
3.537059020996093750e+01
3.408395385742187500e+01
3.380689620971679688e+01
3.383684921264648438e+01
3.417703247070312500e+01
3.508784866333007812e+01
3.589552307128906250e+01
3.580829238891601562e+01
3.584587860107421875e+01
3.599309921264648438e+01
3.573173141479492188e+01
3.518558502197265625e+01
3.368600463867187500e+01
3.331307220458984375e+01
3.347741317749023438e+01
3.321429061889648438e+01
3.294620513916015625e+01
3.313093948364257812e+01
3.316229629516601562e+01
3.328962707519531250e+01
3.326245498657226562e+01
3.299684906005859375e+01
3.301849746704101562e+01
3.276031494140625000e+01
3.257138824462890625e+01
3.238275527954101562e+01
3.232579421997070312e+01
3.254685211181640625e+01
3.272230911254882812e+01
3.275858306884765625e+01
3.272734832763671875e+01
3.268795776367187500e+01
3.273337936401367188e+01
3.321273040771484375e+01
3.351981735229492188e+01
3.386574554443359375e+01
3.410860443115234375e+01
3.397665786743164062e+01
3.368888854980468750e+01
3.361033248901367188e+01
3.345257949829101562e+01
3.315467834472656250e+01
3.310488128662109375e+01
3.326554107666015625e+01
3.396089172363281250e+01
3.389299011230468750e+01
3.349948501586914062e+01
3.307870483398437500e+01
3.299631118774414062e+01
3.333258438110351562e+01
3.362133026123046875e+01
3.386532974243164062e+01
3.391436386108398438e+01
3.404560852050781250e+01
3.396437072753906250e+01
3.353182983398437500e+01
3.296398925781250000e+01
3.270722579956054688e+01
