3.350293350219726562e+01
3.343611145019531250e+01
3.295998764038085938e+01
3.262485885620117188e+01
3.253746032714843750e+01
3.276457214355468750e+01
3.275149917602539062e+01
3.308566284179687500e+01
3.309487915039062500e+01
3.300955963134765625e+01
3.287341308593750000e+01
3.266455459594726562e+01
3.237830734252929688e+01
3.215009689331054688e+01
3.221918869018554688e+01
3.199237251281738281e+01
3.205945587158203125e+01
3.190018272399902344e+01
3.168671989440917969e+01
3.177042579650878906e+01
3.181346130371093750e+01
3.205469894409179688e+01
3.219668197631835938e+01
3.230527114868164062e+01
3.235230636596679688e+01
3.256093978881835938e+01
3.258786773681640625e+01
3.243852615356445312e+01
3.197475051879882812e+01
3.132050323486328125e+01
3.131805610656738281e+01
3.176468276977539062e+01
3.224847793579101562e+01
3.248523330688476562e+01
3.264149093627929688e+01
3.284506607055664062e+01
3.292201232910156250e+01
3.245016098022460938e+01
3.211356735229492188e+01
3.192287063598632812e+01
3.205088424682617188e+01
3.227171325683593750e+01
3.244935989379882812e+01
3.249980163574218750e+01
3.259164047241210938e+01
3.260036087036132812e+01
3.247494506835937500e+01
3.221303558349609375e+01
3.194254684448242188e+01
3.204540634155273438e+01
3.215377807617187500e+01
3.231673431396484375e+01
3.242688369750976562e+01
3.242745590209960938e+01
3.239539337158203125e+01
3.227485275268554688e+01
3.228197860717773438e+01
3.233273315429687500e+01
3.251204299926757812e+01
3.255807876586914062e+01
3.275607299804687500e+01
3.288748168945312500e+01
3.298179626464843750e+01
3.282042312622070312e+01
3.265621185302734375e+01
3.262630844116210938e+01
3.254663085937500000e+01
3.245022583007812500e+01
3.229484176635742188e+01
3.217639541625976562e+01
3.215419006347656250e+01
3.227420043945312500e+01
3.229944610595703125e+01
3.225580596923828125e+01
3.222424697875976562e+01
3.227288818359375000e+01
3.236952590942382812e+01
3.221024322509765625e+01
3.207326507568359375e+01
3.215474319458007812e+01
3.237950515747070312e+01
3.272219467163085938e+01
3.283375930786132812e+01
3.297618865966796875e+01
3.306178283691406250e+01
3.293279647827148438e+01
3.287247085571289062e+01
3.290383529663085938e+01
3.313824462890625000e+01
3.346497344970703125e+01
3.288050079345703125e+01
3.242099380493164062e+01
3.244393920898437500e+01
3.281288528442382812e+01
3.292871093750000000e+01
3.258304214477539062e+01
3.221053695678710938e+01
3.200662994384765625e+01
