3.226589965820312500e+01
3.193227767944335938e+01
3.185556030273437500e+01
3.185517883300781250e+01
3.166933441162109375e+01
3.149037170410156250e+01
3.158164978027343750e+01
3.162571525573730469e+01
3.177520179748535156e+01
3.200136947631835938e+01
3.215485763549804688e+01
3.223858642578125000e+01
3.270839309692382812e+01
3.298431015014648438e+01
3.284421539306640625e+01
3.252403259277343750e+01
3.236172485351562500e+01
3.235234069824218750e+01
3.239383697509765625e+01
3.258720779418945312e+01
3.306688308715820312e+01
3.322491836547851562e+01
3.314321517944335938e+01
3.288414764404296875e+01
3.251163482666015625e+01
3.212295532226562500e+01
3.199522972106933594e+01
3.231307220458984375e+01
3.256719970703125000e+01
3.259370422363281250e+01
3.250691223144531250e+01
3.243423080444335938e+01
3.231136703491210938e+01
3.238499069213867188e+01
3.243533325195312500e+01
3.254439926147460938e+01
3.275461578369140625e+01
3.282711029052734375e+01
3.280862808227539062e+01
3.256166076660156250e+01
3.198804855346679688e+01
3.168730163574218750e+01
3.164602470397949219e+01
3.165182685852050781e+01
3.175788688659667969e+01
3.183863639831542969e+01
3.195763015747070312e+01
3.209465026855468750e+01
3.252617263793945312e+01
3.261208724975585938e+01
3.243800735473632812e+01
3.222444915771484375e+01
3.195602226257324219e+01
3.178914642333984375e+01
3.176716995239257812e+01
3.176067924499511719e+01
3.170454216003417969e+01
3.169595336914062500e+01
3.181210899353027344e+01
3.187658309936523438e+01
3.173538780212402344e+01
3.158944320678710938e+01
3.151938629150390625e+01
3.148772048950195312e+01
3.133444786071777344e+01
3.121728897094726562e+01
3.118540573120117188e+01
3.124698638916015625e+01
3.124999618530273438e+01
3.127531051635742188e+01
3.139029502868652344e+01
3.150649833679199219e+01
3.150621032714843750e+01
3.150950431823730469e+01
3.160970687866210938e+01
3.174980354309082031e+01
3.192158126831054688e+01
3.229573822021484375e+01
3.200963973999023438e+01
3.166581344604492188e+01
3.143956947326660156e+01
3.114383888244628906e+01
3.092870330810546875e+01
3.084317779541015625e+01
3.082596969604492188e+01
3.070028305053710938e+01
3.049033737182617188e+01
3.054561614990234375e+01
