3.454536056518554688e+01
3.400380706787109375e+01
3.362818145751953125e+01
3.339871215820312500e+01
3.299847412109375000e+01
3.302956390380859375e+01
3.285410690307617188e+01
3.259519958496093750e+01
3.309411621093750000e+01
3.345769882202148438e+01
3.298290634155273438e+01
3.232067108154296875e+01
3.213922500610351562e+01
3.222277450561523438e+01
3.266059112548828125e+01
3.307897949218750000e+01
3.306052780151367188e+01
3.321671676635742188e+01
3.261658096313476562e+01
3.192339134216308594e+01
3.213213348388671875e+01
3.257489013671875000e+01
3.304106140136718750e+01
3.349478912353515625e+01
3.387498092651367188e+01
3.404440307617187500e+01
3.387963867187500000e+01
3.370089340209960938e+01
3.349372100830078125e+01
3.329909133911132812e+01
3.315973663330078125e+01
3.318750762939453125e+01
3.322089767456054688e+01
3.325259017944335938e+01
3.301222229003906250e+01
3.279992294311523438e+01
3.264950561523437500e+01
3.268951034545898438e+01
3.265813064575195312e+01
3.280054855346679688e+01
3.276338958740234375e+01
3.237013244628906250e+01
3.201514816284179688e+01
3.195240402221679688e+01
3.229320907592773438e+01
3.272868347167968750e+01
3.284316253662109375e+01
3.274842834472656250e+01
3.283279418945312500e+01
3.309196090698242188e+01
3.302642059326171875e+01
3.255268478393554688e+01
3.239528274536132812e+01
3.261576461791992188e+01
3.278621292114257812e+01
3.299262237548828125e+01
3.310873413085937500e+01
3.327333450317382812e+01
3.356528472900390625e+01
3.358536911010742188e+01
3.314736557006835938e+01
3.246728134155273438e+01
3.225490188598632812e+01
3.207043838500976562e+01
3.174088287353515625e+01
3.183211326599121094e+01
3.223965454101562500e+01
3.227174377441406250e+01
3.197880935668945312e+01
3.201216506958007812e+01
3.189424705505371094e+01
3.145799636840820312e+01
3.148949050903320312e+01
3.131624603271484375e+01
3.117550086975097656e+01
3.058961105346679688e+01
3.070077133178710938e+01
3.098229026794433594e+01
3.122486495971679688e+01
3.133664894104003906e+01
3.166995620727539062e+01
3.205594253540039062e+01
3.244700622558593750e+01
3.228033065795898438e+01
3.213463592529296875e+01
3.222015762329101562e+01
3.232636260986328125e+01
3.288940811157226562e+01
3.338590240478515625e+01
3.360567474365234375e+01
3.372512054443359375e+01
3.386309814453125000e+01
3.398486328125000000e+01
3.398487472534179688e+01
3.412383651733398438e+01
3.604367828369140625e+01
3.685115432739257812e+01
3.694521331787109375e+01
3.670550155639648438e+01
