2.199622154235839844e+01
2.237128639221191406e+01
2.348016548156738281e+01
2.407325553894042969e+01
2.447217750549316406e+01
2.419366645812988281e+01
2.394061470031738281e+01
2.375758743286132812e+01
2.354524421691894531e+01
2.348051834106445312e+01
2.340979003906250000e+01
2.347828865051269531e+01
2.335473060607910156e+01
2.351868438720703125e+01
2.350464439392089844e+01
2.363736343383789062e+01
2.365324974060058594e+01
2.361294555664062500e+01
2.358138084411621094e+01
2.351726722717285156e+01
2.340646553039550781e+01
2.329656600952148438e+01
2.325852203369140625e+01
2.333732032775878906e+01
2.349539184570312500e+01
2.361544418334960938e+01
2.380543708801269531e+01
2.393500709533691406e+01
2.406937217712402344e+01
2.416359901428222656e+01
2.418070793151855469e+01
2.407292366027832031e+01
2.389259529113769531e+01
2.389194488525390625e+01
2.410311698913574219e+01
2.426793098449707031e+01
2.430931472778320312e+01
2.431496047973632812e+01
2.426439857482910156e+01
2.424240875244140625e+01
2.415950012207031250e+01
2.430932235717773438e+01
2.439259338378906250e+01
2.445821189880371094e+01
2.433240509033203125e+01
2.404835128784179688e+01
2.393962860107421875e+01
2.394011116027832031e+01
2.400973510742187500e+01
2.397441482543945312e+01
2.385908699035644531e+01
2.369256973266601562e+01
2.355166625976562500e+01
2.348441123962402344e+01
2.338271903991699219e+01
2.333223915100097656e+01
2.328877067565917969e+01
2.332205581665039062e+01
2.335677528381347656e+01
2.328724479675292969e+01
2.327796363830566406e+01
2.341003990173339844e+01
2.363381195068359375e+01
2.389461326599121094e+01
2.401777458190917969e+01
2.420705986022949219e+01
2.431343841552734375e+01
2.437508773803710938e+01
2.440559387207031250e+01
2.435908699035644531e+01
2.426534652709960938e+01
2.414832115173339844e+01
2.403012466430664062e+01
2.389753150939941406e+01
2.369871520996093750e+01
2.347016143798828125e+01
2.327034378051757812e+01
2.329401969909667969e+01
2.325183486938476562e+01
2.326739692687988281e+01
2.329993820190429688e+01
2.336326789855957031e+01
2.341686058044433594e+01
2.344297409057617188e+01
2.350303077697753906e+01
2.358834648132324219e+01
2.376458358764648438e+01
2.380637168884277344e+01
2.385657501220703125e+01
2.362517929077148438e+01
2.332119941711425781e+01
2.288644027709960938e+01
2.272058486938476562e+01
2.263070487976074219e+01
2.254806900024414062e+01
2.258338165283203125e+01
2.262541580200195312e+01
2.282096672058105469e+01
2.305351638793945312e+01
2.334142494201660156e+01
2.348385620117187500e+01
2.379390716552734375e+01
2.412879562377929688e+01
2.408540725708007812e+01
2.383366966247558594e+01
2.323239326477050781e+01
2.300268173217773438e+01
2.280180549621582031e+01
2.278647422790527344e+01
