3.490158843994140625e+01
3.570112228393554688e+01
3.587501907348632812e+01
3.555897521972656250e+01
3.560549926757812500e+01
3.571157073974609375e+01
3.634012603759765625e+01
3.675738906860351562e+01
3.620021438598632812e+01
3.567219543457031250e+01
3.476636123657226562e+01
3.456687927246093750e+01
3.465102005004882812e+01
3.463225555419921875e+01
3.507811737060546875e+01
3.672859954833984375e+01
3.696603393554687500e+01
3.671037673950195312e+01
3.671453857421875000e+01
3.640422439575195312e+01
3.579679107666015625e+01
3.545627593994140625e+01
3.498074340820312500e+01
3.478388214111328125e+01
3.495985794067382812e+01
3.520890045166015625e+01
3.478680419921875000e+01
3.462516021728515625e+01
3.488070297241210938e+01
3.510823822021484375e+01
3.482408905029296875e+01
3.463946533203125000e+01
3.471381378173828125e+01
3.473301696777343750e+01
3.473028182983398438e+01
3.470383453369140625e+01
3.516307067871093750e+01
3.548571395874023438e+01
3.551910018920898438e+01
3.584589767456054688e+01
3.600500106811523438e+01
3.553129959106445312e+01
3.513063812255859375e+01
3.451139068603515625e+01
3.422565841674804688e+01
3.404451751708984375e+01
3.409063720703125000e+01
3.411229705810546875e+01
3.413977813720703125e+01
3.414505386352539062e+01
3.430966567993164062e+01
3.481832504272460938e+01
3.587078475952148438e+01
3.586256408691406250e+01
3.465851593017578125e+01
3.476285552978515625e+01
3.526642227172851562e+01
3.542425537109375000e+01
3.476123428344726562e+01
3.458821868896484375e+01
3.484186172485351562e+01
3.545156097412109375e+01
3.517583847045898438e+01
3.515748977661132812e+01
3.525051879882812500e+01
3.531229019165039062e+01
3.540076065063476562e+01
3.529994964599609375e+01
3.521491622924804688e+01
3.522756576538085938e+01
3.479557418823242188e+01
3.474346923828125000e+01
3.444461441040039062e+01
3.428509902954101562e+01
3.457690429687500000e+01
3.508287048339843750e+01
3.444536972045898438e+01
3.422739028930664062e+01
3.419089889526367188e+01
3.420152282714843750e+01
3.436253356933593750e+01
3.445471954345703125e+01
3.498216629028320312e+01
3.540770339965820312e+01
3.509935760498046875e+01
3.521598052978515625e+01
3.533822631835937500e+01
3.643715667724609375e+01
3.589562225341796875e+01
3.519887924194335938e+01
3.502490997314453125e+01
3.518066406250000000e+01
3.538110733032226562e+01
3.526035690307617188e+01
3.504813385009765625e+01
3.471342849731445312e+01
3.484613418579101562e+01
3.573694992065429688e+01
3.614409255981445312e+01
3.626401138305664062e+01
3.674477005004882812e+01
3.722516632080078125e+01
3.733055496215820312e+01
3.687437820434570312e+01
3.668431472778320312e+01
