3.537739944458007812e+01
3.536840820312500000e+01
3.542937850952148438e+01
3.464555740356445312e+01
3.406444931030273438e+01
3.394295120239257812e+01
3.435230636596679688e+01
3.531929779052734375e+01
3.442025756835937500e+01
3.446755599975585938e+01
3.494089889526367188e+01
3.456774902343750000e+01
3.418436813354492188e+01
3.393774414062500000e+01
3.385198974609375000e+01
3.361407852172851562e+01
3.345491027832031250e+01
3.331814193725585938e+01
3.331823348999023438e+01
3.360309982299804688e+01
3.364149475097656250e+01
3.365175628662109375e+01
3.398304748535156250e+01
3.404690551757812500e+01
3.437028884887695312e+01
3.451575469970703125e+01
3.474186325073242188e+01
3.508820724487304688e+01
3.552403640747070312e+01
3.639354705810546875e+01
3.602450180053710938e+01
3.539223861694335938e+01
3.534414291381835938e+01
3.534321212768554688e+01
3.543144989013671875e+01
3.582577896118164062e+01
3.582783889770507812e+01
3.597198486328125000e+01
3.681918716430664062e+01
3.716849517822265625e+01
3.693365097045898438e+01
3.687242126464843750e+01
3.703836441040039062e+01
3.710565567016601562e+01
3.679900360107421875e+01
3.721221160888671875e+01
3.737652206420898438e+01
3.703199005126953125e+01
3.668046951293945312e+01
3.642002868652343750e+01
3.597179031372070312e+01
3.595742797851562500e+01
3.622833633422851562e+01
3.639740371704101562e+01
3.624591064453125000e+01
3.579173660278320312e+01
3.571650314331054688e+01
3.556964874267578125e+01
3.538185119628906250e+01
3.531272506713867188e+01
3.530245208740234375e+01
3.578050994873046875e+01
3.718799209594726562e+01
3.751190185546875000e+01
3.710290527343750000e+01
3.663497924804687500e+01
3.664315032958984375e+01
3.649579620361328125e+01
3.641187286376953125e+01
3.641690063476562500e+01
3.611655807495117188e+01
3.587448120117187500e+01
3.604641342163085938e+01
3.639384078979492188e+01
3.623883056640625000e+01
3.600734329223632812e+01
3.606024932861328125e+01
3.578629684448242188e+01
3.525883102416992188e+01
3.546802139282226562e+01
3.622394561767578125e+01
3.686684036254882812e+01
3.651760482788085938e+01
3.600342559814453125e+01
3.562906646728515625e+01
3.535450363159179688e+01
3.509650802612304688e+01
3.474033355712890625e+01
3.441124343872070312e+01
3.455987548828125000e+01
3.488512802124023438e+01
3.499689865112304688e+01
3.533034133911132812e+01
3.552537155151367188e+01
3.695402145385742188e+01
3.746941375732421875e+01
3.711625671386718750e+01
3.709444808959960938e+01
3.729797744750976562e+01
