2.964956092834472656e+01
2.959662437438964844e+01
2.905795288085937500e+01
2.918664169311523438e+01
2.927977371215820312e+01
2.972590065002441406e+01
3.067193412780761719e+01
3.167705154418945312e+01
3.170112037658691406e+01
3.069554710388183594e+01
2.946134567260742188e+01
2.919900512695312500e+01
2.889629554748535156e+01
2.871772003173828125e+01
2.869750022888183594e+01
2.880614089965820312e+01
2.911292076110839844e+01
2.951243591308593750e+01
2.999124717712402344e+01
3.008656692504882812e+01
2.899777221679687500e+01
2.862562179565429688e+01
2.855511474609375000e+01
2.843997573852539062e+01
2.837063980102539062e+01
2.830357360839843750e+01
2.845483779907226562e+01
2.881758308410644531e+01
2.966465377807617188e+01
2.979606056213378906e+01
2.969690322875976562e+01
2.963528823852539062e+01
2.987361907958984375e+01
3.001353645324707031e+01
3.090345382690429688e+01
3.112027931213378906e+01
3.116201591491699219e+01
3.107729721069335938e+01
3.102637863159179688e+01
3.095089912414550781e+01
2.997422599792480469e+01
2.960169410705566406e+01
3.049012756347656250e+01
3.060989379882812500e+01
2.992068481445312500e+01
2.890574455261230469e+01
2.890479850769042969e+01
2.908958625793457031e+01
2.897227668762207031e+01
2.897750091552734375e+01
2.913619041442871094e+01
2.951922416687011719e+01
2.984532356262207031e+01
3.062912178039550781e+01
3.133386039733886719e+01
3.139743041992187500e+01
3.107203865051269531e+01
3.117526817321777344e+01
3.105308723449707031e+01
3.085347747802734375e+01
3.079128837585449219e+01
3.063476562500000000e+01
2.988935661315917969e+01
2.967204284667968750e+01
3.026038742065429688e+01
2.978077125549316406e+01
2.890789985656738281e+01
2.882999801635742188e+01
2.871763038635253906e+01
2.856518173217773438e+01
2.846051216125488281e+01
2.837925529479980469e+01
2.840567970275878906e+01
2.848619651794433594e+01
2.870034790039062500e+01
2.883589553833007812e+01
2.881644248962402344e+01
2.901893043518066406e+01
2.917472076416015625e+01
2.902690887451171875e+01
2.873535919189453125e+01
2.856559371948242188e+01
2.839344215393066406e+01
2.845316505432128906e+01
2.872877120971679688e+01
2.880909347534179688e+01
2.891114425659179688e+01
2.959406280517578125e+01
3.117222023010253906e+01
3.121997833251953125e+01
3.122727394104003906e+01
3.139757919311523438e+01
3.044799995422363281e+01
2.977849960327148438e+01
2.950252532958984375e+01
2.935705757141113281e+01
2.909850120544433594e+01
2.867925262451171875e+01
2.837238311767578125e+01
2.822266006469726562e+01
2.797541809082031250e+01
2.775468063354492188e+01
