2.738865661621093750e+01
2.710687446594238281e+01
2.722300529479980469e+01
2.739164161682128906e+01
2.750533103942871094e+01
2.754924583435058594e+01
2.763714218139648438e+01
2.770475387573242188e+01
2.749049568176269531e+01
2.786045646667480469e+01
2.819094276428222656e+01
2.849162483215332031e+01
2.868534660339355469e+01
2.859368896484375000e+01
2.856749343872070312e+01
2.843931198120117188e+01
2.834367179870605469e+01
2.815146446228027344e+01
2.798362159729003906e+01
2.793751144409179688e+01
2.783167839050292969e+01
2.765279960632324219e+01
2.748897933959960938e+01
2.753011703491210938e+01
2.761016654968261719e+01
2.764653396606445312e+01
2.758443450927734375e+01
2.742629432678222656e+01
2.736903190612792969e+01
2.721239662170410156e+01
2.727087402343750000e+01
2.720293807983398438e+01
2.683863449096679688e+01
2.665879058837890625e+01
2.675659179687500000e+01
2.692769050598144531e+01
2.720405387878417969e+01
2.718821144104003906e+01
2.718463325500488281e+01
2.691066741943359375e+01
2.683603286743164062e+01
2.690428161621093750e+01
2.706430816650390625e+01
2.723691177368164062e+01
2.721418952941894531e+01
2.714853668212890625e+01
2.702107429504394531e+01
2.686370468139648438e+01
2.673962783813476562e+01
2.659919357299804688e+01
2.643115043640136719e+01
2.620845031738281250e+01
2.599221038818359375e+01
2.586060714721679688e+01
2.593333053588867188e+01
2.618865585327148438e+01
2.650178909301757812e+01
2.656594848632812500e+01
2.639257049560546875e+01
2.632058715820312500e+01
2.623356246948242188e+01
2.615100479125976562e+01
2.610811424255371094e+01
2.614990043640136719e+01
2.635677337646484375e+01
2.653162956237792969e+01
2.666611671447753906e+01
2.665841865539550781e+01
2.631470108032226562e+01
2.607919883728027344e+01
2.600699806213378906e+01
2.610343742370605469e+01
2.628236770629882812e+01
2.646577072143554688e+01
2.654764175415039062e+01
2.668338203430175781e+01
2.669197273254394531e+01
2.686549377441406250e+01
2.689453887939453125e+01
2.676447486877441406e+01
2.650976753234863281e+01
2.624522018432617188e+01
2.613617324829101562e+01
2.599300193786621094e+01
2.592218208312988281e+01
2.582660293579101562e+01
2.611021804809570312e+01
2.645881652832031250e+01
2.686247634887695312e+01
2.723928833007812500e+01
2.736304473876953125e+01
2.739046096801757812e+01
2.710553359985351562e+01
2.688761138916015625e+01
2.706844902038574219e+01
2.710838508605957031e+01
2.748439216613769531e+01
2.705361366271972656e+01
2.697544097900390625e+01
2.656442832946777344e+01
2.660050773620605469e+01
2.724694442749023438e+01
