3.695380401611328125e+01
3.721950912475585938e+01
3.692065811157226562e+01
3.733227157592773438e+01
3.771837615966796875e+01
3.774182510375976562e+01
3.766077423095703125e+01
3.740215301513671875e+01
3.759953689575195312e+01
3.770666503906250000e+01
3.811508560180664062e+01
3.851741409301757812e+01
3.794239044189453125e+01
3.765591049194335938e+01
3.744530105590820312e+01
3.725429534912109375e+01
3.703874969482421875e+01
3.735018920898437500e+01
3.784317016601562500e+01
3.811399841308593750e+01
3.836135864257812500e+01
3.818276977539062500e+01
3.802639389038085938e+01
3.795901870727539062e+01
3.820144271850585938e+01
3.793895721435546875e+01
3.786558532714843750e+01
3.783052825927734375e+01
3.785166931152343750e+01
3.797581863403320312e+01
3.743511962890625000e+01
3.756529998779296875e+01
3.663376617431640625e+01
3.661272811889648438e+01
3.695258712768554688e+01
3.761247634887695312e+01
3.765866088867187500e+01
3.801700592041015625e+01
3.848413085937500000e+01
3.835669708251953125e+01
3.825909042358398438e+01
3.826654815673828125e+01
3.846031188964843750e+01
3.892690277099609375e+01
3.900806808471679688e+01
3.860639953613281250e+01
3.800809860229492188e+01
3.825635910034179688e+01
3.819478607177734375e+01
3.707319641113281250e+01
3.517991638183593750e+01
3.555516433715820312e+01
3.581065368652343750e+01
3.627600479125976562e+01
3.668503952026367188e+01
3.668477630615234375e+01
3.624934768676757812e+01
3.688162994384765625e+01
3.805836868286132812e+01
3.808874893188476562e+01
3.811306762695312500e+01
3.769937515258789062e+01
3.784475708007812500e+01
3.775312423706054688e+01
3.692208862304687500e+01
3.648634338378906250e+01
3.686838150024414062e+01
3.590781402587890625e+01
3.571140670776367188e+01
3.487513732910156250e+01
3.642578506469726562e+01
3.736770248413085938e+01
3.750530242919921875e+01
3.610680770874023438e+01
3.569063186645507812e+01
3.735960769653320312e+01
3.730474853515625000e+01
3.849890136718750000e+01
3.856159210205078125e+01
3.850286865234375000e+01
3.770950698852539062e+01
3.767970657348632812e+01
3.754396820068359375e+01
3.749790954589843750e+01
3.709525299072265625e+01
3.705451202392578125e+01
3.809597396850585938e+01
3.825112915039062500e+01
3.830185699462890625e+01
3.812945175170898438e+01
3.805068588256835938e+01
3.785680389404296875e+01
3.806953811645507812e+01
3.856235885620117188e+01
3.846833419799804688e+01
3.859251022338867188e+01
3.832500457763671875e+01
3.828206634521484375e+01
3.778176116943359375e+01
3.727190780639648438e+01
3.729740905761718750e+01
3.541731262207031250e+01
3.624759674072265625e+01
3.742618942260742188e+01
