3.569469833374023438e+01
3.488744354248046875e+01
3.469974136352539062e+01
3.516665267944335938e+01
3.536792755126953125e+01
3.504919052124023438e+01
3.507495880126953125e+01
3.551431655883789062e+01
3.556432342529296875e+01
3.568735504150390625e+01
3.543450546264648438e+01
3.498873901367187500e+01
3.472341156005859375e+01
3.455529022216796875e+01
3.441447448730468750e+01
3.435118484497070312e+01
3.445945358276367188e+01
3.441333007812500000e+01
3.431487655639648438e+01
3.437876129150390625e+01
3.460067367553710938e+01
3.473168945312500000e+01
3.461437225341796875e+01
3.461883926391601562e+01
3.457685852050781250e+01
3.455093002319335938e+01
3.465677642822265625e+01
3.486137008666992188e+01
3.512319183349609375e+01
3.518202209472656250e+01
3.497090911865234375e+01
3.478974914550781250e+01
3.468825531005859375e+01
3.481455612182617188e+01
3.496399307250976562e+01
3.496038818359375000e+01
3.499817657470703125e+01
3.499536132812500000e+01
3.496128463745117188e+01
3.489832687377929688e+01
3.488984680175781250e+01
3.497160720825195312e+01
3.525765609741210938e+01
3.542825698852539062e+01
3.530492401123046875e+01
3.534857940673828125e+01
3.629039764404296875e+01
3.727263259887695312e+01
3.578994750976562500e+01
3.536484146118164062e+01
3.540505981445312500e+01
3.554386901855468750e+01
3.546561431884765625e+01
3.626326370239257812e+01
3.574814605712890625e+01
3.547858047485351562e+01
3.531219863891601562e+01
3.571081542968750000e+01
3.539761352539062500e+01
3.537210083007812500e+01
3.531356811523437500e+01
3.737177276611328125e+01
3.767205047607421875e+01
3.760632705688476562e+01
3.724678039550781250e+01
3.547829437255859375e+01
3.546738052368164062e+01
3.575787353515625000e+01
3.595748901367187500e+01
3.555836868286132812e+01
3.518452835083007812e+01
3.488660430908203125e+01
3.471463394165039062e+01
3.459553146362304688e+01
3.463187026977539062e+01
3.478319549560546875e+01
3.505901718139648438e+01
3.504187393188476562e+01
3.486113739013671875e+01
3.478340148925781250e+01
3.489884948730468750e+01
3.500310897827148438e+01
3.495539855957031250e+01
3.485610198974609375e+01
3.486282348632812500e+01
3.477073287963867188e+01
3.470473098754882812e+01
3.449966812133789062e+01
3.460086059570312500e+01
3.487809371948242188e+01
3.501661300659179688e+01
3.479610061645507812e+01
3.435914230346679688e+01
3.412761688232421875e+01
3.403951263427734375e+01
3.414867401123046875e+01
3.451337432861328125e+01
3.447084045410156250e+01
3.488793182373046875e+01
3.519725799560546875e+01
3.472078323364257812e+01
3.491228103637695312e+01
3.566160964965820312e+01
3.654254531860351562e+01
3.648540115356445312e+01
