3.433893585205078125e+01
3.504005050659179688e+01
3.511129379272460938e+01
3.490659713745117188e+01
3.470614242553710938e+01
3.469816589355468750e+01
3.493327713012695312e+01
3.500928878784179688e+01
3.459770965576171875e+01
3.447691726684570312e+01
3.458478546142578125e+01
3.450857925415039062e+01
3.405663299560546875e+01
3.381295776367187500e+01
3.407020187377929688e+01
3.422172164916992188e+01
3.385320281982421875e+01
3.372003936767578125e+01
3.366670227050781250e+01
3.428222274780273438e+01
3.488807296752929688e+01
3.522203445434570312e+01
3.553641510009765625e+01
3.574652862548828125e+01
3.566998291015625000e+01
3.550062942504882812e+01
3.554091262817382812e+01
3.534071731567382812e+01
3.510556793212890625e+01
3.504510116577148438e+01
3.482067489624023438e+01
3.481135177612304688e+01
3.450995254516601562e+01
3.407462310791015625e+01
3.381064987182617188e+01
3.381863021850585938e+01
3.418769454956054688e+01
3.515605163574218750e+01
3.583254623413085938e+01
3.612672042846679688e+01
3.630130386352539062e+01
3.609120941162109375e+01
3.580669403076171875e+01
3.588509750366210938e+01
3.594689178466796875e+01
3.592491531372070312e+01
3.572085952758789062e+01
3.560786437988281250e+01
3.554550552368164062e+01
3.569535064697265625e+01
3.576652145385742188e+01
3.595434951782226562e+01
3.599971389770507812e+01
3.594878768920898438e+01
3.499100494384765625e+01
3.435408782958984375e+01
3.454178237915039062e+01
3.530307769775390625e+01
3.573991775512695312e+01
3.583205032348632812e+01
3.571776199340820312e+01
3.574497222900390625e+01
3.586752319335937500e+01
3.579487991333007812e+01
3.535374832153320312e+01
3.472738265991210938e+01
3.432813644409179688e+01
3.437876129150390625e+01
3.397497558593750000e+01
3.403244018554687500e+01
3.425345993041992188e+01
3.451501464843750000e+01
3.452655792236328125e+01
3.439038467407226562e+01
3.392118072509765625e+01
3.354132080078125000e+01
3.389896392822265625e+01
3.467816543579101562e+01
3.539895248413085938e+01
3.597649765014648438e+01
3.628414916992187500e+01
3.620604324340820312e+01
3.597345733642578125e+01
3.587638092041015625e+01
3.590230941772460938e+01
3.578310394287109375e+01
3.529586410522460938e+01
3.484908676147460938e+01
3.497166061401367188e+01
3.520301437377929688e+01
3.524670410156250000e+01
3.512849044799804688e+01
3.509117889404296875e+01
3.525019454956054688e+01
3.497138977050781250e+01
3.472841644287109375e+01
3.473717498779296875e+01
3.504278945922851562e+01
3.555005264282226562e+01
3.559891128540039062e+01
3.574683761596679688e+01
3.514007568359375000e+01
3.506070327758789062e+01
3.517140960693359375e+01
3.494738769531250000e+01
3.442333221435546875e+01
