3.524495315551757812e+01
3.490329742431640625e+01
3.507355880737304688e+01
3.538956069946289062e+01
3.643807983398437500e+01
3.654841232299804688e+01
3.624327087402343750e+01
3.586493682861328125e+01
3.536670684814453125e+01
3.497737884521484375e+01
3.467721176147460938e+01
3.497030639648437500e+01
3.495045471191406250e+01
3.484123229980468750e+01
3.442555999755859375e+01
3.421391677856445312e+01
3.406389617919921875e+01
3.401434326171875000e+01
3.399609375000000000e+01
3.395261383056640625e+01
3.395185470581054688e+01
3.426039123535156250e+01
3.452223968505859375e+01
3.472077560424804688e+01
3.472967529296875000e+01
3.436525726318359375e+01
3.364304733276367188e+01
3.347893524169921875e+01
3.354109954833984375e+01
3.367224121093750000e+01
3.366384887695312500e+01
3.360180664062500000e+01
3.364022827148437500e+01
3.425766754150390625e+01
3.451181793212890625e+01
3.460454940795898438e+01
3.459540939331054688e+01
3.445619201660156250e+01
3.430747222900390625e+01
3.417413330078125000e+01
3.414183044433593750e+01
3.391595840454101562e+01
3.395003890991210938e+01
3.395840454101562500e+01
3.346397781372070312e+01
3.335179519653320312e+01
3.352406692504882812e+01
3.403841400146484375e+01
3.453709793090820312e+01
3.457905197143554688e+01
3.450416946411132812e+01
3.443295669555664062e+01
3.423656463623046875e+01
3.384889602661132812e+01
3.349687194824218750e+01
3.342313003540039062e+01
3.354563522338867188e+01
3.390479278564453125e+01
3.425519943237304688e+01
3.422584152221679688e+01
3.393552017211914062e+01
3.389255142211914062e+01
3.385182189941406250e+01
3.377629470825195312e+01
3.392394256591796875e+01
3.388191223144531250e+01
3.379218673706054688e+01
3.350752258300781250e+01
3.328311157226562500e+01
3.304229354858398438e+01
3.279941177368164062e+01
3.306595993041992188e+01
3.318288803100585938e+01
3.318265914916992188e+01
3.289606857299804688e+01
3.293417358398437500e+01
3.316902542114257812e+01
3.353229904174804688e+01
3.377353668212890625e+01
3.378516006469726562e+01
3.392012405395507812e+01
3.401080703735351562e+01
3.400600814819335938e+01
3.405369567871093750e+01
3.404396820068359375e+01
3.366791534423828125e+01
3.328026199340820312e+01
3.312752532958984375e+01
3.341260910034179688e+01
3.377085494995117188e+01
3.398162460327148438e+01
3.369733047485351562e+01
3.391418075561523438e+01
3.433188629150390625e+01
3.452695465087890625e+01
3.466709899902343750e+01
3.507252120971679688e+01
3.507730484008789062e+01
3.505754852294921875e+01
3.497218704223632812e+01
3.431859207153320312e+01
3.379251098632812500e+01
3.391610336303710938e+01
3.428466033935546875e+01
