2.893623161315917969e+01
2.837085914611816406e+01
2.810729980468750000e+01
2.832328796386718750e+01
2.898772811889648438e+01
2.923156547546386719e+01
2.924705886840820312e+01
2.918356895446777344e+01
2.911047363281250000e+01
2.953092384338378906e+01
2.927956581115722656e+01
2.912059402465820312e+01
2.913368415832519531e+01
2.923495674133300781e+01
2.903406143188476562e+01
2.867566299438476562e+01
2.853582000732421875e+01
2.848762321472167969e+01
2.830459976196289062e+01
2.824031257629394531e+01
2.830050086975097656e+01
2.821863746643066406e+01
2.809504508972167969e+01
2.777457427978515625e+01
2.763296508789062500e+01
2.781142807006835938e+01
2.796825218200683594e+01
2.813270950317382812e+01
2.823542213439941406e+01
2.836840629577636719e+01
2.850061798095703125e+01
2.861349105834960938e+01
2.866187477111816406e+01
2.845492362976074219e+01
2.822646141052246094e+01
2.818379020690917969e+01
2.824471855163574219e+01
2.826590156555175781e+01
2.828348731994628906e+01
2.868646430969238281e+01
2.876353454589843750e+01
2.881426620483398438e+01
2.856917953491210938e+01
2.810241508483886719e+01
2.798711395263671875e+01
2.795830726623535156e+01
2.788469123840332031e+01
2.794471168518066406e+01
2.807273674011230469e+01
2.820084953308105469e+01
2.826989555358886719e+01
2.831907844543457031e+01
2.833893013000488281e+01
2.834232521057128906e+01
2.834199905395507812e+01
2.842352676391601562e+01
2.863183021545410156e+01
2.869914436340332031e+01
2.867063903808593750e+01
2.864000701904296875e+01
2.862876510620117188e+01
2.868423461914062500e+01
2.872861671447753906e+01
2.874900817871093750e+01
2.865947151184082031e+01
2.847850990295410156e+01
2.844907951354980469e+01
2.843358039855957031e+01
2.845520019531250000e+01
2.858376884460449219e+01
2.863603019714355469e+01
2.864528465270996094e+01
2.877237701416015625e+01
2.900682067871093750e+01
2.923960113525390625e+01
2.922419357299804688e+01
2.924333953857421875e+01
2.923083877563476562e+01
2.924710464477539062e+01
2.916998100280761719e+01
2.921969604492187500e+01
2.947664642333984375e+01
2.974985122680664062e+01
2.975185775756835938e+01
2.955646324157714844e+01
2.952211761474609375e+01
2.956320571899414062e+01
2.950633811950683594e+01
2.948019981384277344e+01
2.932610130310058594e+01
2.920162963867187500e+01
2.908941268920898438e+01
2.914553833007812500e+01
2.915833091735839844e+01
2.927231216430664062e+01
2.941237831115722656e+01
2.952045249938964844e+01
2.958683204650878906e+01
2.962204360961914062e+01
2.978224945068359375e+01
3.028312301635742188e+01
3.053574943542480469e+01
3.016297340393066406e+01
2.920031166076660156e+01
2.878000068664550781e+01
2.911238861083984375e+01
2.921834182739257812e+01
2.929638481140136719e+01
