3.662030029296875000e+01
3.643347549438476562e+01
3.584313583374023438e+01
3.610405731201171875e+01
3.671856689453125000e+01
3.685506820678710938e+01
3.692407608032226562e+01
3.721085739135742188e+01
3.738986206054687500e+01
3.757791900634765625e+01
3.737392044067382812e+01
3.689329528808593750e+01
3.662873840332031250e+01
3.696592330932617188e+01
3.709178161621093750e+01
3.705442810058593750e+01
3.709479904174804688e+01
3.719289398193359375e+01
3.690458679199218750e+01
3.661339187622070312e+01
3.661375045776367188e+01
3.687204742431640625e+01
3.695487213134765625e+01
3.691805267333984375e+01
3.690995788574218750e+01
3.719259643554687500e+01
3.733443450927734375e+01
3.728838729858398438e+01
3.709499740600585938e+01
3.709180450439453125e+01
3.713465881347656250e+01
3.691527938842773438e+01
3.646307373046875000e+01
3.617901229858398438e+01
3.614276504516601562e+01
3.639016723632812500e+01
3.642063522338867188e+01
3.660361862182617188e+01
3.617312240600585938e+01
3.609927749633789062e+01
3.711258316040039062e+01
3.729600143432617188e+01
3.668071746826171875e+01
3.609819793701171875e+01
3.596001815795898438e+01
3.581313323974609375e+01
3.573803329467773438e+01
3.549871063232421875e+01
3.516133117675781250e+01
3.495817947387695312e+01
3.535615158081054688e+01
3.689173507690429688e+01
3.693188476562500000e+01
3.674678802490234375e+01
3.666544342041015625e+01
3.510857009887695312e+01
3.481807708740234375e+01
3.495780181884765625e+01
3.530384826660156250e+01
3.532487106323242188e+01
3.518108367919921875e+01
3.513171768188476562e+01
3.538165664672851562e+01
3.541803741455078125e+01
3.528297042846679688e+01
3.592898178100585938e+01
3.645060348510742188e+01
3.633188629150390625e+01
3.632878112792968750e+01
3.633410644531250000e+01
3.641689300537109375e+01
3.595095062255859375e+01
3.559277725219726562e+01
3.519453048706054688e+01
3.462765121459960938e+01
3.485166549682617188e+01
3.598529434204101562e+01
3.672974777221679688e+01
3.699990844726562500e+01
3.685031127929687500e+01
3.683863830566406250e+01
3.690428924560546875e+01
3.704687500000000000e+01
3.716500473022460938e+01
3.709881210327148438e+01
3.723049926757812500e+01
3.733830642700195312e+01
3.739513397216796875e+01
3.740194320678710938e+01
3.735058975219726562e+01
3.726150131225585938e+01
3.711859512329101562e+01
3.714710235595703125e+01
3.705547714233398438e+01
3.673038482666015625e+01
3.609201812744140625e+01
3.591225433349609375e+01
3.624056625366210938e+01
3.622086715698242188e+01
3.604058456420898438e+01
3.573642730712890625e+01
3.552396774291992188e+01
3.504512405395507812e+01
3.441236495971679688e+01
3.410427093505859375e+01
3.419531631469726562e+01
3.422899246215820312e+01
