3.362578201293945312e+01
3.346180725097656250e+01
3.358268737792968750e+01
3.405545806884765625e+01
3.433673477172851562e+01
3.446776199340820312e+01
3.438840866088867188e+01
3.438978958129882812e+01
3.412288665771484375e+01
3.356103515625000000e+01
3.344701385498046875e+01
3.326469039916992188e+01
3.328935241699218750e+01
3.345206451416015625e+01
3.324195098876953125e+01
3.315890502929687500e+01
3.317848205566406250e+01
3.351076889038085938e+01
3.397736358642578125e+01
3.425628662109375000e+01
3.430348968505859375e+01
3.444209671020507812e+01
3.599867248535156250e+01
3.672094726562500000e+01
3.656248855590820312e+01
3.556177139282226562e+01
3.509009552001953125e+01
3.516251754760742188e+01
3.554442977905273438e+01
3.504134368896484375e+01
3.456711959838867188e+01
3.425568008422851562e+01
3.403079223632812500e+01
3.388401031494140625e+01
3.380766296386718750e+01
3.365093994140625000e+01
3.342760086059570312e+01
3.324551773071289062e+01
3.309714508056640625e+01
3.303253555297851562e+01
3.304931640625000000e+01
3.313140487670898438e+01
3.307013320922851562e+01
3.302601623535156250e+01
3.314213562011718750e+01
3.333799362182617188e+01
3.349901962280273438e+01
3.358025360107421875e+01
3.366184997558593750e+01
3.373138427734375000e+01
3.380935287475585938e+01
3.378586578369140625e+01
3.369984054565429688e+01
3.379631423950195312e+01
3.357695388793945312e+01
3.334260940551757812e+01
3.321604537963867188e+01
3.312141799926757812e+01
3.320730590820312500e+01
3.320630645751953125e+01
3.319544219970703125e+01
3.313985443115234375e+01
3.308938598632812500e+01
3.300606918334960938e+01
3.291660690307617188e+01
3.294731521606445312e+01
3.331734848022460938e+01
3.365436935424804688e+01
3.376219177246093750e+01
3.367607498168945312e+01
3.357486724853515625e+01
3.359415054321289062e+01
3.386761093139648438e+01
3.399066543579101562e+01
3.389144134521484375e+01
3.383778762817382812e+01
3.391986083984375000e+01
3.396212768554687500e+01
3.400795364379882812e+01
3.412131881713867188e+01
3.412894058227539062e+01
3.402535629272460938e+01
3.389921569824218750e+01
3.381444168090820312e+01
3.397689819335937500e+01
3.413663864135742188e+01
3.456268310546875000e+01
3.440904617309570312e+01
3.427589797973632812e+01
3.427988052368164062e+01
3.415486526489257812e+01
3.410729217529296875e+01
3.390723800659179688e+01
3.367349624633789062e+01
3.375736618041992188e+01
3.449658203125000000e+01
3.616000747680664062e+01
3.439834976196289062e+01
3.356613540649414062e+01
3.355315399169921875e+01
