3.469926834106445312e+01
3.457729721069335938e+01
3.459810638427734375e+01
3.453631973266601562e+01
3.447797393798828125e+01
3.448863601684570312e+01
3.427858352661132812e+01
3.404087829589843750e+01
3.416376876831054688e+01
3.438480377197265625e+01
3.442519378662109375e+01
3.439731597900390625e+01
3.439827728271484375e+01
3.421992492675781250e+01
3.390843963623046875e+01
3.396138000488281250e+01
3.390784072875976562e+01
3.382027053833007812e+01
3.374370574951171875e+01
3.361586761474609375e+01
3.359928131103515625e+01
3.368133926391601562e+01
3.362306976318359375e+01
3.353583526611328125e+01
3.361062622070312500e+01
3.349097824096679688e+01
3.359105682373046875e+01
3.390033721923828125e+01
3.432855987548828125e+01
3.481156921386718750e+01
3.514642715454101562e+01
3.515750122070312500e+01
3.492593765258789062e+01
3.479876708984375000e+01
3.479462051391601562e+01
3.488753509521484375e+01
3.494693374633789062e+01
3.499377822875976562e+01
3.509719085693359375e+01
3.510614395141601562e+01
3.552872467041015625e+01
3.611880111694335938e+01
3.618571472167968750e+01
3.562101745605468750e+01
3.491759109497070312e+01
3.463355636596679688e+01
3.454509353637695312e+01
3.460697937011718750e+01
3.464934539794921875e+01
3.453605651855468750e+01
3.457632064819335938e+01
3.478230667114257812e+01
3.492375946044921875e+01
3.525589752197265625e+01
3.649953079223632812e+01
3.650254440307617188e+01
3.627195358276367188e+01
3.623357772827148438e+01
3.672371292114257812e+01
3.692465972900390625e+01
3.697024154663085938e+01
3.693021392822265625e+01
3.665262222290039062e+01
3.649431610107421875e+01
3.660474777221679688e+01
3.657899856567382812e+01
3.660015487670898438e+01
3.652094650268554688e+01
3.630818557739257812e+01
3.534415435791015625e+01
3.458199310302734375e+01
3.460815048217773438e+01
3.470873641967773438e+01
3.469461822509765625e+01
3.482466125488281250e+01
3.566729736328125000e+01
3.584917449951171875e+01
3.593621826171875000e+01
3.613451766967773438e+01
3.619653701782226562e+01
3.679703903198242188e+01
3.685025024414062500e+01
3.667855072021484375e+01
3.664353561401367188e+01
3.656623840332031250e+01
3.577570343017578125e+01
3.486802673339843750e+01
3.471434020996093750e+01
3.455868530273437500e+01
3.508157348632812500e+01
