3.189748954772949219e+01
3.229520034790039062e+01
3.289000701904296875e+01
3.313853073120117188e+01
3.318611526489257812e+01
3.322728729248046875e+01
3.311978149414062500e+01
3.287007904052734375e+01
3.304178619384765625e+01
3.343367385864257812e+01
3.367696380615234375e+01
3.390126419067382812e+01
3.425230407714843750e+01
3.338323974609375000e+01
3.267803955078125000e+01
3.379707717895507812e+01
3.407552337646484375e+01
3.390102386474609375e+01
3.363598632812500000e+01
3.329604721069335938e+01
3.304768753051757812e+01
3.304115676879882812e+01
3.273527145385742188e+01
3.297277069091796875e+01
3.345378875732421875e+01
3.375497436523437500e+01
3.388158035278320312e+01
3.417066955566406250e+01
3.440827941894531250e+01
3.441247558593750000e+01
3.446818161010742188e+01
3.440771102905273438e+01
3.429653549194335938e+01
3.435048294067382812e+01
3.462452697753906250e+01
3.461244964599609375e+01
3.449424362182617188e+01
3.429165267944335938e+01
3.424371719360351562e+01
3.450072860717773438e+01
3.460052490234375000e+01
3.441529846191406250e+01
3.437630844116210938e+01
3.429084014892578125e+01
3.402735137939453125e+01
3.385588073730468750e+01
3.389884948730468750e+01
3.392912673950195312e+01
3.389253234863281250e+01
3.382997512817382812e+01
3.373513412475585938e+01
3.360141372680664062e+01
3.360591888427734375e+01
3.354463958740234375e+01
3.347475433349609375e+01
3.337070846557617188e+01
3.341033172607421875e+01
3.352999114990234375e+01
3.365385437011718750e+01
3.380134963989257812e+01
3.394867324829101562e+01
3.388734054565429688e+01
3.382650375366210938e+01
3.384473037719726562e+01
3.373846435546875000e+01
3.342051315307617188e+01
3.328804016113281250e+01
3.344504928588867188e+01
3.353800201416015625e+01
3.382023239135742188e+01
3.434055328369140625e+01
3.464981079101562500e+01
3.429520034790039062e+01
3.388780212402343750e+01
3.370169830322265625e+01
3.347126770019531250e+01
3.328939819335937500e+01
3.342717742919921875e+01
3.333716964721679688e+01
3.338019943237304688e+01
3.336949920654296875e+01
3.314387893676757812e+01
3.310485458374023438e+01
3.323202896118164062e+01
3.364414978027343750e+01
3.448867416381835938e+01
3.435425949096679688e+01
3.380806350708007812e+01
3.352938461303710938e+01
3.331277084350585938e+01
3.311906814575195312e+01
3.308330917358398438e+01
3.303879547119140625e+01
3.336286163330078125e+01
3.380244064331054688e+01
3.415955734252929688e+01
3.387921142578125000e+01
3.369543075561523438e+01
