3.670918655395507812e+01
3.662217330932617188e+01
3.664805221557617188e+01
3.660051727294921875e+01
3.666897964477539062e+01
3.646158981323242188e+01
3.603635025024414062e+01
3.547703170776367188e+01
3.528433609008789062e+01
3.498342514038085938e+01
3.472639083862304688e+01
3.467662429809570312e+01
3.459566116333007812e+01
3.468190383911132812e+01
3.497357559204101562e+01
3.554136657714843750e+01
3.551351547241210938e+01
3.632910537719726562e+01
3.638601684570312500e+01
3.659252166748046875e+01
3.691353988647460938e+01
3.706326675415039062e+01
3.732051467895507812e+01
3.737822723388671875e+01
3.739038085937500000e+01
3.745135879516601562e+01
3.740795516967773438e+01
3.732940673828125000e+01
3.722715759277343750e+01
3.709882354736328125e+01
3.713501739501953125e+01
3.717531585693359375e+01
3.711760711669921875e+01
3.709437179565429688e+01
3.715874481201171875e+01
3.728250122070312500e+01
3.745965194702148438e+01
3.730693435668945312e+01
3.726549911499023438e+01
3.723264694213867188e+01
3.727046203613281250e+01
3.726054000854492188e+01
3.737013244628906250e+01
3.764118194580078125e+01
3.775537109375000000e+01
3.763840103149414062e+01
3.744821548461914062e+01
3.716077041625976562e+01
3.691572952270507812e+01
3.707966613769531250e+01
3.728155136108398438e+01
3.742141342163085938e+01
3.749334716796875000e+01
3.756590652465820312e+01
3.773851013183593750e+01
3.776813507080078125e+01
3.773233413696289062e+01
3.773787689208984375e+01
3.779506683349609375e+01
3.775259399414062500e+01
3.766266250610351562e+01
3.746740722656250000e+01
3.725474548339843750e+01
3.717570877075195312e+01
3.721423339843750000e+01
3.720922470092773438e+01
3.743085479736328125e+01
3.750604248046875000e+01
3.746086502075195312e+01
3.730676651000976562e+01
3.697983932495117188e+01
3.691985702514648438e+01
3.684680938720703125e+01
3.689567184448242188e+01
3.710949325561523438e+01
3.732360839843750000e+01
3.747238922119140625e+01
3.744655990600585938e+01
3.747720718383789062e+01
3.760765838623046875e+01
3.763686370849609375e+01
3.767042541503906250e+01
3.757536697387695312e+01
3.742044830322265625e+01
3.716249847412109375e+01
3.675220489501953125e+01
3.622988510131835938e+01
3.653184127807617188e+01
3.656767272949218750e+01
3.669421386718750000e+01
3.662355041503906250e+01
3.617437362670898438e+01
3.587530899047851562e+01
3.583033752441406250e+01
3.502069473266601562e+01
3.514245986938476562e+01
3.510988616943359375e+01
3.495942687988281250e+01
3.506301879882812500e+01
3.538728332519531250e+01
3.558377456665039062e+01
