2.211945152282714844e+01
2.230795478820800781e+01
2.190063858032226562e+01
2.139953804016113281e+01
2.131537818908691406e+01
2.139539527893066406e+01
2.136934089660644531e+01
2.123738670349121094e+01
2.112593269348144531e+01
2.102906608581542969e+01
2.102394485473632812e+01
2.103197097778320312e+01
2.112754631042480469e+01
2.111880302429199219e+01
2.121140289306640625e+01
2.093571853637695312e+01
2.067918395996093750e+01
2.053665733337402344e+01
2.043790435791015625e+01
2.040912055969238281e+01
2.044528770446777344e+01
2.043495750427246094e+01
2.052707099914550781e+01
2.063026809692382812e+01
2.069844245910644531e+01
2.068578147888183594e+01
2.072724533081054688e+01
2.069515991210937500e+01
2.069771766662597656e+01
2.066439437866210938e+01
2.070435714721679688e+01
2.066641807556152344e+01
2.063038253784179688e+01
2.050891494750976562e+01
2.048210144042968750e+01
2.040068244934082031e+01
2.032837486267089844e+01
2.023910331726074219e+01
2.015451431274414062e+01
2.013989639282226562e+01
2.014382743835449219e+01
2.013831901550292969e+01
2.012040710449218750e+01
2.009400367736816406e+01
2.002430915832519531e+01
1.999697113037109375e+01
1.996949195861816406e+01
1.998374366760253906e+01
1.994371032714843750e+01
1.992872428894042969e+01
1.990346336364746094e+01
1.990973854064941406e+01
1.986359405517578125e+01
1.998668289184570312e+01
2.008708572387695312e+01
2.028368949890136719e+01
2.037593078613281250e+01
2.054998588562011719e+01
2.061400222778320312e+01
2.076789093017578125e+01
2.065672111511230469e+01
2.059854507446289062e+01
2.044588470458984375e+01
2.045549964904785156e+01
2.045877265930175781e+01
2.049637794494628906e+01
2.044423675537109375e+01
2.038178253173828125e+01
2.036683654785156250e+01
2.058806037902832031e+01
2.080151939392089844e+01
2.091617965698242188e+01
2.092959785461425781e+01
2.087694168090820312e+01
2.101977348327636719e+01
2.108933067321777344e+01
2.110811424255371094e+01
2.116339302062988281e+01
2.123232078552246094e+01
2.127956771850585938e+01
2.117908859252929688e+01
2.104028892517089844e+01
2.108403205871582031e+01
2.103254508972167969e+01
2.097614097595214844e+01
2.073711013793945312e+01
2.051388359069824219e+01
2.024184608459472656e+01
2.009427833557128906e+01
1.998187065124511719e+01
2.000037765502929688e+01
2.010236740112304688e+01
2.032800865173339844e+01
2.052504920959472656e+01
2.104517173767089844e+01
2.133017539978027344e+01
2.147467803955078125e+01
2.129497528076171875e+01
2.130839729309082031e+01
2.120973396301269531e+01
2.124991607666015625e+01
2.089787101745605469e+01
2.057497787475585938e+01
2.054150390625000000e+01
2.088673973083496094e+01
