3.484503936767578125e+01
3.419018936157226562e+01
3.415513992309570312e+01
3.396207046508789062e+01
3.418833160400390625e+01
3.466666793823242188e+01
3.510848236083984375e+01
3.515873336791992188e+01
3.490688705444335938e+01
3.430127716064453125e+01
3.414182662963867188e+01
3.417609405517578125e+01
3.425336456298828125e+01
3.435700225830078125e+01
3.419968032836914062e+01
3.380984878540039062e+01
3.329051208496093750e+01
3.287693405151367188e+01
3.265645217895507812e+01
3.260124588012695312e+01
3.254539108276367188e+01
3.243159866333007812e+01
3.235113906860351562e+01
3.244781875610351562e+01
3.281735610961914062e+01
3.324058532714843750e+01
3.361440277099609375e+01
3.374193191528320312e+01
3.355117797851562500e+01
3.325275802612304688e+01
3.297764968872070312e+01
3.294665145874023438e+01
3.294427490234375000e+01
3.301455688476562500e+01
3.306858825683593750e+01
3.307439804077148438e+01
3.307236862182617188e+01
3.300291061401367188e+01
3.301092529296875000e+01
3.337526321411132812e+01
3.352301025390625000e+01
3.357321166992187500e+01
3.341154861450195312e+01
3.325035095214843750e+01
3.307289505004882812e+01
3.297917556762695312e+01
3.318226623535156250e+01
3.342652511596679688e+01
3.335773849487304688e+01
3.293161010742187500e+01
3.245130538940429688e+01
3.247933197021484375e+01
3.294608688354492188e+01
3.337297439575195312e+01
3.332757186889648438e+01
3.337831115722656250e+01
3.363774490356445312e+01
3.338679122924804688e+01
3.339503479003906250e+01
3.353525543212890625e+01
3.372810363769531250e+01
3.371461486816406250e+01
3.396923828125000000e+01
3.405604934692382812e+01
3.398005294799804688e+01
3.389748382568359375e+01
3.381666183471679688e+01
3.346763992309570312e+01
3.331151580810546875e+01
3.311283493041992188e+01
3.280703353881835938e+01
3.271333694458007812e+01
3.275140762329101562e+01
3.284529876708984375e+01
3.291095733642578125e+01
3.309097671508789062e+01
3.322032165527343750e+01
3.315597152709960938e+01
3.326121520996093750e+01
3.343989562988281250e+01
3.350286865234375000e+01
3.341074752807617188e+01
3.328126907348632812e+01
3.331683731079101562e+01
3.315200805664062500e+01
3.284460067749023438e+01
3.283218383789062500e+01
3.314932632446289062e+01
3.359288024902343750e+01
3.372431182861328125e+01
3.364726257324218750e+01
3.361306381225585938e+01
3.368468856811523438e+01
3.427481842041015625e+01
3.491786193847656250e+01
3.531143188476562500e+01
3.524954986572265625e+01
3.524353790283203125e+01
3.515221786499023438e+01
3.523596191406250000e+01
3.513338851928710938e+01
3.489477539062500000e+01
3.456054306030273438e+01
3.447409057617187500e+01
3.440275573730468750e+01
3.397304153442382812e+01
3.392232894897460938e+01
3.367686843872070312e+01
