2.762084770202636719e+01
2.795005416870117188e+01
2.781240844726562500e+01
2.841211318969726562e+01
2.912404632568359375e+01
2.921868515014648438e+01
2.884931945800781250e+01
2.825679016113281250e+01
2.845275878906250000e+01
2.860826301574707031e+01
2.816755676269531250e+01
2.758218955993652344e+01
2.706751823425292969e+01
2.697572517395019531e+01
2.693639945983886719e+01
2.723825073242187500e+01
2.757960700988769531e+01
2.759629821777343750e+01
2.776177597045898438e+01
2.858825683593750000e+01
2.869180297851562500e+01
2.863265609741210938e+01
2.880771064758300781e+01
2.917710304260253906e+01
2.942528343200683594e+01
2.931024742126464844e+01
2.905412864685058594e+01
2.896870613098144531e+01
2.919129371643066406e+01
2.946360206604003906e+01
2.958980178833007812e+01
2.967048263549804688e+01
2.988949012756347656e+01
2.988601303100585938e+01
2.966788291931152344e+01
2.963530349731445312e+01
2.969526481628417969e+01
2.983663940429687500e+01
2.983327865600585938e+01
2.981578063964843750e+01
2.978540229797363281e+01
2.964446258544921875e+01
2.945718574523925781e+01
2.937463188171386719e+01
2.936219406127929688e+01
2.920137405395507812e+01
2.920757484436035156e+01
2.926686477661132812e+01
2.938448524475097656e+01
2.936238479614257812e+01
2.919275093078613281e+01
2.909149551391601562e+01
2.888302612304687500e+01
2.869985389709472656e+01
2.865285491943359375e+01
2.860822868347167969e+01
2.857060241699218750e+01
2.866408157348632812e+01
2.871821975708007812e+01
2.864956665039062500e+01
2.876393127441406250e+01
2.886337280273437500e+01
2.883237838745117188e+01
2.868845176696777344e+01
2.864714050292968750e+01
2.853844451904296875e+01
2.842357635498046875e+01
2.838310813903808594e+01
2.829621315002441406e+01
2.824458885192871094e+01
2.826980972290039062e+01
2.829021453857421875e+01
2.828877067565917969e+01
2.833435630798339844e+01
2.837798690795898438e+01
2.841243171691894531e+01
2.834220504760742188e+01
2.836836814880371094e+01
2.849727630615234375e+01
2.860174751281738281e+01
2.872983932495117188e+01
2.873464965820312500e+01
2.863607788085937500e+01
2.836555862426757812e+01
2.816463851928710938e+01
2.810143661499023438e+01
2.814870452880859375e+01
2.851386260986328125e+01
2.887465476989746094e+01
2.882645988464355469e+01
2.807788085937500000e+01
2.739017677307128906e+01
2.701241493225097656e+01
2.696392631530761719e+01
2.690260696411132812e+01
2.686858940124511719e+01
2.690777015686035156e+01
2.701904678344726562e+01
2.725619697570800781e+01
2.696627807617187500e+01
2.689843559265136719e+01
2.705338478088378906e+01
2.703240585327148438e+01
2.674670791625976562e+01
2.674465942382812500e+01
2.654100990295410156e+01
