3.386033248901367188e+01
3.403785324096679688e+01
3.440913009643554688e+01
3.444538879394531250e+01
3.404383087158203125e+01
3.379908752441406250e+01
3.378265380859375000e+01
3.385546112060546875e+01
3.371439361572265625e+01
3.356393814086914062e+01
3.336087036132812500e+01
3.300743484497070312e+01
3.274069595336914062e+01
3.322936630249023438e+01
3.326515960693359375e+01
3.332688522338867188e+01
3.344511413574218750e+01
3.344678878784179688e+01
3.332744979858398438e+01
3.335144424438476562e+01
3.360070800781250000e+01
3.398870468139648438e+01
3.411809921264648438e+01
3.415267181396484375e+01
3.425675582885742188e+01
3.433877944946289062e+01
3.475717926025390625e+01
3.631433868408203125e+01
3.638311004638671875e+01
3.622027587890625000e+01
3.549492645263671875e+01
3.488081741333007812e+01
3.464976501464843750e+01
3.466992187500000000e+01
3.468540954589843750e+01
3.465056610107421875e+01
3.479304122924804688e+01
3.455518341064453125e+01
3.442256927490234375e+01
3.446372604370117188e+01
3.442513656616210938e+01
3.445687103271484375e+01
3.441307449340820312e+01
3.413474273681640625e+01
3.404207992553710938e+01
3.416363143920898438e+01
3.412763977050781250e+01
3.424626159667968750e+01
3.430400848388671875e+01
3.422230529785156250e+01
3.394062423706054688e+01
3.376242446899414062e+01
3.367501068115234375e+01
3.380825042724609375e+01
3.406460571289062500e+01
3.435187911987304688e+01
3.467367172241210938e+01
3.465053558349609375e+01
3.453820800781250000e+01
3.430053710937500000e+01
3.418505096435546875e+01
3.414154052734375000e+01
3.418128585815429688e+01
3.412266921997070312e+01
3.395774841308593750e+01
3.382178115844726562e+01
3.387171554565429688e+01
3.398191833496093750e+01
3.397755432128906250e+01
3.407469558715820312e+01
3.435205459594726562e+01
3.492216110229492188e+01
3.591537857055664062e+01
3.526581573486328125e+01
3.525069046020507812e+01
3.598275756835937500e+01
3.534223556518554688e+01
3.460943984985351562e+01
3.482271194458007812e+01
3.524670410156250000e+01
3.526588439941406250e+01
3.532818603515625000e+01
3.620329666137695312e+01
3.581285858154296875e+01
3.528272247314453125e+01
3.470262145996093750e+01
3.457428741455078125e+01
3.464767837524414062e+01
3.408945846557617188e+01
3.391693878173828125e+01
3.437814331054687500e+01
3.419950103759765625e+01
3.507185363769531250e+01
3.520901107788085938e+01
3.528405380249023438e+01
3.576119232177734375e+01
3.509507369995117188e+01
3.590528488159179688e+01
3.469360351562500000e+01
3.563430023193359375e+01
