3.182875251770019531e+01
3.243230056762695312e+01
3.309882736206054688e+01
3.429494094848632812e+01
3.517948150634765625e+01
3.590372848510742188e+01
3.660084152221679688e+01
3.714624404907226562e+01
3.744237136840820312e+01
3.775446701049804688e+01
3.774251937866210938e+01
3.758413314819335938e+01
3.745397186279296875e+01
3.745016479492187500e+01
3.728822708129882812e+01
3.709412765502929688e+01
3.675333786010742188e+01
3.624565887451171875e+01
3.545569229125976562e+01
3.533868026733398438e+01
3.527011871337890625e+01
3.550126647949218750e+01
3.573794555664062500e+01
3.575760650634765625e+01
3.569252014160156250e+01
3.572240066528320312e+01
3.620484161376953125e+01
3.602948760986328125e+01
3.522015380859375000e+01
3.515972518920898438e+01
3.608192443847656250e+01
3.703010177612304688e+01
3.691691207885742188e+01
3.573479080200195312e+01
3.503531646728515625e+01
3.486798858642578125e+01
3.507803344726562500e+01
3.505927276611328125e+01
3.495594024658203125e+01
3.507195281982421875e+01
3.489493942260742188e+01
3.485903549194335938e+01
3.481245803833007812e+01
3.488943099975585938e+01
3.495840454101562500e+01
3.516442108154296875e+01
3.540588378906250000e+01
3.565304565429687500e+01
3.586578369140625000e+01
3.581138229370117188e+01
3.615263366699218750e+01
3.656149291992187500e+01
3.677107238769531250e+01
3.694031524658203125e+01
3.689812088012695312e+01
3.627936935424804688e+01
3.597712707519531250e+01
3.638343048095703125e+01
3.671954345703125000e+01
3.664813995361328125e+01
3.651176834106445312e+01
3.604890823364257812e+01
3.551861572265625000e+01
3.524048233032226562e+01
3.560797882080078125e+01
3.661331176757812500e+01
3.681854248046875000e+01
3.679978561401367188e+01
3.679631805419921875e+01
3.681213378906250000e+01
3.682015609741210938e+01
3.676770782470703125e+01
3.676523208618164062e+01
3.665559387207031250e+01
3.672169113159179688e+01
3.685909652709960938e+01
3.686111450195312500e+01
3.674719238281250000e+01
3.660962677001953125e+01
3.665700149536132812e+01
3.642401885986328125e+01
3.598821258544921875e+01
3.562849044799804688e+01
3.595330429077148438e+01
3.600555419921875000e+01
3.575357437133789062e+01
3.565353393554687500e+01
3.612176513671875000e+01
3.648883056640625000e+01
3.666314697265625000e+01
3.677193832397460938e+01
3.685316467285156250e+01
3.692729949951171875e+01
3.659626388549804688e+01
3.615233230590820312e+01
3.661916351318359375e+01
3.660755538940429688e+01
3.645270538330078125e+01
3.675762176513671875e+01
3.647079086303710938e+01
3.569387054443359375e+01
3.520868301391601562e+01
3.462666320800781250e+01
