2.326654052734375000e+01
2.354220008850097656e+01
2.348362350463867188e+01
2.324729919433593750e+01
2.315041732788085938e+01
2.315073013305664062e+01
2.322695541381835938e+01
2.347451972961425781e+01
2.358563041687011719e+01
2.403541946411132812e+01
2.436683654785156250e+01
2.468309783935546875e+01
2.461700248718261719e+01
2.460358428955078125e+01
2.445889663696289062e+01
2.431252479553222656e+01
2.425471115112304688e+01
2.428022956848144531e+01
2.438503074645996094e+01
2.442511558532714844e+01
2.449906349182128906e+01
2.440488243103027344e+01
2.424073982238769531e+01
2.385758972167968750e+01
2.339592170715332031e+01
2.282192611694335938e+01
2.249099540710449219e+01
2.251748085021972656e+01
2.274290275573730469e+01
2.290568542480468750e+01
2.304917144775390625e+01
2.323075675964355469e+01
2.336767005920410156e+01
2.338200187683105469e+01
2.327942848205566406e+01
2.319631385803222656e+01
2.311403465270996094e+01
2.312325668334960938e+01
2.316353225708007812e+01
2.329781150817871094e+01
2.351175880432128906e+01
2.378140640258789062e+01
2.396897125244140625e+01
2.383058929443359375e+01
2.343105506896972656e+01
2.322648811340332031e+01
2.308824920654296875e+01
2.310896110534667969e+01
2.303964805603027344e+01
2.278878974914550781e+01
2.272798538208007812e+01
2.286343955993652344e+01
2.275277328491210938e+01
2.280811119079589844e+01
2.259031867980957031e+01
2.252235984802246094e+01
2.249808502197265625e+01
2.267756652832031250e+01
2.296877288818359375e+01
2.299662208557128906e+01
2.312614631652832031e+01
2.345675468444824219e+01
2.382472419738769531e+01
2.378773880004882812e+01
2.354606056213378906e+01
2.356668663024902344e+01
2.360386848449707031e+01
2.350602149963378906e+01
2.336356925964355469e+01
2.326701545715332031e+01
2.325041770935058594e+01
2.329016304016113281e+01
2.314823532104492188e+01
2.288306999206542969e+01
2.267366027832031250e+01
2.240961837768554688e+01
2.221878814697265625e+01
2.189643669128417969e+01
2.173088264465332031e+01
2.159260940551757812e+01
2.167796325683593750e+01
2.195147705078125000e+01
2.231390953063964844e+01
2.251284217834472656e+01
2.267047882080078125e+01
2.274900436401367188e+01
2.281696319580078125e+01
2.284093475341796875e+01
2.242313575744628906e+01
2.220822143554687500e+01
2.188639259338378906e+01
2.174463844299316406e+01
2.184680366516113281e+01
2.232361412048339844e+01
2.280794715881347656e+01
2.302191734313964844e+01
2.297072410583496094e+01
2.272531318664550781e+01
2.200427627563476562e+01
2.138408088684082031e+01
2.069548606872558594e+01
2.004894256591796875e+01
1.968179512023925781e+01
