3.693701934814453125e+01
3.657135772705078125e+01
3.556935501098632812e+01
3.601300811767578125e+01
3.511715698242187500e+01
3.544622802734375000e+01
3.511871719360351562e+01
3.512038421630859375e+01
3.569448471069335938e+01
3.585956954956054688e+01
3.524293136596679688e+01
3.406898880004882812e+01
3.421717834472656250e+01
3.419023132324218750e+01
3.600013351440429688e+01
3.616304779052734375e+01
3.738742065429687500e+01
3.755424880981445312e+01
3.765442276000976562e+01
3.742399978637695312e+01
3.729549026489257812e+01
3.718155288696289062e+01
3.717321014404296875e+01
3.708135986328125000e+01
3.698733139038085938e+01
3.673344802856445312e+01
3.662193679809570312e+01
3.598588943481445312e+01
3.507279968261718750e+01
3.583130645751953125e+01
3.699155426025390625e+01
3.725047683715820312e+01
3.707936096191406250e+01
3.673639297485351562e+01
3.513158798217773438e+01
3.393577194213867188e+01
3.440106964111328125e+01
3.588295364379882812e+01
3.567697143554687500e+01
3.545360565185546875e+01
3.468157577514648438e+01
3.477233123779296875e+01
3.529148864746093750e+01
3.541746902465820312e+01
3.502753829956054688e+01
3.528596115112304688e+01
3.481342315673828125e+01
3.638392257690429688e+01
3.729238510131835938e+01
3.725104141235351562e+01
3.669946289062500000e+01
3.570326614379882812e+01
3.476010131835937500e+01
3.429699707031250000e+01
3.421525573730468750e+01
3.446854400634765625e+01
3.457341384887695312e+01
3.398993682861328125e+01
3.391394805908203125e+01
3.428463363647460938e+01
3.477689743041992188e+01
3.454531097412109375e+01
3.439175033569335938e+01
3.517042160034179688e+01
3.585272216796875000e+01
3.469903564453125000e+01
3.438098526000976562e+01
3.420138931274414062e+01
3.478654861450195312e+01
3.496285247802734375e+01
3.453945159912109375e+01
3.437946701049804688e+01
3.423240280151367188e+01
3.413819885253906250e+01
3.397172546386718750e+01
3.376271057128906250e+01
3.407250213623046875e+01
3.442064285278320312e+01
3.447179794311523438e+01
3.495035171508789062e+01
3.567016601562500000e+01
3.572546768188476562e+01
3.513931655883789062e+01
3.568550491333007812e+01
3.493634414672851562e+01
3.455247497558593750e+01
3.684666442871093750e+01
3.717945480346679688e+01
3.745899581909179688e+01
3.726374053955078125e+01
3.649456787109375000e+01
3.520953750610351562e+01
3.489477920532226562e+01
3.438253402709960938e+01
3.428086853027343750e+01
3.372918701171875000e+01
3.365421676635742188e+01
3.386827850341796875e+01
3.401018524169921875e+01
3.448902893066406250e+01
3.495536041259765625e+01
3.511704254150390625e+01
