3.599518966674804688e+01
3.620252990722656250e+01
3.675572586059570312e+01
3.655202865600585938e+01
3.676893234252929688e+01
3.697830581665039062e+01
3.694435119628906250e+01
3.681704711914062500e+01
3.642599105834960938e+01
3.629187774658203125e+01
3.621830368041992188e+01
3.628720855712890625e+01
3.645510482788085938e+01
3.658481597900390625e+01
3.691337966918945312e+01
3.704053878784179688e+01
3.706935882568359375e+01
3.703144836425781250e+01
3.710626983642578125e+01
3.709046173095703125e+01
3.699208831787109375e+01
3.664882278442382812e+01
3.660280990600585938e+01
3.692047500610351562e+01
3.706770706176757812e+01
3.689787673950195312e+01
3.666192245483398438e+01
3.689529800415039062e+01
3.688065338134765625e+01
3.669462203979492188e+01
3.666354751586914062e+01
3.685383987426757812e+01
3.689283370971679688e+01
3.708113479614257812e+01
3.714696502685546875e+01
3.694418716430664062e+01
3.676256942749023438e+01
3.639563369750976562e+01
3.601224517822265625e+01
3.587827682495117188e+01
3.592732620239257812e+01
3.584456253051757812e+01
3.586467361450195312e+01
3.569380187988281250e+01
3.539726638793945312e+01
3.518127059936523438e+01
3.472474670410156250e+01
3.424000930786132812e+01
3.440999221801757812e+01
3.495039749145507812e+01
3.496085357666015625e+01
3.489618301391601562e+01
3.511758422851562500e+01
3.514515686035156250e+01
3.516961669921875000e+01
3.481261062622070312e+01
3.452243804931640625e+01
3.468230819702148438e+01
3.509847259521484375e+01
3.567308425903320312e+01
3.609687423706054688e+01
3.658508682250976562e+01
3.704414367675781250e+01
3.744253540039062500e+01
3.751741409301757812e+01
3.713278579711914062e+01
3.686536407470703125e+01
3.687823104858398438e+01
3.649317932128906250e+01
3.588045883178710938e+01
3.553531265258789062e+01
3.537108612060546875e+01
3.523504257202148438e+01
3.501881408691406250e+01
3.491797637939453125e+01
3.508418273925781250e+01
3.524973297119140625e+01
3.553275680541992188e+01
3.618407058715820312e+01
3.672011947631835938e+01
3.707087707519531250e+01
3.734006881713867188e+01
3.756765747070312500e+01
3.738472747802734375e+01
3.695732879638671875e+01
3.652140808105468750e+01
3.634674835205078125e+01
3.644557952880859375e+01
3.667166519165039062e+01
3.712512969970703125e+01
3.708216094970703125e+01
3.714616775512695312e+01
3.734468841552734375e+01
3.736062622070312500e+01
3.750791549682617188e+01
3.758436203002929688e+01
3.756187438964843750e+01
3.753285598754882812e+01
3.752328109741210938e+01
3.734532928466796875e+01
3.715740585327148438e+01
3.672890853881835938e+01
3.611707687377929688e+01
3.602181625366210938e+01
3.636907196044921875e+01
3.743303680419921875e+01
3.788640213012695312e+01
3.788171005249023438e+01
