2.974623298645019531e+01
2.975583076477050781e+01
3.009223365783691406e+01
3.069199943542480469e+01
3.077583312988281250e+01
3.056645774841308594e+01
3.067367362976074219e+01
3.088719940185546875e+01
3.102105140686035156e+01
3.080172920227050781e+01
3.049687957763671875e+01
3.060660552978515625e+01
3.065886116027832031e+01
3.075530624389648438e+01
3.086852264404296875e+01
3.065783119201660156e+01
3.037049293518066406e+01
3.035728645324707031e+01
3.048470687866210938e+01
3.065692710876464844e+01
3.094555664062500000e+01
3.092864990234375000e+01
3.099220085144042969e+01
3.117504692077636719e+01
3.132335662841796875e+01
3.140279197692871094e+01
3.144435691833496094e+01
3.139166450500488281e+01
3.121946907043457031e+01
3.108421134948730469e+01
3.104622459411621094e+01
3.106098365783691406e+01
3.104837989807128906e+01
3.087969589233398438e+01
3.086346244812011719e+01
3.088539314270019531e+01
3.082063865661621094e+01
3.066498374938964844e+01
3.073447608947753906e+01
3.083138084411621094e+01
3.084338760375976562e+01
3.086711311340332031e+01
3.086912345886230469e+01
3.082922744750976562e+01
3.082577133178710938e+01
3.089161109924316406e+01
3.097696304321289062e+01
3.082423210144042969e+01
3.065428161621093750e+01
3.046889495849609375e+01
3.074316978454589844e+01
3.131773185729980469e+01
3.157258796691894531e+01
3.167501258850097656e+01
3.119442176818847656e+01
3.089975547790527344e+01
3.081355285644531250e+01
3.042629241943359375e+01
3.015244674682617188e+01
3.028622436523437500e+01
3.033411979675292969e+01
3.008813285827636719e+01
2.976935577392578125e+01
2.973871231079101562e+01
2.994744682312011719e+01
3.001545906066894531e+01
2.998215675354003906e+01
3.002987670898437500e+01
3.020803260803222656e+01
3.035049629211425781e+01
3.047203254699707031e+01
3.048971748352050781e+01
3.047008705139160156e+01
3.053858375549316406e+01
3.072132301330566406e+01
3.089557266235351562e+01
3.090697860717773438e+01
3.095954322814941406e+01
3.098552513122558594e+01
3.086664009094238281e+01
3.076851463317871094e+01
3.074011039733886719e+01
3.069411087036132812e+01
3.068963623046875000e+01
3.078170394897460938e+01
3.090686607360839844e+01
3.090839767456054688e+01
3.075842475891113281e+01
3.062541198730468750e+01
3.065456771850585938e+01
3.075223159790039062e+01
3.079870033264160156e+01
3.070005989074707031e+01
3.054834938049316406e+01
3.046937751770019531e+01
3.043584251403808594e+01
3.041695785522460938e+01
3.046301460266113281e+01
3.054834365844726562e+01
3.073871421813964844e+01
3.057745170593261719e+01
3.036062049865722656e+01
3.029526519775390625e+01
3.045131683349609375e+01
3.057311248779296875e+01
3.052307319641113281e+01
