3.317349624633789062e+01
3.379751205444335938e+01
3.386779403686523438e+01
3.366285705566406250e+01
3.371279144287109375e+01
3.368276214599609375e+01
3.350013351440429688e+01
3.306150817871093750e+01
3.294860458374023438e+01
3.346678924560546875e+01
3.443336486816406250e+01
3.531201171875000000e+01
3.549243927001953125e+01
3.516707229614257812e+01
3.503056716918945312e+01
3.541850662231445312e+01
3.561523437500000000e+01
3.543310928344726562e+01
3.591662979125976562e+01
3.561221694946289062e+01
3.556911849975585938e+01
3.441813278198242188e+01
3.414123153686523438e+01
3.422040939331054688e+01
3.456604385375976562e+01
3.483776855468750000e+01
3.501578140258789062e+01
3.427243804931640625e+01
3.351752471923828125e+01
3.304410171508789062e+01
3.269335174560546875e+01
3.252666091918945312e+01
3.266431045532226562e+01
3.311592483520507812e+01
3.298400878906250000e+01
3.249905014038085938e+01
3.221362304687500000e+01
3.199580001831054688e+01
3.183780860900878906e+01
3.188112449645996094e+01
3.246758270263671875e+01
3.309902572631835938e+01
3.315799713134765625e+01
3.297439575195312500e+01
3.324203109741210938e+01
3.316074371337890625e+01
3.317257690429687500e+01
3.331980895996093750e+01
3.333094787597656250e+01
3.335122299194335938e+01
3.354953002929687500e+01
3.379356765747070312e+01
3.369092559814453125e+01
3.348195648193359375e+01
3.351223754882812500e+01
3.348550796508789062e+01
3.335377883911132812e+01
3.337137603759765625e+01
3.335998535156250000e+01
3.353836822509765625e+01
3.348516464233398438e+01
3.355314254760742188e+01
3.360615539550781250e+01
3.344504928588867188e+01
3.358753967285156250e+01
3.355930709838867188e+01
3.357915496826171875e+01
3.352935028076171875e+01
3.342494201660156250e+01
3.307284545898437500e+01
3.277342987060546875e+01
3.279853057861328125e+01
3.272759628295898438e+01
3.249046325683593750e+01
3.229967117309570312e+01
3.267413711547851562e+01
3.304468917846679688e+01
3.291826248168945312e+01
3.296949768066406250e+01
3.308389282226562500e+01
3.317986297607421875e+01
3.320023727416992188e+01
3.337459182739257812e+01
3.351991271972656250e+01
3.348860168457031250e+01
3.356480407714843750e+01
3.358983993530273438e+01
3.359987640380859375e+01
3.362400817871093750e+01
3.351216506958007812e+01
3.319547271728515625e+01
3.306324768066406250e+01
3.314699172973632812e+01
