2.718854522705078125e+01
2.740233612060546875e+01
2.779287719726562500e+01
2.799561309814453125e+01
2.785146331787109375e+01
2.800375747680664062e+01
2.772807121276855469e+01
2.723587226867675781e+01
2.755161094665527344e+01
2.776665687561035156e+01
2.762671089172363281e+01
2.775186920166015625e+01
2.770139503479003906e+01
2.738600921630859375e+01
2.735686111450195312e+01
2.751490592956542969e+01
2.741810798645019531e+01
2.737717819213867188e+01
2.742826843261718750e+01
2.739236640930175781e+01
2.739043807983398438e+01
2.749947929382324219e+01
2.757136535644531250e+01
2.752536201477050781e+01
2.752043533325195312e+01
2.757448768615722656e+01
2.762584686279296875e+01
2.759919548034667969e+01
2.740765762329101562e+01
2.729238510131835938e+01
2.724327278137207031e+01
2.726621627807617188e+01
2.730740928649902344e+01
2.738729476928710938e+01
2.749774169921875000e+01
2.759410858154296875e+01
2.763253784179687500e+01
2.777940750122070312e+01
2.789045524597167969e+01
2.790747451782226562e+01
2.788408088684082031e+01
2.764923858642578125e+01
2.738206672668457031e+01
2.724082183837890625e+01
2.724964523315429688e+01
2.716034698486328125e+01
2.727199745178222656e+01
2.737363624572753906e+01
2.751298141479492188e+01
2.752389335632324219e+01
2.744811439514160156e+01
2.737533950805664062e+01
2.738290786743164062e+01
2.736669158935546875e+01
2.746841621398925781e+01
2.775978279113769531e+01
2.798926925659179688e+01
2.820667648315429688e+01
2.820030212402343750e+01
2.797669982910156250e+01
2.746445083618164062e+01
2.746092605590820312e+01
2.764803504943847656e+01
2.804519844055175781e+01
2.832560539245605469e+01
2.850864028930664062e+01
2.855762863159179688e+01
2.863287353515625000e+01
2.861259841918945312e+01
2.858498001098632812e+01
2.844803619384765625e+01
2.836960983276367188e+01
2.839662170410156250e+01
2.822061538696289062e+01
2.830278968811035156e+01
2.871208190917968750e+01
2.864716148376464844e+01
2.849625587463378906e+01
2.862880325317382812e+01
2.875476264953613281e+01
2.896666717529296875e+01
2.904325103759765625e+01
2.911305618286132812e+01
2.908723640441894531e+01
2.903247642517089844e+01
2.896287727355957031e+01
2.858975601196289062e+01
2.809764099121093750e+01
