3.484511947631835938e+01
3.450941467285156250e+01
3.416839981079101562e+01
3.383675003051757812e+01
3.389194107055664062e+01
3.411745834350585938e+01
3.394669723510742188e+01
3.408424377441406250e+01
3.422707748413085938e+01
3.437125778198242188e+01
3.443483352661132812e+01
3.443230819702148438e+01
3.432343673706054688e+01
3.444213104248046875e+01
3.460233306884765625e+01
3.500007629394531250e+01
3.544662857055664062e+01
3.498947143554687500e+01
3.452136611938476562e+01
3.436920928955078125e+01
3.435622787475585938e+01
3.443451309204101562e+01
3.455365753173828125e+01
3.456670379638671875e+01
3.463275909423828125e+01
3.477523803710937500e+01
3.481570434570312500e+01
3.502096939086914062e+01
3.512841415405273438e+01
3.483513641357421875e+01
3.499358749389648438e+01
3.488111495971679688e+01
3.472201538085937500e+01
3.445737838745117188e+01
3.431822204589843750e+01
3.459197616577148438e+01
3.497259140014648438e+01
3.522915267944335938e+01
3.611952972412109375e+01
3.662688446044921875e+01
3.648091125488281250e+01
3.638042068481445312e+01
3.610452270507812500e+01
3.640744400024414062e+01
3.681787490844726562e+01
3.704008102416992188e+01
3.710590362548828125e+01
3.705076599121093750e+01
3.690240859985351562e+01
3.655392074584960938e+01
3.609909057617187500e+01
3.513749313354492188e+01
3.460664367675781250e+01
3.436187744140625000e+01
3.418554306030273438e+01
3.400671005249023438e+01
3.386067962646484375e+01
3.412463378906250000e+01
3.468044662475585938e+01
3.533047103881835938e+01
3.590005874633789062e+01
3.582745742797851562e+01
3.474444961547851562e+01
3.446773529052734375e+01
3.488843154907226562e+01
3.505724716186523438e+01
3.521073913574218750e+01
3.443608474731445312e+01
3.418703842163085938e+01
3.436415481567382812e+01
3.440877914428710938e+01
3.435748291015625000e+01
3.429783630371093750e+01
3.455547332763671875e+01
3.535014343261718750e+01
3.639496994018554688e+01
3.598152160644531250e+01
3.535594940185546875e+01
3.584717178344726562e+01
3.599472045898437500e+01
3.643994522094726562e+01
3.681404113769531250e+01
3.709262847900390625e+01
3.714659500122070312e+01
3.696700286865234375e+01
3.693769454956054688e+01
3.676491928100585938e+01
3.661125564575195312e+01
3.642593765258789062e+01
3.647863769531250000e+01
3.652890396118164062e+01
3.662585449218750000e+01
3.658365249633789062e+01
3.670138931274414062e+01
3.641143417358398438e+01
3.554111480712890625e+01
3.564874649047851562e+01
3.644642639160156250e+01
3.648036575317382812e+01
3.618902587890625000e+01
