2.972003173828125000e+01
2.917131996154785156e+01
2.912483215332031250e+01
2.926182746887207031e+01
2.921058845520019531e+01
2.932219696044921875e+01
2.936169052124023438e+01
2.923998451232910156e+01
2.905334663391113281e+01
2.932448959350585938e+01
2.927116775512695312e+01
2.907092094421386719e+01
2.898998832702636719e+01
2.897420120239257812e+01
2.850316238403320312e+01
2.830578994750976562e+01
2.808586120605468750e+01
2.794243812561035156e+01
2.806666755676269531e+01
2.818924903869628906e+01
2.817351341247558594e+01
2.822414970397949219e+01
2.829559326171875000e+01
2.809465980529785156e+01
2.786854934692382812e+01
2.775705146789550781e+01
2.802342987060546875e+01
2.827280426025390625e+01
2.849820709228515625e+01
2.861636161804199219e+01
2.855195236206054688e+01
2.843517112731933594e+01
2.849284744262695312e+01
2.856899642944335938e+01
2.865452384948730469e+01
2.864140892028808594e+01
2.860943222045898438e+01
2.857618141174316406e+01
2.857439804077148438e+01
2.866286849975585938e+01
2.858451461791992188e+01
2.862204170227050781e+01
2.872509193420410156e+01
2.885083580017089844e+01
2.891448020935058594e+01
2.907810783386230469e+01
2.926736259460449219e+01
2.934919166564941406e+01
2.930305671691894531e+01
2.918375205993652344e+01
2.913731575012207031e+01
2.897644233703613281e+01
2.887893104553222656e+01
2.868077468872070312e+01
2.845762252807617188e+01
2.834037780761718750e+01
2.832833671569824219e+01
2.838681983947753906e+01
2.841729736328125000e+01
2.830003166198730469e+01
2.835685348510742188e+01
2.867059326171875000e+01
2.899290466308593750e+01
2.888773536682128906e+01
2.893888092041015625e+01
2.927460670471191406e+01
2.944540405273437500e+01
2.947735977172851562e+01
2.946370887756347656e+01
2.923042869567871094e+01
2.910744476318359375e+01
2.914372825622558594e+01
2.932732772827148438e+01
2.921567344665527344e+01
2.914542007446289062e+01
2.933747100830078125e+01
2.951854324340820312e+01
2.950094223022460938e+01
2.952532768249511719e+01
2.947385025024414062e+01
2.948695182800292969e+01
2.946581459045410156e+01
2.942513084411621094e+01
2.913109779357910156e+01
2.888708114624023438e+01
2.889234733581542969e+01
2.856782150268554688e+01
2.844097518920898438e+01
2.882477378845214844e+01
2.975953102111816406e+01
3.050497627258300781e+01
3.093474006652832031e+01
3.098119354248046875e+01
3.024616432189941406e+01
3.045756530761718750e+01
2.971581459045410156e+01
2.907390785217285156e+01
2.941598701477050781e+01
