2.518309402465820312e+01
2.513136863708496094e+01
2.524972915649414062e+01
2.479649353027343750e+01
2.508252334594726562e+01
2.506419754028320312e+01
2.523322677612304688e+01
2.517911338806152344e+01
2.549271965026855469e+01
2.542714691162109375e+01
2.523419189453125000e+01
2.486405754089355469e+01
2.450650978088378906e+01
2.463925170898437500e+01
2.466731262207031250e+01
2.473619270324707031e+01
2.416059875488281250e+01
2.361993217468261719e+01
2.346632385253906250e+01
2.323282623291015625e+01
2.259456825256347656e+01
2.256086730957031250e+01
2.275875473022460938e+01
2.292243957519531250e+01
2.279230690002441406e+01
2.254903221130371094e+01
2.200801086425781250e+01
2.182949447631835938e+01
2.213474845886230469e+01
2.228149032592773438e+01
2.278289794921875000e+01
2.285808181762695312e+01
2.319985771179199219e+01
2.318862915039062500e+01
2.322599029541015625e+01
2.319466781616210938e+01
2.339380073547363281e+01
2.369318389892578125e+01
2.361237144470214844e+01
2.360274505615234375e+01
2.386472702026367188e+01
2.410246658325195312e+01
2.414039802551269531e+01
2.410725212097167969e+01
2.388696098327636719e+01
2.349843597412109375e+01
2.326097488403320312e+01
2.289639091491699219e+01
2.256147956848144531e+01
2.237786483764648438e+01
2.219751358032226562e+01
2.201643943786621094e+01
2.194115638732910156e+01
2.212522125244140625e+01
2.214177894592285156e+01
2.215410995483398438e+01
2.227687454223632812e+01
2.234151077270507812e+01
2.269260978698730469e+01
2.296956253051757812e+01
2.283521080017089844e+01
2.281959342956542969e+01
2.267518997192382812e+01
2.254599380493164062e+01
2.265468215942382812e+01
2.281010437011718750e+01
2.343515586853027344e+01
2.395378684997558594e+01
2.406146049499511719e+01
2.384193420410156250e+01
2.365049362182617188e+01
2.388699531555175781e+01
2.420418930053710938e+01
2.444960403442382812e+01
2.449930953979492188e+01
2.436550712585449219e+01
2.410184097290039062e+01
2.390220832824707031e+01
2.392579650878906250e+01
2.383484268188476562e+01
2.385228347778320312e+01
2.376682472229003906e+01
2.355514907836914062e+01
2.267843818664550781e+01
2.180021095275878906e+01
2.151768493652343750e+01
2.226738166809082031e+01
2.345286941528320312e+01
2.411937904357910156e+01
2.421883010864257812e+01
2.440211868286132812e+01
2.452265357971191406e+01
2.437242889404296875e+01
2.445194625854492188e+01
2.419579315185546875e+01
2.417335891723632812e+01
2.406041908264160156e+01
2.417436408996582031e+01
2.409591102600097656e+01
2.420907592773437500e+01
2.407127952575683594e+01
2.385103988647460938e+01
2.366483116149902344e+01
2.346343040466308594e+01
2.386692237854003906e+01
2.398536872863769531e+01
2.417170715332031250e+01
