3.655525207519531250e+01
3.583771514892578125e+01
3.639659118652343750e+01
3.607040405273437500e+01
3.586997222900390625e+01
3.607631683349609375e+01
3.627933883666992188e+01
3.648931121826171875e+01
3.709775161743164062e+01
3.752752304077148438e+01
3.777694702148437500e+01
3.783875274658203125e+01
3.790041351318359375e+01
3.794654464721679688e+01
3.792821502685546875e+01
3.795389556884765625e+01
3.790777587890625000e+01
3.779395675659179688e+01
3.777499389648437500e+01
3.759239196777343750e+01
3.718846893310546875e+01
3.674919128417968750e+01
3.691055297851562500e+01
3.719110870361328125e+01
3.719936370849609375e+01
3.721714019775390625e+01
3.692614746093750000e+01
3.657757568359375000e+01
3.664464187622070312e+01
3.686728668212890625e+01
3.674905776977539062e+01
3.677324295043945312e+01
3.684594726562500000e+01
3.696194458007812500e+01
3.699973297119140625e+01
3.706958007812500000e+01
3.711700820922851562e+01
3.702898406982421875e+01
3.700585556030273438e+01
3.708541870117187500e+01
3.724472808837890625e+01
3.724868774414062500e+01
3.733803939819335938e+01
3.746192169189453125e+01
3.748986053466796875e+01
3.744638824462890625e+01
3.732345581054687500e+01
3.712085723876953125e+01
3.688106536865234375e+01
3.690935516357421875e+01
3.705128097534179688e+01
3.714366912841796875e+01
3.719897079467773438e+01
3.723508071899414062e+01
3.728936386108398438e+01
3.725853347778320312e+01
3.723432540893554688e+01
3.712172698974609375e+01
3.702783584594726562e+01
3.676479721069335938e+01
3.595407867431640625e+01
3.611161422729492188e+01
3.645128631591796875e+01
3.653857803344726562e+01
3.674692153930664062e+01
3.688402557373046875e+01
3.699524307250976562e+01
3.645592498779296875e+01
3.627224731445312500e+01
3.620544433593750000e+01
3.653539657592773438e+01
3.678051376342773438e+01
3.676894760131835938e+01
3.637430953979492188e+01
3.683473968505859375e+01
3.715774536132812500e+01
3.726263809204101562e+01
3.729536437988281250e+01
3.730815124511718750e+01
3.730435180664062500e+01
3.726189422607421875e+01
3.700672912597656250e+01
3.677617263793945312e+01
3.668620681762695312e+01
3.497274017333984375e+01
3.473910903930664062e+01
3.487585830688476562e+01
3.519569015502929688e+01
3.608748245239257812e+01
3.693475723266601562e+01
3.694524765014648438e+01
3.619940567016601562e+01
3.523532104492187500e+01
3.577323150634765625e+01
3.753135299682617188e+01
3.745885848999023438e+01
3.742004776000976562e+01
3.729827117919921875e+01
3.727882385253906250e+01
