2.397141647338867188e+01
2.364909553527832031e+01
2.339974784851074219e+01
2.325184631347656250e+01
2.311132621765136719e+01
2.277653694152832031e+01
2.210093307495117188e+01
2.190965080261230469e+01
2.225116157531738281e+01
2.281271934509277344e+01
2.334853935241699219e+01
2.394631767272949219e+01
2.407322120666503906e+01
2.410829925537109375e+01
2.391812133789062500e+01
2.348231124877929688e+01
2.304913520812988281e+01
2.324295234680175781e+01
2.347946929931640625e+01
2.361245918273925781e+01
2.370213699340820312e+01
2.415318679809570312e+01
2.426829528808593750e+01
2.417190742492675781e+01
2.422652626037597656e+01
2.417162513732910156e+01
2.367018508911132812e+01
2.290934753417968750e+01
2.222936630249023438e+01
2.179090499877929688e+01
2.154627227783203125e+01
2.152099800109863281e+01
2.156340599060058594e+01
2.180002021789550781e+01
2.260646247863769531e+01
2.351946067810058594e+01
2.345899009704589844e+01
2.302545928955078125e+01
2.346552848815917969e+01
2.478186416625976562e+01
2.564498138427734375e+01
2.604111099243164062e+01
2.582865524291992188e+01
2.565563201904296875e+01
2.473336029052734375e+01
2.365244483947753906e+01
2.281260299682617188e+01
2.258781242370605469e+01
2.244607162475585938e+01
2.251851844787597656e+01
2.230857467651367188e+01
2.231533813476562500e+01
2.258108329772949219e+01
2.305845832824707031e+01
2.321053695678710938e+01
2.336280059814453125e+01
2.331958007812500000e+01
2.374037361145019531e+01
2.415793609619140625e+01
2.448356056213378906e+01
2.462796401977539062e+01
2.479545402526855469e+01
2.480186080932617188e+01
2.469039154052734375e+01
2.453203010559082031e+01
2.469226074218750000e+01
2.500246047973632812e+01
2.502181053161621094e+01
2.455114746093750000e+01
2.389876937866210938e+01
2.329298400878906250e+01
2.308223342895507812e+01
2.311803436279296875e+01
2.314147758483886719e+01
2.304973030090332031e+01
2.259670066833496094e+01
2.247622108459472656e+01
2.271960449218750000e+01
2.342775344848632812e+01
2.366310882568359375e+01
2.396432113647460938e+01
2.408453369140625000e+01
2.415672302246093750e+01
2.418254852294921875e+01
2.415647888183593750e+01
2.399638938903808594e+01
2.394920349121093750e+01
2.393211364746093750e+01
2.409194755554199219e+01
2.400114250183105469e+01
2.361302757263183594e+01
2.298235893249511719e+01
2.291175079345703125e+01
2.240890312194824219e+01
2.264253234863281250e+01
2.215521621704101562e+01
