3.752917098999023438e+01
3.758155441284179688e+01
3.714237976074218750e+01
3.591597366333007812e+01
3.547188186645507812e+01
3.575741195678710938e+01
3.573237228393554688e+01
3.551050567626953125e+01
3.598395156860351562e+01
3.660045623779296875e+01
3.629488754272460938e+01
3.624185562133789062e+01
3.620947265625000000e+01
3.609043884277343750e+01
3.613788986206054688e+01
3.571155548095703125e+01
3.541397476196289062e+01
3.536128997802734375e+01
3.537864303588867188e+01
3.578339004516601562e+01
3.592465209960937500e+01
3.595435714721679688e+01
3.578431320190429688e+01
3.593149566650390625e+01
3.669437026977539062e+01
3.691182708740234375e+01
3.691265106201171875e+01
3.676622390747070312e+01
3.676805114746093750e+01
3.632040023803710938e+01
3.566187286376953125e+01
3.549329757690429688e+01
3.541421890258789062e+01
3.530261611938476562e+01
3.510818862915039062e+01
3.502781295776367188e+01
3.493111419677734375e+01
3.500096511840820312e+01
3.513609695434570312e+01
3.496121978759765625e+01
3.472245407104492188e+01
3.454818344116210938e+01
3.448409652709960938e+01
3.452748870849609375e+01
3.494079971313476562e+01
3.514155960083007812e+01
3.471141433715820312e+01
3.454793930053710938e+01
3.458518981933593750e+01
3.504034042358398438e+01
3.553257369995117188e+01
3.580329513549804688e+01
3.520117187500000000e+01
3.515497207641601562e+01
3.500341415405273438e+01
3.517476272583007812e+01
3.523701858520507812e+01
3.465289688110351562e+01
3.436328125000000000e+01
3.440942382812500000e+01
3.460255050659179688e+01
3.467811584472656250e+01
3.466403198242187500e+01
3.466011428833007812e+01
3.485227584838867188e+01
3.506055068969726562e+01
3.503395462036132812e+01
3.506849288940429688e+01
3.501094436645507812e+01
3.508901214599609375e+01
3.513470077514648438e+01
3.514941406250000000e+01
3.490977096557617188e+01
3.473903274536132812e+01
3.459164428710937500e+01
3.443819427490234375e+01
3.428037643432617188e+01
3.418844223022460938e+01
3.438524246215820312e+01
3.535970687866210938e+01
3.641343307495117188e+01
3.659505081176757812e+01
3.618855285644531250e+01
3.536700057983398438e+01
3.491978836059570312e+01
3.473616409301757812e+01
3.451950836181640625e+01
3.439906311035156250e+01
3.458964538574218750e+01
3.490373229980468750e+01
3.522358703613281250e+01
3.507578659057617188e+01
3.467815780639648438e+01
3.434968948364257812e+01
3.420308685302734375e+01
3.408435821533203125e+01
3.429204177856445312e+01
3.477490615844726562e+01
3.575974273681640625e+01
3.606815719604492188e+01
3.521380233764648438e+01
3.451343154907226562e+01
