3.722523498535156250e+01
3.736964035034179688e+01
3.720907974243164062e+01
3.749277877807617188e+01
3.730310058593750000e+01
3.687153625488281250e+01
3.644173431396484375e+01
3.546128845214843750e+01
3.515668106079101562e+01
3.520916748046875000e+01
3.528958129882812500e+01
3.541947937011718750e+01
3.507939529418945312e+01
3.504307937622070312e+01
3.517729949951171875e+01
3.613687133789062500e+01
3.679755401611328125e+01
3.686241149902343750e+01
3.680786895751953125e+01
3.631167984008789062e+01
3.653522109985351562e+01
3.686333465576171875e+01
3.694037246704101562e+01
3.684034347534179688e+01
3.693052673339843750e+01
3.720277786254882812e+01
3.742065811157226562e+01
3.744881820678710938e+01
3.747846221923828125e+01
3.744783401489257812e+01
3.732814025878906250e+01
3.714085006713867188e+01
3.698847198486328125e+01
3.654537963867187500e+01
3.591125106811523438e+01
3.544250488281250000e+01
3.532440185546875000e+01
3.517010116577148438e+01
3.544507217407226562e+01
3.632164764404296875e+01
3.674823379516601562e+01
3.650925445556640625e+01
3.629777526855468750e+01
3.649217987060546875e+01
3.663701629638671875e+01
3.674475097656250000e+01
3.654173278808593750e+01
3.642605590820312500e+01
3.642264175415039062e+01
3.660281372070312500e+01
3.697669601440429688e+01
3.716447830200195312e+01
3.705615997314453125e+01
3.675699234008789062e+01
3.660302734375000000e+01
3.643883132934570312e+01
3.658205032348632812e+01
3.668903350830078125e+01
3.670236968994140625e+01
3.659811401367187500e+01
3.656442260742187500e+01
3.660010147094726562e+01
3.658510589599609375e+01
3.645354843139648438e+01
3.642242050170898438e+01
3.662458419799804688e+01
3.659786224365234375e+01
3.661511230468750000e+01
3.668666076660156250e+01
3.673524475097656250e+01
3.671636199951171875e+01
3.675643539428710938e+01
3.672965621948242188e+01
3.674268722534179688e+01
3.690990447998046875e+01
3.693792343139648438e+01
3.698380661010742188e+01
3.700664520263671875e+01
3.710422134399414062e+01
3.719570159912109375e+01
3.714843368530273438e+01
3.693584442138671875e+01
3.629158782958984375e+01
3.677856063842773438e+01
3.695101547241210938e+01
3.709220886230468750e+01
3.696310424804687500e+01
3.706475067138671875e+01
3.643378829956054688e+01
3.618680572509765625e+01
3.596656799316406250e+01
3.533751678466796875e+01
3.505381393432617188e+01
3.538861846923828125e+01
3.612415695190429688e+01
3.635007476806640625e+01
3.514303588867187500e+01
3.491740036010742188e+01
3.486275863647460938e+01
3.486449050903320312e+01
3.511268615722656250e+01
3.559318542480468750e+01
3.525475311279296875e+01
3.498680114746093750e+01
3.546910476684570312e+01
3.635399627685546875e+01
3.543023681640625000e+01
