1.973886108398437500e+01
2.010751152038574219e+01
2.035644721984863281e+01
2.073686408996582031e+01
2.090755081176757812e+01
2.125151634216308594e+01
2.133833312988281250e+01
2.126868820190429688e+01
2.099496269226074219e+01
2.065260505676269531e+01
2.047027397155761719e+01
2.034399795532226562e+01
2.043532943725585938e+01
2.050316619873046875e+01
2.079151344299316406e+01
2.102522087097167969e+01
2.138559532165527344e+01
2.126291847229003906e+01
2.094336700439453125e+01
2.091097831726074219e+01
2.088451004028320312e+01
2.118761444091796875e+01
2.120339965820312500e+01
2.130979919433593750e+01
2.121512222290039062e+01
2.121537208557128906e+01
2.120415878295898438e+01
2.123421096801757812e+01
2.131479644775390625e+01
2.137047576904296875e+01
2.143260002136230469e+01
2.130039024353027344e+01
2.116573143005371094e+01
2.105364418029785156e+01
2.097031784057617188e+01
2.085744094848632812e+01
2.085213661193847656e+01
2.069183921813964844e+01
2.053522491455078125e+01
2.054547882080078125e+01
2.055320739746093750e+01
2.068793678283691406e+01
2.051823425292968750e+01
2.062818717956542969e+01
2.057465362548828125e+01
2.071860122680664062e+01
2.066693878173828125e+01
2.065826606750488281e+01
2.068892478942871094e+01
2.097770500183105469e+01
2.135537719726562500e+01
2.176327896118164062e+01
2.203834915161132812e+01
2.192581748962402344e+01
2.182832908630371094e+01
2.151722145080566406e+01
2.126644706726074219e+01
2.098073387145996094e+01
2.075567817687988281e+01
2.070667076110839844e+01
2.078375053405761719e+01
2.101489830017089844e+01
2.093080711364746094e+01
2.091820907592773438e+01
2.067084693908691406e+01
2.084678840637207031e+01
2.078997039794921875e+01
2.081884765625000000e+01
2.080516242980957031e+01
2.085960578918457031e+01
2.085757637023925781e+01
2.092493629455566406e+01
2.112917709350585938e+01
2.109486961364746094e+01
2.108521461486816406e+01
2.118811225891113281e+01
2.128281593322753906e+01
2.131155395507812500e+01
2.141168022155761719e+01
2.161868667602539062e+01
2.185462570190429688e+01
2.194478988647460938e+01
2.197590827941894531e+01
2.192966270446777344e+01
2.181098175048828125e+01
2.166505432128906250e+01
2.168936157226562500e+01
2.201953125000000000e+01
2.210258674621582031e+01
2.218838310241699219e+01
2.234099578857421875e+01
2.226588630676269531e+01
2.227753067016601562e+01
2.234881973266601562e+01
2.241522026062011719e+01
2.257799148559570312e+01
2.266020011901855469e+01
2.285632514953613281e+01
2.261361312866210938e+01
2.240225791931152344e+01
2.224148559570312500e+01
2.188109779357910156e+01
2.131274032592773438e+01
2.092854881286621094e+01
