2.462590980529785156e+01
2.511510086059570312e+01
2.592877197265625000e+01
2.601351547241210938e+01
2.656038284301757812e+01
2.697693061828613281e+01
2.680950355529785156e+01
2.664699745178222656e+01
2.690229415893554688e+01
2.708877563476562500e+01
2.831461715698242188e+01
2.896228027343750000e+01
2.782184219360351562e+01
2.740939712524414062e+01
2.713121414184570312e+01
2.664836502075195312e+01
2.670150566101074219e+01
2.712962341308593750e+01
2.718692016601562500e+01
2.713272285461425781e+01
2.690500450134277344e+01
2.651821136474609375e+01
2.618960189819335938e+01
2.618078231811523438e+01
2.638307762145996094e+01
2.644951629638671875e+01
2.643328285217285156e+01
2.601912879943847656e+01
2.595564460754394531e+01
2.598394203186035156e+01
2.582270622253417969e+01
2.606168937683105469e+01
2.633749198913574219e+01
2.630857276916503906e+01
2.631491088867187500e+01
2.637008476257324219e+01
2.638698005676269531e+01
2.634766006469726562e+01
2.635092163085937500e+01
2.643390655517578125e+01
2.651975631713867188e+01
2.655134963989257812e+01
2.657168388366699219e+01
2.668388748168945312e+01
2.685410881042480469e+01
2.694832611083984375e+01
2.693254470825195312e+01
2.677626037597656250e+01
2.657317924499511719e+01
2.640076446533203125e+01
2.628842926025390625e+01
2.615463447570800781e+01
2.601000976562500000e+01
2.581498336791992188e+01
2.569571495056152344e+01
2.560333251953125000e+01
2.541619110107421875e+01
2.544843101501464844e+01
2.541962432861328125e+01
2.559481048583984375e+01
2.587805175781250000e+01
2.591871261596679688e+01
2.599306488037109375e+01
2.596380233764648438e+01
2.585179328918457031e+01
2.573984527587890625e+01
2.555033493041992188e+01
2.530675125122070312e+01
2.523224449157714844e+01
2.534012603759765625e+01
2.567479896545410156e+01
2.599402236938476562e+01
2.610075187683105469e+01
2.621776008605957031e+01
2.619283866882324219e+01
2.623439788818359375e+01
2.642889595031738281e+01
2.654883766174316406e+01
2.665493392944335938e+01
2.677679443359375000e+01
2.667229461669921875e+01
2.655793571472167969e+01
2.646788787841796875e+01
2.619728469848632812e+01
2.601058197021484375e+01
2.612864494323730469e+01
2.597514152526855469e+01
2.575745964050292969e+01
2.572915077209472656e+01
2.559493064880371094e+01
2.555632972717285156e+01
2.553614044189453125e+01
2.550573730468750000e+01
2.500827980041503906e+01
2.483711242675781250e+01
