3.437832260131835938e+01
3.448887252807617188e+01
3.475216293334960938e+01
3.456533050537109375e+01
3.468492889404296875e+01
3.468319320678710938e+01
3.458972930908203125e+01
3.459354400634765625e+01
3.473580932617187500e+01
3.501594543457031250e+01
3.577015686035156250e+01
3.529446792602539062e+01
3.462026214599609375e+01
3.473278427124023438e+01
3.508312225341796875e+01
3.522124099731445312e+01
3.462430953979492188e+01
3.460362243652343750e+01
3.486238098144531250e+01
3.532904434204101562e+01
3.522629165649414062e+01
3.464228057861328125e+01
3.443375015258789062e+01
3.477360916137695312e+01
3.513920974731445312e+01
3.564675521850585938e+01
3.618603134155273438e+01
3.624246215820312500e+01
3.567700576782226562e+01
3.556459808349609375e+01
3.512041473388671875e+01
3.469978332519531250e+01
3.458732604980468750e+01
3.442357635498046875e+01
3.423616027832031250e+01
3.443753051757812500e+01
3.443469619750976562e+01
3.466151428222656250e+01
3.445704650878906250e+01
3.398936843872070312e+01
3.386159133911132812e+01
3.386008453369140625e+01
3.378893661499023438e+01
3.406032180786132812e+01
3.433202743530273438e+01
3.488846588134765625e+01
3.525124359130859375e+01
3.545266723632812500e+01
3.570517730712890625e+01
3.559250259399414062e+01
3.544687652587890625e+01
3.551045227050781250e+01
3.560061264038085938e+01
3.513322830200195312e+01
3.462524414062500000e+01
3.438827133178710938e+01
3.461080551147460938e+01
3.510006332397460938e+01
3.514387130737304688e+01
3.489789962768554688e+01
3.469620513916015625e+01
3.454749298095703125e+01
3.430194854736328125e+01
3.433700561523437500e+01
3.440499114990234375e+01
3.421821975708007812e+01
3.417747879028320312e+01
3.414001846313476562e+01
3.404763412475585938e+01
3.406571578979492188e+01
3.411153030395507812e+01
3.423670196533203125e+01
3.450303649902343750e+01
3.448538970947265625e+01
3.461791610717773438e+01
3.479660034179687500e+01
3.474597549438476562e+01
3.479053878784179688e+01
3.430559539794921875e+01
3.394165802001953125e+01
3.392646789550781250e+01
3.378485488891601562e+01
3.395347213745117188e+01
3.434779357910156250e+01
3.441277694702148438e+01
3.437109375000000000e+01
3.428616333007812500e+01
3.448838043212890625e+01
3.465540695190429688e+01
3.488356399536132812e+01
3.509466934204101562e+01
3.525971984863281250e+01
3.574250411987304688e+01
3.591439437866210938e+01
3.524841690063476562e+01
3.492252349853515625e+01
3.483906555175781250e+01
3.464223480224609375e+01
3.477044296264648438e+01
3.486603546142578125e+01
3.495974731445312500e+01
3.483795928955078125e+01
3.474074554443359375e+01
