2.500279045104980469e+01
2.469353103637695312e+01
2.463846206665039062e+01
2.464784812927246094e+01
2.483445358276367188e+01
2.488643074035644531e+01
2.487785530090332031e+01
2.485133934020996094e+01
2.480011749267578125e+01
2.454018020629882812e+01
2.437460136413574219e+01
2.408996200561523438e+01
2.397624015808105469e+01
2.380735397338867188e+01
2.375458526611328125e+01
2.368728446960449219e+01
2.370027923583984375e+01
2.379896163940429688e+01
2.390243339538574219e+01
2.404025840759277344e+01
2.415548133850097656e+01
2.421590995788574219e+01
2.425014877319335938e+01
2.418175697326660156e+01
2.416035652160644531e+01
2.400877952575683594e+01
2.388410949707031250e+01
2.375626564025878906e+01
2.379698944091796875e+01
2.385053062438964844e+01
2.386038589477539062e+01
2.383480834960937500e+01
2.386236763000488281e+01
2.389039611816406250e+01
2.393416976928710938e+01
2.401990509033203125e+01
2.408219146728515625e+01
2.414378929138183594e+01
2.417240905761718750e+01
2.418387794494628906e+01
2.415801048278808594e+01
2.410737800598144531e+01
2.402862358093261719e+01
2.394416236877441406e+01
2.389974784851074219e+01
2.383911514282226562e+01
2.380877304077148438e+01
2.375166320800781250e+01
2.373887825012207031e+01
2.372027778625488281e+01
2.371119308471679688e+01
2.371471595764160156e+01
2.372275543212890625e+01
2.376760673522949219e+01
2.378397750854492188e+01
2.376909255981445312e+01
2.369377136230468750e+01
2.365986251831054688e+01
2.360915756225585938e+01
2.358665657043457031e+01
2.355190277099609375e+01
2.355238723754882812e+01
2.359029579162597656e+01
2.359066963195800781e+01
2.361301994323730469e+01
2.360633277893066406e+01
2.357119750976562500e+01
2.351023292541503906e+01
2.350719261169433594e+01
2.357971191406250000e+01
2.372116279602050781e+01
2.390923118591308594e+01
2.413255691528320312e+01
2.430859756469726562e+01
2.445928955078125000e+01
2.442165946960449219e+01
2.436244201660156250e+01
2.428436088562011719e+01
2.429392433166503906e+01
2.428385543823242188e+01
2.431846237182617188e+01
2.423602485656738281e+01
2.416942787170410156e+01
2.415515136718750000e+01
2.420228004455566406e+01
2.424957656860351562e+01
2.424238586425781250e+01
2.412335968017578125e+01
2.398598289489746094e+01
2.380225372314453125e+01
2.377623939514160156e+01
2.342596435546875000e+01
2.347050857543945312e+01
2.313196182250976562e+01
2.256840133666992188e+01
2.224997901916503906e+01
2.204564476013183594e+01
2.268671989440917969e+01
2.324448013305664062e+01
