3.492830276489257812e+01
3.483201599121093750e+01
3.518210601806640625e+01
3.588105773925781250e+01
3.612713623046875000e+01
3.664262771606445312e+01
3.706541824340820312e+01
3.717217636108398438e+01
3.739506912231445312e+01
3.752885055541992188e+01
3.747984313964843750e+01
3.713495254516601562e+01
3.697240447998046875e+01
3.693945693969726562e+01
3.704616165161132812e+01
3.685190200805664062e+01
3.673461151123046875e+01
3.672748947143554688e+01
3.696925354003906250e+01
3.709579086303710938e+01
3.713640594482421875e+01
3.739134597778320312e+01
3.763488769531250000e+01
3.778203582763671875e+01
3.772384262084960938e+01
3.743568038940429688e+01
3.723025131225585938e+01
3.702356719970703125e+01
3.665367889404296875e+01
3.654390716552734375e+01
3.644829559326171875e+01
3.607421112060546875e+01
3.576271438598632812e+01
3.575175094604492188e+01
3.564363098144531250e+01
3.549564743041992188e+01
3.549020385742187500e+01
3.577905654907226562e+01
3.648054122924804688e+01
3.673988342285156250e+01
3.653125000000000000e+01
3.610941696166992188e+01
3.613118362426757812e+01
3.615471649169921875e+01
3.625959396362304688e+01
3.629556655883789062e+01
3.635186004638671875e+01
3.655189132690429688e+01
3.706593704223632812e+01
3.719738388061523438e+01
3.634156417846679688e+01
3.593844223022460938e+01
3.645566558837890625e+01
3.672430801391601562e+01
3.685379791259765625e+01
3.695587921142578125e+01
3.715468597412109375e+01
3.731170654296875000e+01
3.719594192504882812e+01
3.691869354248046875e+01
3.690879821777343750e+01
3.728225708007812500e+01
3.771262359619140625e+01
3.787660980224609375e+01
3.793542098999023438e+01
3.788513946533203125e+01
3.768416213989257812e+01
3.755970382690429688e+01
3.771995925903320312e+01
3.796961975097656250e+01
3.798328018188476562e+01
3.787883758544921875e+01
3.782893753051757812e+01
3.775123214721679688e+01
3.771752548217773438e+01
3.768883514404296875e+01
3.776009368896484375e+01
3.786789703369140625e+01
3.777840042114257812e+01
3.761949157714843750e+01
3.745648193359375000e+01
3.676733779907226562e+01
3.619906234741210938e+01
3.627846908569335938e+01
3.610024642944335938e+01
3.624634552001953125e+01
3.704432678222656250e+01
3.774661254882812500e+01
3.776354598999023438e+01
3.763863372802734375e+01
3.751684951782226562e+01
3.779427337646484375e+01
3.794808197021484375e+01
3.791502761840820312e+01
3.780736160278320312e+01
3.768918228149414062e+01
