3.594166183471679688e+01
3.443988418579101562e+01
3.396549224853515625e+01
3.409716033935546875e+01
3.384430313110351562e+01
3.354596710205078125e+01
3.382630920410156250e+01
3.330242919921875000e+01
3.296578598022460938e+01
3.321844100952148438e+01
3.348190307617187500e+01
3.366439056396484375e+01
3.344968032836914062e+01
3.360363769531250000e+01
3.337812423706054688e+01
3.343759536743164062e+01
3.307643890380859375e+01
3.344255065917968750e+01
3.308850097656250000e+01
3.316022491455078125e+01
3.326378631591796875e+01
3.299112701416015625e+01
3.321863555908203125e+01
3.366494369506835938e+01
3.363039398193359375e+01
3.317143249511718750e+01
3.311987686157226562e+01
3.312133026123046875e+01
3.295419311523437500e+01
3.288321685791015625e+01
3.282319259643554688e+01
3.290135955810546875e+01
3.298256301879882812e+01
3.312272262573242188e+01
3.282734298706054688e+01
3.304131317138671875e+01
3.349335479736328125e+01
3.415848922729492188e+01
3.533356094360351562e+01
3.487874221801757812e+01
3.480362319946289062e+01
3.516139984130859375e+01
3.516585922241210938e+01
3.407065200805664062e+01
3.457624816894531250e+01
3.496931076049804688e+01
3.502905654907226562e+01
3.482931900024414062e+01
3.446349334716796875e+01
3.330837249755859375e+01
3.296861648559570312e+01
3.315747070312500000e+01
3.322805023193359375e+01
3.320499801635742188e+01
3.304637527465820312e+01
3.452401351928710938e+01
3.435985565185546875e+01
3.368734359741210938e+01
3.347969436645507812e+01
3.394246673583984375e+01
3.366520309448242188e+01
3.320262527465820312e+01
3.296888732910156250e+01
3.281932449340820312e+01
3.284951400756835938e+01
3.284487915039062500e+01
3.269254302978515625e+01
3.263445663452148438e+01
3.251563644409179688e+01
3.262496185302734375e+01
3.290031433105468750e+01
3.280656814575195312e+01
3.281887435913085938e+01
3.284837341308593750e+01
3.270775985717773438e+01
3.298040390014648438e+01
3.324953079223632812e+01
3.321622848510742188e+01
3.292530441284179688e+01
3.279601287841796875e+01
3.296656036376953125e+01
3.299973678588867188e+01
3.312979507446289062e+01
3.295812606811523438e+01
3.256158447265625000e+01
3.267536544799804688e+01
3.273033142089843750e+01
3.213762283325195312e+01
3.131183433532714844e+01
3.146019935607910156e+01
3.173613548278808594e+01
3.163866615295410156e+01
3.246139144897460938e+01
3.331020355224609375e+01
3.224429702758789062e+01
3.071891021728515625e+01
3.019608879089355469e+01
3.000166511535644531e+01
2.997803115844726562e+01
3.023811340332031250e+01
2.995625114440917969e+01
3.184041595458984375e+01
3.392803955078125000e+01
3.557231140136718750e+01
3.418241882324218750e+01
3.442700958251953125e+01
3.464529418945312500e+01
3.471453094482421875e+01
