3.553656387329101562e+01
3.573155593872070312e+01
3.514199447631835938e+01
3.537881469726562500e+01
3.603002548217773438e+01
3.689264297485351562e+01
3.638177871704101562e+01
3.647567367553710938e+01
3.700020217895507812e+01
3.621633911132812500e+01
3.519586563110351562e+01
3.458673477172851562e+01
3.432128143310546875e+01
3.427739715576171875e+01
3.407182693481445312e+01
3.454925918579101562e+01
3.524602127075195312e+01
3.614893722534179688e+01
3.714780044555664062e+01
3.656027221679687500e+01
3.466957473754882812e+01
3.426398468017578125e+01
3.395334625244140625e+01
3.415972518920898438e+01
3.428651809692382812e+01
3.410213851928710938e+01
3.387968826293945312e+01
3.415370941162109375e+01
3.444108581542968750e+01
3.541724014282226562e+01
3.585608673095703125e+01
3.605499267578125000e+01
3.635915756225585938e+01
3.706658554077148438e+01
3.713014602661132812e+01
3.686692047119140625e+01
3.675916290283203125e+01
3.625470352172851562e+01
3.501365280151367188e+01
3.456147384643554688e+01
3.458066940307617188e+01
3.503430557250976562e+01
3.545371627807617188e+01
3.631840133666992188e+01
3.578959655761718750e+01
3.525881958007812500e+01
3.579742813110351562e+01
3.571870803833007812e+01
3.567202377319335938e+01
3.599361038208007812e+01
3.590312576293945312e+01
3.475818252563476562e+01
3.393927001953125000e+01
3.386427688598632812e+01
3.482651519775390625e+01
3.588133239746093750e+01
3.635972595214843750e+01
3.555442428588867188e+01
3.573796081542968750e+01
3.644371795654296875e+01
3.727730941772460938e+01
3.701336288452148438e+01
3.633313751220703125e+01
3.585504913330078125e+01
3.543090820312500000e+01
3.523285675048828125e+01
3.586695861816406250e+01
3.656210708618164062e+01
3.700655746459960938e+01
3.731069183349609375e+01
3.766296005249023438e+01
3.764509201049804688e+01
3.761580276489257812e+01
3.778104782104492188e+01
3.769491958618164062e+01
3.749254989624023438e+01
3.711432266235351562e+01
3.627652740478515625e+01
3.523771286010742188e+01
3.466101837158203125e+01
3.462685012817382812e+01
3.426044845581054688e+01
3.416115188598632812e+01
3.455490112304687500e+01
3.528238296508789062e+01
3.456324386596679688e+01
3.445283889770507812e+01
3.422204971313476562e+01
3.455738830566406250e+01
3.494063186645507812e+01
3.637704849243164062e+01
3.628206253051757812e+01
3.573155975341796875e+01
3.669914245605468750e+01
3.637928390502929688e+01
3.588676834106445312e+01
3.482211685180664062e+01
3.476326370239257812e+01
3.496750259399414062e+01
3.531653213500976562e+01
3.493556213378906250e+01
3.427829360961914062e+01
3.403980636596679688e+01
