2.853580474853515625e+01
2.837728881835937500e+01
2.846207046508789062e+01
2.839043807983398438e+01
2.810638618469238281e+01
2.807309913635253906e+01
2.826737213134765625e+01
2.856389236450195312e+01
2.865909194946289062e+01
2.866668891906738281e+01
2.873454856872558594e+01
2.893085479736328125e+01
2.925861740112304688e+01
2.976230621337890625e+01
3.007573699951171875e+01
3.074940490722656250e+01
2.994718170166015625e+01
2.964896774291992188e+01
2.914638328552246094e+01
2.873999023437500000e+01
2.874472999572753906e+01
2.876663780212402344e+01
2.872828102111816406e+01
2.886887550354003906e+01
2.891991996765136719e+01
2.908166503906250000e+01
2.891553878784179688e+01
2.886491394042968750e+01
2.926507377624511719e+01
2.976386451721191406e+01
2.944224548339843750e+01
2.904985046386718750e+01
2.875104141235351562e+01
2.874063873291015625e+01
2.890641021728515625e+01
2.900389289855957031e+01
2.918312072753906250e+01
2.935468101501464844e+01
2.945722961425781250e+01
2.958204078674316406e+01
2.963831138610839844e+01
2.960471153259277344e+01
2.989046859741210938e+01
3.014256668090820312e+01
2.996158790588378906e+01
2.959234809875488281e+01
2.925630569458007812e+01
2.910690116882324219e+01
2.903760719299316406e+01
2.895669555664062500e+01
2.897309303283691406e+01
2.918719673156738281e+01
2.964201545715332031e+01
3.000577163696289062e+01
3.011775970458984375e+01
2.990051269531250000e+01
2.972891616821289062e+01
2.972331237792968750e+01
2.963432693481445312e+01
2.939056396484375000e+01
2.907973098754882812e+01
2.890081405639648438e+01
2.887956809997558594e+01
2.872137069702148438e+01
2.864624404907226562e+01
2.887598991394042969e+01
2.928770446777343750e+01
2.919231986999511719e+01
2.878800201416015625e+01
2.833514022827148438e+01
2.817453002929687500e+01
2.817659950256347656e+01
2.823332786560058594e+01
2.830832099914550781e+01
2.833710670471191406e+01
2.817039299011230469e+01
2.827475357055664062e+01
2.844956588745117188e+01
2.865297508239746094e+01
2.893462181091308594e+01
2.930222702026367188e+01
2.902530860900878906e+01
2.875780296325683594e+01
2.859727096557617188e+01
2.869831466674804688e+01
2.878938674926757812e+01
2.876402282714843750e+01
2.868755340576171875e+01
2.875117683410644531e+01
2.856007003784179688e+01
2.855893898010253906e+01
2.869559097290039062e+01
2.865555572509765625e+01
2.867882156372070312e+01
2.893631362915039062e+01
2.893899536132812500e+01
2.839636230468750000e+01
2.778937721252441406e+01
2.774231910705566406e+01
2.783916854858398438e+01
