2.683269500732421875e+01
2.666999626159667969e+01
2.666096305847167969e+01
2.646805763244628906e+01
2.621319770812988281e+01
2.627910614013671875e+01
2.616347694396972656e+01
2.615925979614257812e+01
2.643883514404296875e+01
2.658296394348144531e+01
2.682624053955078125e+01
2.676189041137695312e+01
2.697304534912109375e+01
2.737846565246582031e+01
2.784990692138671875e+01
2.807728004455566406e+01
2.838098144531250000e+01
2.877374458312988281e+01
2.889944076538085938e+01
2.857783317565917969e+01
2.833206558227539062e+01
2.824571609497070312e+01
2.762453269958496094e+01
2.721402168273925781e+01
2.714676856994628906e+01
2.716058731079101562e+01
2.710050201416015625e+01
2.701885986328125000e+01
2.678051185607910156e+01
2.662411117553710938e+01
2.647260475158691406e+01
2.644400024414062500e+01
2.642881965637207031e+01
2.646786308288574219e+01
2.655434989929199219e+01
2.676921272277832031e+01
2.685400199890136719e+01
2.690478134155273438e+01
2.695854949951171875e+01
2.693212318420410156e+01
2.694641304016113281e+01
2.697477531433105469e+01
2.701883506774902344e+01
2.723021697998046875e+01
2.738758087158203125e+01
2.756074905395507812e+01
2.757059288024902344e+01
2.763996505737304688e+01
2.774620819091796875e+01
2.777883529663085938e+01
2.784294700622558594e+01
2.786713027954101562e+01
2.793894767761230469e+01
2.791211891174316406e+01
2.782175064086914062e+01
2.773663330078125000e+01
2.770100402832031250e+01
2.771353149414062500e+01
2.772272682189941406e+01
2.766722679138183594e+01
2.739503669738769531e+01
2.712226104736328125e+01
2.698296737670898438e+01
2.670174980163574219e+01
2.637106323242187500e+01
2.601534080505371094e+01
2.597805404663085938e+01
2.612911796569824219e+01
2.623060226440429688e+01
2.651058578491210938e+01
2.683983802795410156e+01
2.711862564086914062e+01
2.721221160888671875e+01
2.716825866699218750e+01
2.701986503601074219e+01
2.693024253845214844e+01
2.680119514465332031e+01
2.658934783935546875e+01
2.626781272888183594e+01
2.624546813964843750e+01
2.631700515747070312e+01
2.651061630249023438e+01
2.661173439025878906e+01
2.677782440185546875e+01
2.672827529907226562e+01
2.672193717956542969e+01
2.661831855773925781e+01
2.663964843750000000e+01
2.687432861328125000e+01
2.668481445312500000e+01
2.662249183654785156e+01
2.638686180114746094e+01
2.614112472534179688e+01
2.641339874267578125e+01
2.666672134399414062e+01
2.696896743774414062e+01
2.675646781921386719e+01
2.663105773925781250e+01
2.684446144104003906e+01
