2.858968734741210938e+01
2.771122550964355469e+01
2.767934417724609375e+01
2.748251914978027344e+01
2.749213981628417969e+01
2.763303756713867188e+01
2.785726165771484375e+01
2.797578620910644531e+01
2.799505233764648438e+01
2.821990776062011719e+01
2.859093093872070312e+01
2.860220718383789062e+01
2.842339897155761719e+01
2.836448669433593750e+01
2.826900291442871094e+01
2.793432044982910156e+01
2.796109962463378906e+01
2.802000045776367188e+01
2.795349121093750000e+01
2.797907447814941406e+01
2.804563522338867188e+01
2.805372428894042969e+01
2.811081695556640625e+01
2.824337959289550781e+01
2.850054740905761719e+01
2.893995857238769531e+01
2.909270286560058594e+01
2.888332176208496094e+01
2.882254219055175781e+01
2.881138801574707031e+01
2.885770225524902344e+01
2.897233963012695312e+01
2.894753074645996094e+01
2.888006782531738281e+01
2.882315063476562500e+01
2.878606414794921875e+01
2.867650032043457031e+01
2.858086967468261719e+01
2.848415565490722656e+01
2.843465995788574219e+01
2.838236427307128906e+01
2.838949203491210938e+01
2.839363098144531250e+01
2.839246940612792969e+01
2.832162094116210938e+01
2.816753387451171875e+01
2.803751564025878906e+01
2.792146301269531250e+01
2.786776542663574219e+01
2.786632156372070312e+01
2.787286186218261719e+01
2.789996528625488281e+01
2.796358489990234375e+01
2.806817054748535156e+01
2.811218643188476562e+01
2.810928726196289062e+01
2.815364456176757812e+01
2.822487068176269531e+01
2.830904769897460938e+01
2.838358879089355469e+01
2.848151969909667969e+01
2.858781433105468750e+01
2.866202545166015625e+01
2.873333549499511719e+01
2.878986930847167969e+01
2.875127410888671875e+01
2.884541702270507812e+01
2.898385238647460938e+01
2.903034210205078125e+01
2.890319252014160156e+01
2.897975349426269531e+01
2.899693679809570312e+01
2.885268020629882812e+01
2.882266807556152344e+01
2.879443740844726562e+01
2.882021713256835938e+01
2.882081031799316406e+01
2.878504943847656250e+01
2.882155799865722656e+01
2.886780738830566406e+01
2.885562324523925781e+01
2.876924324035644531e+01
2.876251983642578125e+01
2.888341331481933594e+01
2.887401962280273438e+01
2.883689498901367188e+01
2.886287117004394531e+01
2.897426223754882812e+01
2.926289176940917969e+01
2.939744567871093750e+01
2.941403198242187500e+01
2.929588508605957031e+01
2.921142578125000000e+01
2.920476531982421875e+01
2.925268554687500000e+01
2.932135581970214844e+01
2.953742599487304688e+01
2.971544075012207031e+01
2.956440162658691406e+01
2.926085853576660156e+01
2.901638603210449219e+01
2.892826461791992188e+01
2.825294876098632812e+01
2.790077018737792969e+01
2.788291549682617188e+01
2.776314353942871094e+01
