3.199618530273437500e+01
3.209273529052734375e+01
3.237769699096679688e+01
3.263878250122070312e+01
3.259531402587890625e+01
3.268964385986328125e+01
3.256334686279296875e+01
3.215282058715820312e+01
3.190629768371582031e+01
3.199092292785644531e+01
3.178831863403320312e+01
3.149791336059570312e+01
3.151155281066894531e+01
3.172167015075683594e+01
3.190706253051757812e+01
3.213949203491210938e+01
3.200758361816406250e+01
3.214968872070312500e+01
3.238274383544921875e+01
3.249216461181640625e+01
3.231756591796875000e+01
3.224936294555664062e+01
3.233903121948242188e+01
3.252302551269531250e+01
3.256758499145507812e+01
3.252328872680664062e+01
3.247945404052734375e+01
3.243025588989257812e+01
3.249906539916992188e+01
3.246498489379882812e+01
3.235237884521484375e+01
3.221815872192382812e+01
3.221881484985351562e+01
3.207959365844726562e+01
3.207165908813476562e+01
3.228656005859375000e+01
3.239822769165039062e+01
3.246689605712890625e+01
3.237956237792968750e+01
3.234278106689453125e+01
3.224684143066406250e+01
3.215332412719726562e+01
3.196377372741699219e+01
3.190729331970214844e+01
3.186763000488281250e+01
3.211987304687500000e+01
3.239857482910156250e+01
3.259607696533203125e+01
3.240725708007812500e+01
3.208539581298828125e+01
3.188951301574707031e+01
3.179182624816894531e+01
3.197096252441406250e+01
3.235844802856445312e+01
3.244321441650390625e+01
3.258513259887695312e+01
3.282858276367187500e+01
3.301152038574218750e+01
3.307008743286132812e+01
3.295356369018554688e+01
3.276745223999023438e+01
3.256098175048828125e+01
3.248808288574218750e+01
3.246876907348632812e+01
3.255483245849609375e+01
3.280469512939453125e+01
3.277828598022460938e+01
3.259736251831054688e+01
3.273134613037109375e+01
3.268035888671875000e+01
3.249002075195312500e+01
3.236166763305664062e+01
3.214202880859375000e+01
3.185343933105468750e+01
3.175176239013671875e+01
3.187610816955566406e+01
3.202320861816406250e+01
3.198902893066406250e+01
3.209113693237304688e+01
3.198238754272460938e+01
3.167582321166992188e+01
3.147591590881347656e+01
3.145349121093750000e+01
3.154063796997070312e+01
3.156110572814941406e+01
3.173793983459472656e+01
3.188480567932128906e+01
3.189722633361816406e+01
3.203005218505859375e+01
3.219031143188476562e+01
3.219871139526367188e+01
3.223590087890625000e+01
3.224269485473632812e+01
3.233902740478515625e+01
3.242109680175781250e+01
3.250291824340820312e+01
3.264979171752929688e+01
3.269384765625000000e+01
3.275847625732421875e+01
3.264718246459960938e+01
3.254126358032226562e+01
3.241468429565429688e+01
3.248713684082031250e+01
3.264264297485351562e+01
3.216565322875976562e+01
3.181359672546386719e+01
3.201409530639648438e+01
3.288668441772460938e+01
3.311311340332031250e+01
3.321268081665039062e+01
