3.149996948242187500e+01
3.025250625610351562e+01
2.981969261169433594e+01
2.971301651000976562e+01
2.956115531921386719e+01
2.994488716125488281e+01
3.027452278137207031e+01
3.027902221679687500e+01
3.037502288818359375e+01
3.062437629699707031e+01
3.120573043823242188e+01
3.179582214355468750e+01
3.181669044494628906e+01
3.198370170593261719e+01
3.217884445190429688e+01
3.212763595581054688e+01
3.209394454956054688e+01
3.188344955444335938e+01
3.167159271240234375e+01
3.151366043090820312e+01
3.148186111450195312e+01
3.162299919128417969e+01
3.179444694519042969e+01
3.179566955566406250e+01
3.168657302856445312e+01
3.154744720458984375e+01
3.155017280578613281e+01
3.165936660766601562e+01
3.175434303283691406e+01
3.162714195251464844e+01
3.142813682556152344e+01
3.124768829345703125e+01
3.111551284790039062e+01
3.103412628173828125e+01
3.107070922851562500e+01
3.111518096923828125e+01
3.110770034790039062e+01
3.094060897827148438e+01
3.069886398315429688e+01
3.061622810363769531e+01
3.059946441650390625e+01
3.053366661071777344e+01
3.043424987792968750e+01
3.037753105163574219e+01
3.037395858764648438e+01
3.045809745788574219e+01
3.048442459106445312e+01
3.057331466674804688e+01
3.075413513183593750e+01
3.097902488708496094e+01
3.109714317321777344e+01
3.125311660766601562e+01
3.142127227783203125e+01
3.132610130310058594e+01
3.117245292663574219e+01
3.103427886962890625e+01
3.087380981445312500e+01
3.082371711730957031e+01
3.093461227416992188e+01
3.111509323120117188e+01
3.122410964965820312e+01
3.127256202697753906e+01
3.125000762939453125e+01
3.119213294982910156e+01
3.104069900512695312e+01
3.090838050842285156e+01
3.081865692138671875e+01
3.074037170410156250e+01
3.053916358947753906e+01
3.038738441467285156e+01
3.033552360534667969e+01
3.017494964599609375e+01
3.004094123840332031e+01
3.006263923645019531e+01
3.017838096618652344e+01
3.017628097534179688e+01
3.011782073974609375e+01
3.006159210205078125e+01
3.011289215087890625e+01
3.019501686096191406e+01
3.018802070617675781e+01
3.002957534790039062e+01
3.003967285156250000e+01
3.026215553283691406e+01
3.060589408874511719e+01
3.081794738769531250e+01
3.118614387512207031e+01
3.153096008300781250e+01
3.171507644653320312e+01
3.179311370849609375e+01
3.177455520629882812e+01
3.172645378112792969e+01
3.168121528625488281e+01
3.178163528442382812e+01
3.222188568115234375e+01
3.228224563598632812e+01
3.213174819946289062e+01
3.106896400451660156e+01
3.043816947937011719e+01
3.006044197082519531e+01
2.963912391662597656e+01
2.924086380004882812e+01
2.890205001831054688e+01
2.968119049072265625e+01
3.030667495727539062e+01
