3.491273498535156250e+01
3.539023208618164062e+01
3.623033142089843750e+01
3.554430770874023438e+01
3.482115554809570312e+01
3.474676132202148438e+01
3.490287017822265625e+01
3.481337356567382812e+01
3.426091384887695312e+01
3.436083602905273438e+01
3.425722885131835938e+01
3.432901382446289062e+01
3.492244338989257812e+01
3.499492263793945312e+01
3.475529098510742188e+01
3.482017898559570312e+01
3.432147216796875000e+01
3.396975326538085938e+01
3.381823348999023438e+01
3.390259933471679688e+01
3.396440124511718750e+01
3.383208084106445312e+01
3.357854461669921875e+01
3.333340835571289062e+01
3.309884643554687500e+01
3.297753524780273438e+01
3.274393844604492188e+01
3.243322753906250000e+01
3.249156951904296875e+01
3.301210784912109375e+01
3.328252029418945312e+01
3.348316192626953125e+01
3.350733566284179688e+01
3.352080154418945312e+01
3.361139297485351562e+01
3.363021469116210938e+01
3.384297180175781250e+01
3.355997848510742188e+01
3.330390167236328125e+01
3.335776138305664062e+01
3.349003982543945312e+01
3.365449523925781250e+01
3.382860565185546875e+01
3.394416427612304688e+01
3.390153884887695312e+01
3.386141204833984375e+01
3.395027923583984375e+01
3.433199691772460938e+01
3.452576828002929688e+01
3.453711700439453125e+01
3.448904418945312500e+01
3.474319076538085938e+01
3.478083801269531250e+01
3.460281753540039062e+01
3.434865951538085938e+01
3.434628677368164062e+01
3.425812911987304688e+01
3.408259963989257812e+01
3.414410018920898438e+01
3.445579528808593750e+01
3.475975799560546875e+01
3.430934143066406250e+01
3.383613967895507812e+01
3.355292892456054688e+01
3.355881500244140625e+01
3.399258041381835938e+01
3.446532058715820312e+01
3.557637405395507812e+01
3.536634826660156250e+01
3.439977645874023438e+01
3.373465728759765625e+01
3.327611541748046875e+01
3.302414703369140625e+01
3.299807739257812500e+01
3.343816757202148438e+01
3.403813934326171875e+01
3.428181457519531250e+01
3.420122146606445312e+01
3.393013381958007812e+01
3.372597503662109375e+01
3.373175430297851562e+01
3.397792816162109375e+01
3.406379699707031250e+01
3.416044616699218750e+01
3.403123474121093750e+01
3.397080230712890625e+01
3.397206878662109375e+01
3.441752243041992188e+01
3.394925308227539062e+01
3.392081832885742188e+01
3.398966598510742188e+01
3.406108474731445312e+01
3.399808883666992188e+01
3.393706512451171875e+01
3.398835754394531250e+01
3.419727325439453125e+01
3.414525604248046875e+01
3.419750213623046875e+01
3.432320404052734375e+01
