2.814313888549804688e+01
2.781616401672363281e+01
2.760274124145507812e+01
2.744335174560546875e+01
2.755544662475585938e+01
2.778445816040039062e+01
2.798387908935546875e+01
2.786646842956542969e+01
2.805965423583984375e+01
2.883354568481445312e+01
2.865781021118164062e+01
2.857530212402343750e+01
2.862507820129394531e+01
2.828068923950195312e+01
2.804759788513183594e+01
2.799525451660156250e+01
2.770575523376464844e+01
2.779817008972167969e+01
2.756286430358886719e+01
2.717958641052246094e+01
2.712641334533691406e+01
2.686755561828613281e+01
2.660670852661132812e+01
2.661633682250976562e+01
2.687143135070800781e+01
2.683730697631835938e+01
2.682459068298339844e+01
2.653460311889648438e+01
2.630408096313476562e+01
2.623394012451171875e+01
2.620708274841308594e+01
2.625619316101074219e+01
2.636933517456054688e+01
2.650120735168457031e+01
2.668265151977539062e+01
2.697414207458496094e+01
2.708317375183105469e+01
2.698581314086914062e+01
2.689043617248535156e+01
2.672926139831542969e+01
2.660890388488769531e+01
2.661304664611816406e+01
2.664004135131835938e+01
2.678768157958984375e+01
2.692285537719726562e+01
2.693562698364257812e+01
2.686951065063476562e+01
2.688452720642089844e+01
2.698113250732421875e+01
2.700501060485839844e+01
2.703509140014648438e+01
2.712812232971191406e+01
2.716947937011718750e+01
2.717015838623046875e+01
2.694248390197753906e+01
2.667300033569335938e+01
2.668685150146484375e+01
2.677292251586914062e+01
2.688282775878906250e+01
2.702009010314941406e+01
2.704009056091308594e+01
2.715989303588867188e+01
2.742720413208007812e+01
2.740573120117187500e+01
2.724600982666015625e+01
2.722160720825195312e+01
2.716270637512207031e+01
2.716358757019042969e+01
2.723370933532714844e+01
2.719858932495117188e+01
2.709971237182617188e+01
2.704403877258300781e+01
2.705935096740722656e+01
2.707213020324707031e+01
2.714162254333496094e+01
2.720435333251953125e+01
2.733577728271484375e+01
2.747903633117675781e+01
2.758149528503417969e+01
2.765448570251464844e+01
2.776514816284179688e+01
2.799954605102539062e+01
2.811172103881835938e+01
2.831636428833007812e+01
2.845769119262695312e+01
2.825509452819824219e+01
2.817743301391601562e+01
2.806685638427734375e+01
2.852903938293457031e+01
2.838655853271484375e+01
2.787910079956054688e+01
2.743457412719726562e+01
2.733957862854003906e+01
2.721003150939941406e+01
2.732590675354003906e+01
