2.629569053649902344e+01
2.657316589355468750e+01
2.673800277709960938e+01
2.683089447021484375e+01
2.685459136962890625e+01
2.687615394592285156e+01
2.703566169738769531e+01
2.709495544433593750e+01
2.698358154296875000e+01
2.679712486267089844e+01
2.672426223754882812e+01
2.672731399536132812e+01
2.662081718444824219e+01
2.667294692993164062e+01
2.661213874816894531e+01
2.673451995849609375e+01
2.692816162109375000e+01
2.707460212707519531e+01
2.714101982116699219e+01
2.723960685729980469e+01
2.728803634643554688e+01
2.734177970886230469e+01
2.744413948059082031e+01
2.748772811889648438e+01
2.752327537536621094e+01
2.748242759704589844e+01
2.748826026916503906e+01
2.754629516601562500e+01
2.745121383666992188e+01
2.741484069824218750e+01
2.736851119995117188e+01
2.722352600097656250e+01
2.702280998229980469e+01
2.677872467041015625e+01
2.662810897827148438e+01
2.648487472534179688e+01
2.643863677978515625e+01
2.646573638916015625e+01
2.658148002624511719e+01
2.670117378234863281e+01
2.671045112609863281e+01
2.678410339355468750e+01
2.692447280883789062e+01
2.711969375610351562e+01
2.744244956970214844e+01
2.775687408447265625e+01
2.778583526611328125e+01
2.761034011840820312e+01
2.736550521850585938e+01
2.707339096069335938e+01
2.693662834167480469e+01
2.681247711181640625e+01
2.676273727416992188e+01
2.676770210266113281e+01
2.679047775268554688e+01
2.687096977233886719e+01
2.695017242431640625e+01
2.693489646911621094e+01
2.679910659790039062e+01
2.669615745544433594e+01
2.668586540222167969e+01
2.668244171142578125e+01
2.655540466308593750e+01
2.655460929870605469e+01
2.666581916809082031e+01
2.677419090270996094e+01
2.691251182556152344e+01
2.693944358825683594e+01
2.697672271728515625e+01
2.708787536621093750e+01
2.722937583923339844e+01
2.728373336791992188e+01
2.723373794555664062e+01
2.716782379150390625e+01
2.715303421020507812e+01
2.717960548400878906e+01
2.728123474121093750e+01
2.731098556518554688e+01
2.731892204284667969e+01
2.733593940734863281e+01
2.724445533752441406e+01
2.711301422119140625e+01
2.700950622558593750e+01
2.701875114440917969e+01
2.707554054260253906e+01
2.698850440979003906e+01
2.696705818176269531e+01
2.699601554870605469e+01
2.700850296020507812e+01
2.687103652954101562e+01
2.675344467163085938e+01
2.679717445373535156e+01
2.697189331054687500e+01
2.713791656494140625e+01
2.722390174865722656e+01
2.731232261657714844e+01
2.756579971313476562e+01
2.762073707580566406e+01
2.728064346313476562e+01
2.729995536804199219e+01
2.759815025329589844e+01
2.781312561035156250e+01
