2.478640747070312500e+01
2.460141754150390625e+01
2.426633071899414062e+01
2.390298271179199219e+01
2.367176818847656250e+01
2.365943336486816406e+01
2.379512596130371094e+01
2.384757423400878906e+01
2.397764396667480469e+01
2.396871757507324219e+01
2.412090492248535156e+01
2.415522956848144531e+01
2.430407905578613281e+01
2.441413497924804688e+01
2.464345550537109375e+01
2.488878631591796875e+01
2.500269699096679688e+01
2.495612525939941406e+01
2.433649635314941406e+01
2.376148796081542969e+01
2.356494140625000000e+01
2.381036567687988281e+01
2.381430244445800781e+01
2.395222854614257812e+01
2.387656402587890625e+01
2.388706588745117188e+01
2.383234977722167969e+01
2.376758003234863281e+01
2.367400550842285156e+01
2.361486244201660156e+01
2.360921096801757812e+01
2.360300254821777344e+01
2.364844512939453125e+01
2.365969657897949219e+01
2.377467155456542969e+01
2.380872344970703125e+01
2.389130210876464844e+01
2.388488960266113281e+01
2.396407890319824219e+01
2.400723457336425781e+01
2.405664443969726562e+01
2.408823776245117188e+01
2.410662460327148438e+01
2.411207008361816406e+01
2.418603134155273438e+01
2.430288887023925781e+01
2.438992691040039062e+01
2.450043869018554688e+01
2.454616355895996094e+01
2.454917144775390625e+01
2.449101257324218750e+01
2.437601089477539062e+01
2.418256950378417969e+01
2.413498687744140625e+01
2.409875297546386719e+01
2.410274124145507812e+01
2.418688011169433594e+01
2.427391052246093750e+01
2.449478530883789062e+01
2.471994781494140625e+01
2.489224624633789062e+01
2.490293502807617188e+01
2.484043312072753906e+01
2.479027366638183594e+01
2.464043998718261719e+01
2.457100486755371094e+01
2.449667358398437500e+01
2.451048851013183594e+01
2.454347991943359375e+01
2.456537628173828125e+01
2.453625679016113281e+01
2.459856796264648438e+01
2.450398063659667969e+01
2.443326950073242188e+01
2.433465766906738281e+01
2.434332847595214844e+01
2.434998321533203125e+01
2.423168373107910156e+01
2.387665748596191406e+01
2.370037651062011719e+01
2.368394470214843750e+01
2.379681205749511719e+01
2.393491363525390625e+01
2.409717178344726562e+01
2.419459342956542969e+01
2.414910697937011719e+01
2.412886619567871094e+01
2.388291549682617188e+01
2.420125198364257812e+01
2.409513854980468750e+01
2.405121421813964844e+01
2.414795303344726562e+01
2.430577087402343750e+01
2.453342056274414062e+01
2.457186126708984375e+01
2.464412498474121094e+01
2.480775070190429688e+01
2.543480873107910156e+01
2.534987258911132812e+01
2.557711410522460938e+01
