2.373326301574707031e+01
2.350863647460937500e+01
2.333111000061035156e+01
2.335689163208007812e+01
2.329227447509765625e+01
2.341407775878906250e+01
2.330460548400878906e+01
2.344750595092773438e+01
2.340287399291992188e+01
2.354421043395996094e+01
2.349824714660644531e+01
2.371151161193847656e+01
2.379381179809570312e+01
2.377467918395996094e+01
2.365599250793457031e+01
2.365943145751953125e+01
2.360320663452148438e+01
2.359382629394531250e+01
2.345721244812011719e+01
2.343848609924316406e+01
2.339091110229492188e+01
2.341421699523925781e+01
2.342964744567871094e+01
2.349360084533691406e+01
2.350155639648437500e+01
2.359674644470214844e+01
2.367374610900878906e+01
2.372438812255859375e+01
2.375999450683593750e+01
2.381652259826660156e+01
2.368446159362792969e+01
2.352798843383789062e+01
2.333638000488281250e+01
2.330911254882812500e+01
2.319432258605957031e+01
2.318139457702636719e+01
2.314881515502929688e+01
2.318614959716796875e+01
2.330454635620117188e+01
2.353359031677246094e+01
2.381265830993652344e+01
2.389223861694335938e+01
2.392087364196777344e+01
2.396520805358886719e+01
2.404506874084472656e+01
2.414357757568359375e+01
2.416612434387207031e+01
2.412846946716308594e+01
2.387026786804199219e+01
2.369040679931640625e+01
2.366932678222656250e+01
2.389469909667968750e+01
2.396500205993652344e+01
2.416091156005859375e+01
2.413437843322753906e+01
2.415226364135742188e+01
2.411449241638183594e+01
2.417577362060546875e+01
2.420088005065917969e+01
2.425616264343261719e+01
2.430667304992675781e+01
2.433367919921875000e+01
2.437766838073730469e+01
2.440357017517089844e+01
2.419355773925781250e+01
2.396339607238769531e+01
2.377615547180175781e+01
2.361786270141601562e+01
2.357966423034667969e+01
2.361073303222656250e+01
2.357759094238281250e+01
2.357622528076171875e+01
2.369815063476562500e+01
2.373395729064941406e+01
2.382365036010742188e+01
2.378310012817382812e+01
2.368342018127441406e+01
2.367300415039062500e+01
2.365756797790527344e+01
2.365972518920898438e+01
2.371824645996093750e+01
2.376837539672851562e+01
2.372967529296875000e+01
2.365476799011230469e+01
2.354061508178710938e+01
2.345771408081054688e+01
2.333098030090332031e+01
2.334176254272460938e+01
2.329343605041503906e+01
2.334968566894531250e+01
2.352935028076171875e+01
2.351930236816406250e+01
2.344468116760253906e+01
2.333514213562011719e+01
2.327225112915039062e+01
2.337946891784667969e+01
2.333198165893554688e+01
2.346310234069824219e+01
2.314368247985839844e+01
2.309383773803710938e+01
2.289063262939453125e+01
2.297281646728515625e+01
2.297472763061523438e+01
2.307482337951660156e+01
