3.538745880126953125e+01
3.425965118408203125e+01
3.416307067871093750e+01
3.446205520629882812e+01
3.514065170288085938e+01
3.507316207885742188e+01
3.539971542358398438e+01
3.563762664794921875e+01
3.541680145263671875e+01
3.520558929443359375e+01
3.600659179687500000e+01
3.664675903320312500e+01
3.667051315307617188e+01
3.657583236694335938e+01
3.658079910278320312e+01
3.604979324340820312e+01
3.549493026733398438e+01
3.635434341430664062e+01
3.758409500122070312e+01
3.797395706176757812e+01
3.789873886108398438e+01
3.767464065551757812e+01
3.767639160156250000e+01
3.755249404907226562e+01
3.741235351562500000e+01
3.754533004760742188e+01
3.737374114990234375e+01
3.629060363769531250e+01
3.576500320434570312e+01
3.576902770996093750e+01
3.635041809082031250e+01
3.729776382446289062e+01
3.678104782104492188e+01
3.593861007690429688e+01
3.527350234985351562e+01
3.541099548339843750e+01
3.581947326660156250e+01
3.686981964111328125e+01
3.741518783569335938e+01
3.717677307128906250e+01
3.663386917114257812e+01
3.699798583984375000e+01
3.633811950683593750e+01
3.500267028808593750e+01
3.491073608398437500e+01
3.481149291992187500e+01
3.503273773193359375e+01
3.540205383300781250e+01
3.533036422729492188e+01
3.661968994140625000e+01
3.560103225708007812e+01
3.487191772460937500e+01
3.610783386230468750e+01
3.720837020874023438e+01
3.798712539672851562e+01
3.745639038085937500e+01
3.728242492675781250e+01
3.738404846191406250e+01
3.733728408813476562e+01
3.749880218505859375e+01
3.655807495117187500e+01
3.529749298095703125e+01
3.551345443725585938e+01
3.613586425781250000e+01
3.720278167724609375e+01
3.747844314575195312e+01
3.797453308105468750e+01
3.810544967651367188e+01
3.808008956909179688e+01
3.801288986206054688e+01
3.772583389282226562e+01
3.753504943847656250e+01
3.764746856689453125e+01
3.753914260864257812e+01
3.757149505615234375e+01
3.783162689208984375e+01
3.785809707641601562e+01
3.812390899658203125e+01
3.817140960693359375e+01
3.805905914306640625e+01
3.789083099365234375e+01
3.765235900878906250e+01
3.798788833618164062e+01
3.804883575439453125e+01
3.754620361328125000e+01
3.722233200073242188e+01
3.705536270141601562e+01
3.677876663208007812e+01
3.677877044677734375e+01
3.658599472045898438e+01
3.637689208984375000e+01
3.703927993774414062e+01
3.799930572509765625e+01
3.773439788818359375e+01
3.817109680175781250e+01
3.828763961791992188e+01
3.825188064575195312e+01
3.761748123168945312e+01
3.607311630249023438e+01
3.587031936645507812e+01
3.572321319580078125e+01
3.596079635620117188e+01
3.741858291625976562e+01
3.700097274780273438e+01
3.690252304077148438e+01
3.762032318115234375e+01
3.738778686523437500e+01
3.647924041748046875e+01
