3.027411842346191406e+01
2.996335411071777344e+01
2.936071205139160156e+01
2.989063835144042969e+01
3.011512756347656250e+01
3.011714744567871094e+01
3.182247352600097656e+01
3.150986099243164062e+01
3.079926490783691406e+01
3.079275894165039062e+01
3.049593162536621094e+01
3.027383422851562500e+01
3.022967720031738281e+01
2.994056129455566406e+01
2.989773368835449219e+01
2.998988533020019531e+01
2.957879257202148438e+01
2.924427032470703125e+01
2.908430862426757812e+01
2.879788589477539062e+01
2.877964782714843750e+01
2.916612815856933594e+01
2.914114952087402344e+01
2.979323768615722656e+01
3.019585609436035156e+01
3.042049407958984375e+01
3.064512825012207031e+01
3.032184410095214844e+01
3.009724044799804688e+01
3.032380867004394531e+01
3.047028732299804688e+01
3.028495216369628906e+01
2.950296211242675781e+01
2.917452239990234375e+01
2.903707122802734375e+01
2.902316284179687500e+01
2.908628654479980469e+01
2.911380958557128906e+01
2.923568344116210938e+01
2.918817329406738281e+01
2.899486923217773438e+01
2.835384941101074219e+01
2.821949386596679688e+01
2.820746231079101562e+01
2.818874359130859375e+01
2.818687820434570312e+01
2.824063491821289062e+01
2.825555992126464844e+01
2.841534233093261719e+01
2.864834403991699219e+01
2.875541687011718750e+01
2.890223121643066406e+01
2.900208663940429688e+01
2.913555145263671875e+01
2.921750068664550781e+01
2.918401145935058594e+01
2.930904769897460938e+01
2.958670616149902344e+01
2.963744544982910156e+01
2.930793762207031250e+01
2.935777473449707031e+01
2.942109298706054688e+01
2.954666519165039062e+01
2.959513664245605469e+01
2.954223251342773438e+01
2.946306037902832031e+01
2.935484695434570312e+01
2.942706489562988281e+01
2.962370681762695312e+01
2.985329437255859375e+01
2.985103797912597656e+01
2.994397926330566406e+01
2.969424819946289062e+01
2.923593902587890625e+01
2.920960998535156250e+01
2.912664413452148438e+01
2.873691940307617188e+01
2.871310234069824219e+01
2.904372978210449219e+01
2.925567817687988281e+01
2.957092666625976562e+01
2.979158401489257812e+01
2.868472099304199219e+01
2.835442352294921875e+01
2.890338325500488281e+01
2.925852203369140625e+01
2.912546157836914062e+01
2.958449363708496094e+01
2.991148757934570312e+01
2.997610282897949219e+01
2.987137794494628906e+01
3.007014846801757812e+01
