2.039919662475585938e+01
2.047226524353027344e+01
2.058421134948730469e+01
2.066893005371093750e+01
2.078865814208984375e+01
2.092570877075195312e+01
2.117240333557128906e+01
2.117475318908691406e+01
2.124206542968750000e+01
2.110104942321777344e+01
2.106900787353515625e+01
2.101438140869140625e+01
2.091012763977050781e+01
2.086047363281250000e+01
2.083701705932617188e+01
2.087586975097656250e+01
2.074841308593750000e+01
2.081113243103027344e+01
2.072462081909179688e+01
2.072018051147460938e+01
2.057825851440429688e+01
2.050097656250000000e+01
2.050551795959472656e+01
2.044744491577148438e+01
2.055849075317382812e+01
2.043523216247558594e+01
2.046731376647949219e+01
2.038969039916992188e+01
2.043980979919433594e+01
2.045477867126464844e+01
2.049657249450683594e+01
2.053510093688964844e+01
2.040020751953125000e+01
2.032855033874511719e+01
2.014940071105957031e+01
2.009343528747558594e+01
2.009774017333984375e+01
2.018828582763671875e+01
2.024593734741210938e+01
2.022089958190917969e+01
2.022447586059570312e+01
2.024278068542480469e+01
2.034648704528808594e+01
2.043237495422363281e+01
2.053688621520996094e+01
2.053004455566406250e+01
2.050588798522949219e+01
2.043646430969238281e+01
2.041499519348144531e+01
2.044880485534667969e+01
2.049650573730468750e+01
2.052037429809570312e+01
2.047114753723144531e+01
2.044771385192871094e+01
2.037855339050292969e+01
2.035295295715332031e+01
2.033837127685546875e+01
2.033198547363281250e+01
2.032650375366210938e+01
2.029422950744628906e+01
2.026783943176269531e+01
2.019970321655273438e+01
2.021358680725097656e+01
2.020073127746582031e+01
2.022643470764160156e+01
2.021537780761718750e+01
2.020626640319824219e+01
2.021412849426269531e+01
2.021017265319824219e+01
2.024827766418457031e+01
2.028674507141113281e+01
2.034445762634277344e+01
2.038102912902832031e+01
2.048850631713867188e+01
2.055360221862792969e+01
2.058937072753906250e+01
2.056986045837402344e+01
2.057839393615722656e+01
2.071661949157714844e+01
2.086076354980468750e+01
2.100335311889648438e+01
2.100784683227539062e+01
2.112249755859375000e+01
2.123947334289550781e+01
2.137969207763671875e+01
2.157673454284667969e+01
2.169585990905761719e+01
2.192945098876953125e+01
2.209703636169433594e+01
2.236392784118652344e+01
2.239733886718750000e+01
2.258373832702636719e+01
2.239370918273925781e+01
2.211765480041503906e+01
