2.868769454956054688e+01
2.860818290710449219e+01
2.867131042480468750e+01
2.891471672058105469e+01
2.879569816589355469e+01
2.830508995056152344e+01
2.779133033752441406e+01
2.739898872375488281e+01
2.724997711181640625e+01
2.737214279174804688e+01
2.758476829528808594e+01
2.784253692626953125e+01
2.819160461425781250e+01
2.840921592712402344e+01
2.817273902893066406e+01
2.795012474060058594e+01
2.797569847106933594e+01
2.804387474060058594e+01
2.821701812744140625e+01
2.842049598693847656e+01
2.857626152038574219e+01
2.886915016174316406e+01
2.912924194335937500e+01
2.949373817443847656e+01
2.981183624267578125e+01
2.973814392089843750e+01
2.939650154113769531e+01
2.930797004699707031e+01
2.958445167541503906e+01
2.968125343322753906e+01
2.959432411193847656e+01
2.924514389038085938e+01
2.903061866760253906e+01
2.901110267639160156e+01
2.883664703369140625e+01
2.846716880798339844e+01
2.824164009094238281e+01
2.829772758483886719e+01
2.841379356384277344e+01
2.846041488647460938e+01
2.846631431579589844e+01
2.827945899963378906e+01
2.833345413208007812e+01
2.850808715820312500e+01
2.897402381896972656e+01
2.952839088439941406e+01
2.984305953979492188e+01
3.010066413879394531e+01
3.030989646911621094e+01
3.036004638671875000e+01
3.023820114135742188e+01
2.986768150329589844e+01
2.961115074157714844e+01
2.947568702697753906e+01
2.929110145568847656e+01
2.885864448547363281e+01
2.852880859375000000e+01
2.864992141723632812e+01
2.884242248535156250e+01
2.889874839782714844e+01
2.891048622131347656e+01
2.905954933166503906e+01
2.943325614929199219e+01
2.980029678344726562e+01
3.011255073547363281e+01
2.990241432189941406e+01
2.956576728820800781e+01
2.927122306823730469e+01
2.924345016479492188e+01
2.933865928649902344e+01
2.925568199157714844e+01
2.891743659973144531e+01
2.833067131042480469e+01
2.804930114746093750e+01
2.789890861511230469e+01
2.814824104309082031e+01
2.860777091979980469e+01
2.867697906494140625e+01
2.870423316955566406e+01
2.864038848876953125e+01
2.856792068481445312e+01
2.850139427185058594e+01
2.840184211730957031e+01
2.842971611022949219e+01
2.865186309814453125e+01
2.907081222534179688e+01
2.974823951721191406e+01
2.985280609130859375e+01
2.997878265380859375e+01
3.002215003967285156e+01
2.997460746765136719e+01
2.973453140258789062e+01
2.979829978942871094e+01
2.982569503784179688e+01
2.970145988464355469e+01
2.959051322937011719e+01
2.966262626647949219e+01
2.971546745300292969e+01
2.955252265930175781e+01
2.928172492980957031e+01
2.876995277404785156e+01
2.805351066589355469e+01
2.770343780517578125e+01
2.748908424377441406e+01
2.720654487609863281e+01
2.727729797363281250e+01
2.780304336547851562e+01
