2.519994735717773438e+01
2.508605194091796875e+01
2.463506698608398438e+01
2.435586547851562500e+01
2.408496284484863281e+01
2.383883476257324219e+01
2.385195159912109375e+01
2.394861602783203125e+01
2.388000106811523438e+01
2.382320594787597656e+01
2.377112579345703125e+01
2.357844734191894531e+01
2.370803260803222656e+01
2.409790611267089844e+01
2.425550270080566406e+01
2.437338638305664062e+01
2.436355972290039062e+01
2.438051033020019531e+01
2.426691055297851562e+01
2.423768615722656250e+01
2.426600074768066406e+01
2.434726524353027344e+01
2.442224693298339844e+01
2.444401741027832031e+01
2.438133811950683594e+01
2.427266502380371094e+01
2.414553451538085938e+01
2.393081665039062500e+01
2.401009559631347656e+01
2.426210403442382812e+01
2.437390518188476562e+01
2.441565704345703125e+01
2.438527297973632812e+01
2.434366416931152344e+01
2.430741119384765625e+01
2.425989913940429688e+01
2.421774482727050781e+01
2.422669029235839844e+01
2.428644943237304688e+01
2.436683845520019531e+01
2.434992218017578125e+01
2.425740432739257812e+01
2.415820312500000000e+01
2.407326507568359375e+01
2.404470062255859375e+01
2.400063896179199219e+01
2.388829231262207031e+01
2.369114685058593750e+01
2.361666870117187500e+01
2.359290885925292969e+01
2.365470886230468750e+01
2.377987861633300781e+01
2.393886756896972656e+01
2.400547599792480469e+01
2.399361038208007812e+01
2.396070861816406250e+01
2.394827461242675781e+01
2.392809295654296875e+01
2.394484138488769531e+01
2.396433830261230469e+01
2.402474021911621094e+01
2.397099685668945312e+01
2.393199920654296875e+01
2.391335105895996094e+01
2.395048904418945312e+01
2.406143569946289062e+01
2.415382575988769531e+01
2.422350311279296875e+01
2.430630493164062500e+01
2.431013488769531250e+01
2.421627044677734375e+01
2.414646148681640625e+01
2.417823410034179688e+01
2.424920654296875000e+01
2.438315010070800781e+01
2.446401596069335938e+01
2.449158477783203125e+01
2.432439613342285156e+01
2.412495040893554688e+01
2.403769302368164062e+01
2.402992248535156250e+01
2.410853195190429688e+01
2.399886512756347656e+01
2.378558349609375000e+01
2.361266517639160156e+01
2.346211433410644531e+01
2.355799484252929688e+01
2.352709007263183594e+01
2.422006416320800781e+01
2.397057342529296875e+01
2.380836105346679688e+01
2.326615333557128906e+01
2.305137825012207031e+01
2.289260482788085938e+01
2.249891281127929688e+01
