3.622313690185546875e+01
3.610189819335937500e+01
3.545603942871093750e+01
3.480321502685546875e+01
3.531615829467773438e+01
3.609719848632812500e+01
3.653646850585937500e+01
3.616437149047851562e+01
3.517732238769531250e+01
3.425102233886718750e+01
3.406804275512695312e+01
3.402989578247070312e+01
3.407999038696289062e+01
3.410275650024414062e+01
3.414688873291015625e+01
3.387158203125000000e+01
3.363653945922851562e+01
3.365088272094726562e+01
3.399956512451171875e+01
3.454254531860351562e+01
3.586215591430664062e+01
3.636681747436523438e+01
3.648908996582031250e+01
3.659247207641601562e+01
3.634998321533203125e+01
3.582962417602539062e+01
3.568055725097656250e+01
3.564380645751953125e+01
3.532990264892578125e+01
3.517634201049804688e+01
3.481162261962890625e+01
3.468600463867187500e+01
3.453389739990234375e+01
3.487649154663085938e+01
3.541416168212890625e+01
3.588325119018554688e+01
3.651700210571289062e+01
3.672254180908203125e+01
3.657720947265625000e+01
3.644079589843750000e+01
3.620262527465820312e+01
3.594338226318359375e+01
3.527404022216796875e+01
3.430096817016601562e+01
3.408567047119140625e+01
3.407163619995117188e+01
3.410026550292968750e+01
3.383397674560546875e+01
3.352709579467773438e+01
3.353614807128906250e+01
3.367562484741210938e+01
3.405355072021484375e+01
3.431938552856445312e+01
3.415582656860351562e+01
3.408087539672851562e+01
3.371900939941406250e+01
3.367093276977539062e+01
3.378866958618164062e+01
3.376166915893554688e+01
3.373003768920898438e+01
3.402275085449218750e+01
3.471800231933593750e+01
3.545492172241210938e+01
3.561091613769531250e+01
3.638940429687500000e+01
3.678786087036132812e+01
3.660933685302734375e+01
3.592747879028320312e+01
3.423967742919921875e+01
3.396212768554687500e+01
3.384167861938476562e+01
3.374254989624023438e+01
3.380975341796875000e+01
3.390741729736328125e+01
3.400080490112304688e+01
3.407955169677734375e+01
3.414316940307617188e+01
3.407276916503906250e+01
3.392545318603515625e+01
3.390197372436523438e+01
3.400110244750976562e+01
3.426791000366210938e+01
3.457512664794921875e+01
3.414325714111328125e+01
3.390379333496093750e+01
3.394852447509765625e+01
3.431719589233398438e+01
3.461045074462890625e+01
3.450234222412109375e+01
3.430382537841796875e+01
3.405402374267578125e+01
3.381102371215820312e+01
3.396168518066406250e+01
3.415320587158203125e+01
3.385186004638671875e+01
3.377528762817382812e+01
3.383550262451171875e+01
3.387703323364257812e+01
3.401187896728515625e+01
3.408086776733398438e+01
3.449982833862304688e+01
3.530457305908203125e+01
3.626775741577148438e+01
3.748765945434570312e+01
