3.500838851928710938e+01
3.529449462890625000e+01
3.628260040283203125e+01
3.629213333129882812e+01
3.670542907714843750e+01
3.684717178344726562e+01
3.682398986816406250e+01
3.625823974609375000e+01
3.590456771850585938e+01
3.554262161254882812e+01
3.543397140502929688e+01
3.592580795288085938e+01
3.626756286621093750e+01
3.632730865478515625e+01
3.646371078491210938e+01
3.663746643066406250e+01
3.691234970092773438e+01
3.706428527832031250e+01
3.691003036499023438e+01
3.657472610473632812e+01
3.618727111816406250e+01
3.610994338989257812e+01
3.621417236328125000e+01
3.625453186035156250e+01
3.622452163696289062e+01
3.635359191894531250e+01
3.646654129028320312e+01
3.641993713378906250e+01
3.634163284301757812e+01
3.595870590209960938e+01
3.512426376342773438e+01
3.507865524291992188e+01
3.547166824340820312e+01
3.631016921997070312e+01
3.669719314575195312e+01
3.662596893310546875e+01
3.658314132690429688e+01
3.654899978637695312e+01
3.667648696899414062e+01
3.661856842041015625e+01
3.619515228271484375e+01
3.532426452636718750e+01
3.511389160156250000e+01
3.528939437866210938e+01
3.555645370483398438e+01
3.662240219116210938e+01
3.717112731933593750e+01
3.727253341674804688e+01
3.735062026977539062e+01
3.741749954223632812e+01
3.726798248291015625e+01
3.721607208251953125e+01
3.718194198608398438e+01
3.713195800781250000e+01
3.703573608398437500e+01
3.723043823242187500e+01
3.711461257934570312e+01
3.691595840454101562e+01
3.641453170776367188e+01
3.551118087768554688e+01
3.551300430297851562e+01
3.587880325317382812e+01
3.592053222656250000e+01
3.610450744628906250e+01
3.665703201293945312e+01
3.609991073608398438e+01
3.531052398681640625e+01
3.520518875122070312e+01
3.499028778076171875e+01
3.509334564208984375e+01
3.550027084350585938e+01
3.665337371826171875e+01
3.642005157470703125e+01
3.649498367309570312e+01
3.637953948974609375e+01
3.653760910034179688e+01
3.660045242309570312e+01
3.654582977294921875e+01
3.610408782958984375e+01
3.587757492065429688e+01
3.595124053955078125e+01
3.643551635742187500e+01
3.668889617919921875e+01
3.663119125366210938e+01
3.638221740722656250e+01
3.561086654663085938e+01
3.498052978515625000e+01
3.505265426635742188e+01
3.609121322631835938e+01
3.643646240234375000e+01
3.670590591430664062e+01
3.642632675170898438e+01
3.579419326782226562e+01
3.548044586181640625e+01
3.557946777343750000e+01
3.586559677124023438e+01
3.616546630859375000e+01
3.628638458251953125e+01
3.639988708496093750e+01
3.670776748657226562e+01
3.701956558227539062e+01
3.715386199951171875e+01
3.746960449218750000e+01
3.760003280639648438e+01
3.715055084228515625e+01
3.713195037841796875e+01
3.751024627685546875e+01
