3.435843658447265625e+01
3.530254364013671875e+01
3.622082138061523438e+01
3.710797500610351562e+01
3.703007888793945312e+01
3.707083892822265625e+01
3.703353500366210938e+01
3.692259597778320312e+01
3.718098449707031250e+01
3.766038131713867188e+01
3.801663208007812500e+01
3.817720413208007812e+01
3.824849700927734375e+01
3.830944824218750000e+01
3.799721145629882812e+01
3.753758621215820312e+01
3.714665222167968750e+01
3.702045440673828125e+01
3.697374343872070312e+01
3.695602416992187500e+01
3.634896850585937500e+01
3.556880187988281250e+01
3.531083297729492188e+01
3.518588256835937500e+01
3.709770202636718750e+01
3.762438201904296875e+01
3.755130004882812500e+01
3.727720642089843750e+01
3.669139480590820312e+01
3.551319885253906250e+01
3.540702056884765625e+01
3.562487030029296875e+01
3.557448196411132812e+01
3.575575256347656250e+01
3.689759826660156250e+01
3.700058364868164062e+01
3.688078308105468750e+01
3.680862426757812500e+01
3.607804489135742188e+01
3.526227951049804688e+01
3.459965515136718750e+01
3.381824111938476562e+01
3.338864898681640625e+01
3.341413497924804688e+01
3.315671157836914062e+01
3.338148880004882812e+01
3.378659439086914062e+01
3.406952667236328125e+01
3.468011856079101562e+01
3.488245010375976562e+01
3.487402725219726562e+01
3.494806289672851562e+01
3.475189208984375000e+01
3.452017974853515625e+01
3.448590850830078125e+01
3.443987655639648438e+01
3.478973007202148438e+01
3.579795837402343750e+01
3.695897674560546875e+01
3.720545196533203125e+01
3.723146438598632812e+01
3.711281585693359375e+01
3.712387466430664062e+01
3.710993957519531250e+01
3.698671722412109375e+01
3.639727020263671875e+01
3.594441223144531250e+01
3.610684967041015625e+01
3.581529235839843750e+01
3.524821853637695312e+01
3.508939361572265625e+01
3.598819732666015625e+01
3.570942306518554688e+01
3.567840194702148438e+01
3.621485137939453125e+01
3.671828460693359375e+01
3.710098648071289062e+01
3.701799392700195312e+01
3.658555221557617188e+01
3.662628173828125000e+01
3.563053131103515625e+01
3.495432662963867188e+01
3.488141632080078125e+01
3.485288619995117188e+01
3.441259002685546875e+01
3.433403778076171875e+01
3.406592559814453125e+01
3.375328445434570312e+01
3.348144531250000000e+01
3.356082153320312500e+01
3.363770294189453125e+01
3.397385787963867188e+01
3.449179840087890625e+01
3.436208343505859375e+01
3.400967407226562500e+01
3.468875885009765625e+01
