3.095652389526367188e+01
3.001368141174316406e+01
3.018882179260253906e+01
3.014908599853515625e+01
2.983791542053222656e+01
2.996019554138183594e+01
2.988311958312988281e+01
2.966505050659179688e+01
2.969792366027832031e+01
2.970038223266601562e+01
3.003405570983886719e+01
3.027354240417480469e+01
3.036813926696777344e+01
2.998241424560546875e+01
3.019492912292480469e+01
3.043807220458984375e+01
3.033396530151367188e+01
3.011640167236328125e+01
3.037525939941406250e+01
3.045458793640136719e+01
3.029548645019531250e+01
3.039641189575195312e+01
3.043667221069335938e+01
3.034263229370117188e+01
3.043404579162597656e+01
3.036174583435058594e+01
3.019718742370605469e+01
3.017425537109375000e+01
3.045561981201171875e+01
3.056057357788085938e+01
3.069568061828613281e+01
3.084760284423828125e+01
3.100985145568847656e+01
3.115236473083496094e+01
3.116498756408691406e+01
3.100291824340820312e+01
3.079694747924804688e+01
3.089616584777832031e+01
3.111552047729492188e+01
3.124636459350585938e+01
3.107149696350097656e+01
3.100949478149414062e+01
3.088877868652343750e+01
3.129063415527343750e+01
3.136238861083984375e+01
3.166504478454589844e+01
3.206256103515625000e+01
3.214208602905273438e+01
3.239363098144531250e+01
3.176868629455566406e+01
3.102840042114257812e+01
3.064194679260253906e+01
3.044116210937500000e+01
3.031515312194824219e+01
3.017920112609863281e+01
3.021271514892578125e+01
3.014590072631835938e+01
3.011163330078125000e+01
3.022063255310058594e+01
3.013333129882812500e+01
3.041555786132812500e+01
3.054590988159179688e+01
3.063317298889160156e+01
3.064811515808105469e+01
3.061995124816894531e+01
3.053351593017578125e+01
3.036701774597167969e+01
3.025522994995117188e+01
2.992443084716796875e+01
2.964477348327636719e+01
2.978299522399902344e+01
3.028034019470214844e+01
3.111283874511718750e+01
3.130533027648925781e+01
3.169844627380371094e+01
3.156208229064941406e+01
3.141286468505859375e+01
3.166857719421386719e+01
3.228922271728515625e+01
3.135039138793945312e+01
2.977798652648925781e+01
2.930661010742187500e+01
2.952830886840820312e+01
2.970326042175292969e+01
2.980735969543457031e+01
2.938614654541015625e+01
2.956691169738769531e+01
2.985809135437011719e+01
3.171211242675781250e+01
3.156996345520019531e+01
3.131212425231933594e+01
3.123104476928710938e+01
2.987407684326171875e+01
2.918268775939941406e+01
2.900395965576171875e+01
2.898531150817871094e+01
2.945634269714355469e+01
2.922949409484863281e+01
2.911598968505859375e+01
2.948178672790527344e+01
2.942580604553222656e+01
2.928864669799804688e+01
2.940354919433593750e+01
2.873391342163085938e+01
2.837381744384765625e+01
2.830611991882324219e+01
