2.734050941467285156e+01
2.751851844787597656e+01
2.723394966125488281e+01
2.673703575134277344e+01
2.671554756164550781e+01
2.676192855834960938e+01
2.704606246948242188e+01
2.717096328735351562e+01
2.721214485168457031e+01
2.738263702392578125e+01
2.766292762756347656e+01
2.808113479614257812e+01
2.852417945861816406e+01
2.829201316833496094e+01
2.814953231811523438e+01
2.807999038696289062e+01
2.793197822570800781e+01
2.781584930419921875e+01
2.778210258483886719e+01
2.775131988525390625e+01
2.768908309936523438e+01
2.772322654724121094e+01
2.771000480651855469e+01
2.768797683715820312e+01
2.767461967468261719e+01
2.773823165893554688e+01
2.769849014282226562e+01
2.784281349182128906e+01
2.801559066772460938e+01
2.811888313293457031e+01
2.817028427124023438e+01
2.819279098510742188e+01
2.808918380737304688e+01
2.801050567626953125e+01
2.789770889282226562e+01
2.778745651245117188e+01
2.778987693786621094e+01
2.789698982238769531e+01
2.784793090820312500e+01
2.768739128112792969e+01
2.749858856201171875e+01
2.750485610961914062e+01
2.750089645385742188e+01
2.744771957397460938e+01
2.752229118347167969e+01
2.752165794372558594e+01
2.749291038513183594e+01
2.763145256042480469e+01
2.768322372436523438e+01
2.742596054077148438e+01
2.725887489318847656e+01
2.717813491821289062e+01
2.722396850585937500e+01
2.703937721252441406e+01
2.701906967163085938e+01
2.706883811950683594e+01
2.710181999206542969e+01
2.727251815795898438e+01
2.744613647460937500e+01
2.749075317382812500e+01
2.763842773437500000e+01
2.767790794372558594e+01
2.764079475402832031e+01
2.770982551574707031e+01
2.771365356445312500e+01
2.784135055541992188e+01
2.788178825378417969e+01
2.784005928039550781e+01
2.786072921752929688e+01
2.783843994140625000e+01
2.782612800598144531e+01
2.772484207153320312e+01
2.766597175598144531e+01
2.768016052246093750e+01
2.769999885559082031e+01
2.765758895874023438e+01
2.763577842712402344e+01
2.754015350341796875e+01
2.744075202941894531e+01
2.740187644958496094e+01
2.749165725708007812e+01
2.752041625976562500e+01
2.747981834411621094e+01
2.749389076232910156e+01
2.741133499145507812e+01
2.738024139404296875e+01
2.754394912719726562e+01
2.743121719360351562e+01
2.726481056213378906e+01
2.722445487976074219e+01
2.730740356445312500e+01
2.746390724182128906e+01
2.738855361938476562e+01
2.719219779968261719e+01
2.713679695129394531e+01
2.724260330200195312e+01
2.708061218261718750e+01
2.696105384826660156e+01
2.693059730529785156e+01
2.665432167053222656e+01
2.639201927185058594e+01
2.628493118286132812e+01
2.617262268066406250e+01
2.624919319152832031e+01
