3.328588485717773438e+01
3.332530212402343750e+01
3.319974136352539062e+01
3.316946029663085938e+01
3.318802261352539062e+01
3.314508056640625000e+01
3.301850128173828125e+01
3.309037017822265625e+01
3.320542144775390625e+01
3.320218658447265625e+01
3.306243515014648438e+01
3.341524887084960938e+01
3.360572433471679688e+01
3.383154678344726562e+01
3.360381317138671875e+01
3.352828598022460938e+01
3.354167556762695312e+01
3.374018478393554688e+01
3.378459548950195312e+01
3.365851974487304688e+01
3.336893463134765625e+01
3.321142196655273438e+01
3.348633575439453125e+01
3.346213912963867188e+01
3.340347671508789062e+01
3.329916381835937500e+01
3.327272796630859375e+01
3.337589645385742188e+01
3.339566421508789062e+01
3.335406875610351562e+01
3.323241806030273438e+01
3.309589385986328125e+01
3.303415298461914062e+01
3.316683578491210938e+01
3.313979339599609375e+01
3.302652359008789062e+01
3.295616531372070312e+01
3.294669342041015625e+01
3.296229553222656250e+01
3.296325302124023438e+01
3.283876037597656250e+01
3.263485717773437500e+01
3.254838180541992188e+01
3.289092254638671875e+01
3.303953933715820312e+01
3.295598220825195312e+01
3.299036026000976562e+01
3.315310668945312500e+01
3.332245635986328125e+01
3.340039443969726562e+01
3.353101348876953125e+01
3.350597763061523438e+01
3.351573181152343750e+01
3.356761550903320312e+01
3.375004196166992188e+01
3.386606597900390625e+01
3.395058441162109375e+01
3.368333816528320312e+01
3.341128540039062500e+01
3.331695556640625000e+01
3.342481994628906250e+01
3.338523483276367188e+01
3.327412033081054688e+01
3.325380325317382812e+01
3.322446823120117188e+01
3.319403457641601562e+01
3.316220855712890625e+01
3.322347259521484375e+01
3.349195480346679688e+01
3.410764694213867188e+01
3.433957672119140625e+01
3.446427154541015625e+01
3.431683731079101562e+01
3.411831665039062500e+01
3.413135147094726562e+01
3.440520858764648438e+01
3.422997665405273438e+01
3.410683822631835938e+01
3.405427932739257812e+01
3.418387222290039062e+01
3.394697189331054688e+01
3.360356903076171875e+01
3.328996658325195312e+01
3.315265655517578125e+01
3.318310165405273438e+01
3.333969879150390625e+01
3.377586746215820312e+01
3.352622222900390625e+01
3.338306808471679688e+01
3.364247894287109375e+01
