2.236956405639648438e+01
2.324154472351074219e+01
2.508675384521484375e+01
2.604145622253417969e+01
2.662687683105468750e+01
2.673471260070800781e+01
2.685533332824707031e+01
2.671553039550781250e+01
2.611670875549316406e+01
2.576545143127441406e+01
2.577189445495605469e+01
2.617393684387207031e+01
2.637838363647460938e+01
2.661843681335449219e+01
2.658570480346679688e+01
2.649075508117675781e+01
2.620716476440429688e+01
2.601722335815429688e+01
2.576270103454589844e+01
2.557587432861328125e+01
2.541679191589355469e+01
2.523992919921875000e+01
2.505722999572753906e+01
2.498611259460449219e+01
2.507996177673339844e+01
2.521990585327148438e+01
2.536650085449218750e+01
2.555166244506835938e+01
2.567887496948242188e+01
2.578079414367675781e+01
2.591422080993652344e+01
2.607280158996582031e+01
2.617610740661621094e+01
2.608605957031250000e+01
2.609522438049316406e+01
2.625734710693359375e+01
2.657839584350585938e+01
2.701490020751953125e+01
2.721275329589843750e+01
2.744022369384765625e+01
2.760187911987304688e+01
2.771254920959472656e+01
2.781394195556640625e+01
2.778123283386230469e+01
2.786639976501464844e+01
2.789275360107421875e+01
2.766380500793457031e+01
2.728124237060546875e+01
2.686514282226562500e+01
2.654513359069824219e+01
2.629828453063964844e+01
2.619452095031738281e+01
2.623962402343750000e+01
2.628799057006835938e+01
2.627588844299316406e+01
2.630105018615722656e+01
2.636210632324218750e+01
2.643358993530273438e+01
2.641019248962402344e+01
2.638207054138183594e+01
2.634406661987304688e+01
2.639528846740722656e+01
2.666430664062500000e+01
2.668495559692382812e+01
2.675640296936035156e+01
2.693437957763671875e+01
2.710770797729492188e+01
2.720825767517089844e+01
2.741232490539550781e+01
2.756306838989257812e+01
2.757766151428222656e+01
2.735086059570312500e+01
2.714809226989746094e+01
2.717012023925781250e+01
2.714681243896484375e+01
2.707064056396484375e+01
2.713242149353027344e+01
2.736061096191406250e+01
2.758374404907226562e+01
2.742138099670410156e+01
2.715628242492675781e+01
2.686227416992187500e+01
2.666169357299804688e+01
2.657145881652832031e+01
2.650975799560546875e+01
2.654687118530273438e+01
2.662688636779785156e+01
2.650662612915039062e+01
2.662712860107421875e+01
2.676917076110839844e+01
2.705053329467773438e+01
2.741840171813964844e+01
2.763660812377929688e+01
2.772037124633789062e+01
2.775440788269042969e+01
2.781722640991210938e+01
2.801100540161132812e+01
2.802502441406250000e+01
2.800780296325683594e+01
2.799667549133300781e+01
2.796187019348144531e+01
2.791456413269042969e+01
2.788419914245605469e+01
2.774761581420898438e+01
2.771251296997070312e+01
2.793362426757812500e+01
2.818362426757812500e+01
2.807344818115234375e+01
