3.202559661865234375e+01
3.230683135986328125e+01
3.245553588867187500e+01
3.225431823730468750e+01
3.193839263916015625e+01
3.172183990478515625e+01
3.130190849304199219e+01
3.133564758300781250e+01
3.159398269653320312e+01
3.185400962829589844e+01
3.211893844604492188e+01
3.237202835083007812e+01
3.273859405517578125e+01
3.326301956176757812e+01
3.309935760498046875e+01
3.250364303588867188e+01
3.199327468872070312e+01
3.177005767822265625e+01
3.166037368774414062e+01
3.167853546142578125e+01
3.193387413024902344e+01
3.211227798461914062e+01
3.230195236206054688e+01
3.239270019531250000e+01
3.224771118164062500e+01
3.195216941833496094e+01
3.187148094177246094e+01
3.183687973022460938e+01
3.167186737060546875e+01
3.138712120056152344e+01
3.153201675415039062e+01
3.177771377563476562e+01
3.180685615539550781e+01
3.187988090515136719e+01
3.200280380249023438e+01
3.215030670166015625e+01
3.230668640136718750e+01
3.244086456298828125e+01
3.245940017700195312e+01
3.250823593139648438e+01
3.264531326293945312e+01
3.265712738037109375e+01
3.268301391601562500e+01
3.278659439086914062e+01
3.286990356445312500e+01
3.281841659545898438e+01
3.283961868286132812e+01
3.261789703369140625e+01
3.258689498901367188e+01
3.273371505737304688e+01
3.292074966430664062e+01
3.302101135253906250e+01
3.307408523559570312e+01
3.307485961914062500e+01
3.307738494873046875e+01
3.309293746948242188e+01
3.309883499145507812e+01
3.308817291259765625e+01
3.308462142944335938e+01
3.301120758056640625e+01
3.291276550292968750e+01
3.283012008666992188e+01
3.257520294189453125e+01
3.224234771728515625e+01
3.234434127807617188e+01
3.265137863159179688e+01
3.289194488525390625e+01
3.301816940307617188e+01
3.301490783691406250e+01
3.296160507202148438e+01
3.272909545898437500e+01
3.277542877197265625e+01
3.296312332153320312e+01
3.310155868530273438e+01
3.302766036987304688e+01
3.306444168090820312e+01
3.315259552001953125e+01
3.315483093261718750e+01
3.318812179565429688e+01
3.319501113891601562e+01
3.313910675048828125e+01
3.312033462524414062e+01
3.318614578247070312e+01
3.328723526000976562e+01
3.302305603027343750e+01
3.262318420410156250e+01
3.240206146240234375e+01
3.246166229248046875e+01
3.280771255493164062e+01
3.287087249755859375e+01
3.281784057617187500e+01
3.301235961914062500e+01
3.311629104614257812e+01
3.267676544189453125e+01
3.223799514770507812e+01
3.258776092529296875e+01
3.307878875732421875e+01
3.344785690307617188e+01
3.426342773437500000e+01
3.445317840576171875e+01
3.472981643676757812e+01
3.473217391967773438e+01
3.433362197875976562e+01
