2.331895446777343750e+01
2.290703582763671875e+01
2.257712936401367188e+01
2.236908149719238281e+01
2.256106376647949219e+01
2.273395729064941406e+01
2.273986434936523438e+01
2.282050132751464844e+01
2.272089385986328125e+01
2.267770004272460938e+01
2.250323867797851562e+01
2.256385993957519531e+01
2.245425415039062500e+01
2.221003913879394531e+01
2.178108596801757812e+01
2.150996589660644531e+01
2.148444747924804688e+01
2.145024681091308594e+01
2.152306747436523438e+01
2.142713928222656250e+01
2.138937950134277344e+01
2.132654190063476562e+01
2.139815330505371094e+01
2.146026992797851562e+01
2.145541381835937500e+01
2.155559158325195312e+01
2.153378868103027344e+01
2.161279678344726562e+01
2.157080841064453125e+01
2.159401130676269531e+01
2.151258468627929688e+01
2.144215583801269531e+01
2.142845153808593750e+01
2.139003944396972656e+01
2.115522575378417969e+01
2.080922126770019531e+01
2.071467208862304688e+01
2.074511718750000000e+01
2.079392433166503906e+01
2.096766853332519531e+01
2.127393150329589844e+01
2.144041252136230469e+01
2.151662063598632812e+01
2.141561698913574219e+01
2.124464607238769531e+01
2.109986114501953125e+01
2.109622955322265625e+01
2.115566444396972656e+01
2.114083862304687500e+01
2.130993461608886719e+01
2.142752265930175781e+01
2.126958084106445312e+01
2.124403572082519531e+01
2.117520332336425781e+01
2.110204505920410156e+01
2.080448913574218750e+01
2.071585655212402344e+01
2.080712890625000000e+01
2.085907363891601562e+01
2.106434631347656250e+01
2.114818191528320312e+01
2.122971343994140625e+01
2.125900650024414062e+01
2.129730606079101562e+01
2.135626411437988281e+01
2.126453590393066406e+01
2.121805763244628906e+01
2.132166290283203125e+01
2.134940910339355469e+01
2.137877845764160156e+01
2.151151466369628906e+01
2.159015846252441406e+01
2.146821784973144531e+01
2.124285316467285156e+01
2.107131004333496094e+01
2.095822334289550781e+01
2.083591842651367188e+01
2.083199882507324219e+01
2.087408447265625000e+01
2.088928604125976562e+01
2.094504928588867188e+01
2.101876449584960938e+01
2.112756156921386719e+01
2.118729209899902344e+01
2.112877273559570312e+01
2.079164505004882812e+01
2.068301200866699219e+01
2.063915252685546875e+01
2.054688072204589844e+01
2.046744155883789062e+01
2.034975051879882812e+01
2.035139846801757812e+01
2.040708923339843750e+01
2.050204658508300781e+01
2.065703773498535156e+01
2.074630355834960938e+01
2.085692977905273438e+01
2.092173385620117188e+01
