2.833520317077636719e+01
2.841766548156738281e+01
2.845043754577636719e+01
2.834218025207519531e+01
2.886732482910156250e+01
2.906404685974121094e+01
2.957068634033203125e+01
2.998735046386718750e+01
3.013734054565429688e+01
3.016237068176269531e+01
3.004275321960449219e+01
2.929490852355957031e+01
2.915229415893554688e+01
2.980491828918457031e+01
2.962808418273925781e+01
2.939586448669433594e+01
2.956554603576660156e+01
2.974646759033203125e+01
2.977111625671386719e+01
2.940794372558593750e+01
2.911232757568359375e+01
2.895150566101074219e+01
2.878560256958007812e+01
2.880068206787109375e+01
2.874159812927246094e+01
2.890139770507812500e+01
2.906759262084960938e+01
2.943804740905761719e+01
2.965661239624023438e+01
2.960385131835937500e+01
2.930550193786621094e+01
2.891206932067871094e+01
2.879411125183105469e+01
2.883008384704589844e+01
2.875668907165527344e+01
2.861952018737792969e+01
2.842376518249511719e+01
2.830287170410156250e+01
2.831810951232910156e+01
2.837466239929199219e+01
2.831954002380371094e+01
2.807999610900878906e+01
2.772784805297851562e+01
2.765054893493652344e+01
2.778249549865722656e+01
2.792852401733398438e+01
2.803668022155761719e+01
2.803085899353027344e+01
2.797400665283203125e+01
2.795832252502441406e+01
2.799949073791503906e+01
2.806902694702148438e+01
2.823945045471191406e+01
2.824621200561523438e+01
2.816463088989257812e+01
2.822605133056640625e+01
2.816333198547363281e+01
2.825846099853515625e+01
2.837410354614257812e+01
2.837971496582031250e+01
2.821587753295898438e+01
2.807222557067871094e+01
2.805000495910644531e+01
2.820988464355468750e+01
2.842191314697265625e+01
2.863588142395019531e+01
2.885423660278320312e+01
2.901476478576660156e+01
2.893331527709960938e+01
2.880789184570312500e+01
2.866072082519531250e+01
2.867066955566406250e+01
2.881276512145996094e+01
2.912972640991210938e+01
2.926782989501953125e+01
2.952639389038085938e+01
2.965754890441894531e+01
2.975210189819335938e+01
2.987595367431640625e+01
2.968348121643066406e+01
2.955631446838378906e+01
2.952051353454589844e+01
2.908130264282226562e+01
2.853557777404785156e+01
2.864940071105957031e+01
2.877313232421875000e+01
2.897299194335937500e+01
2.918489456176757812e+01
2.918187141418457031e+01
2.885056686401367188e+01
