2.497403526306152344e+01
2.501671028137207031e+01
2.513195419311523438e+01
2.508241844177246094e+01
2.518657302856445312e+01
2.518829345703125000e+01
2.544205856323242188e+01
2.578476715087890625e+01
2.572756195068359375e+01
2.576022338867187500e+01
2.582089614868164062e+01
2.576858520507812500e+01
2.575148010253906250e+01
2.560034370422363281e+01
2.545966911315917969e+01
2.534763717651367188e+01
2.516900062561035156e+01
2.512509918212890625e+01
2.513961029052734375e+01
2.511514091491699219e+01
2.515356445312500000e+01
2.514773178100585938e+01
2.511954116821289062e+01
2.514441299438476562e+01
2.517762756347656250e+01
2.518812751770019531e+01
2.520377159118652344e+01
2.516390800476074219e+01
2.519100952148437500e+01
2.542068672180175781e+01
2.561484336853027344e+01
2.575953674316406250e+01
2.572441291809082031e+01
2.562263488769531250e+01
2.568412208557128906e+01
2.572623443603515625e+01
2.579298973083496094e+01
2.589310264587402344e+01
2.585706329345703125e+01
2.576667213439941406e+01
2.572421455383300781e+01
2.571524238586425781e+01
2.572803306579589844e+01
2.571120262145996094e+01
2.567392921447753906e+01
2.561313438415527344e+01
2.558031082153320312e+01
2.562186622619628906e+01
2.576086044311523438e+01
2.559634208679199219e+01
2.564971923828125000e+01
2.578392601013183594e+01
2.575180053710937500e+01
2.560172462463378906e+01
2.542299079895019531e+01
2.542204284667968750e+01
2.540830230712890625e+01
2.541769790649414062e+01
2.548958587646484375e+01
2.565110778808593750e+01
2.572500991821289062e+01
2.586295509338378906e+01
2.591735267639160156e+01
2.581319236755371094e+01
2.578493309020996094e+01
2.581316375732421875e+01
2.586249732971191406e+01
2.589699172973632812e+01
2.584749794006347656e+01
2.580808448791503906e+01
2.578915214538574219e+01
2.576517677307128906e+01
2.579678344726562500e+01
2.574428367614746094e+01
2.564703559875488281e+01
2.566334533691406250e+01
2.556192779541015625e+01
2.551637077331542969e+01
2.543547058105468750e+01
2.526839828491210938e+01
2.529560470581054688e+01
2.541613769531250000e+01
2.551805496215820312e+01
2.562829971313476562e+01
2.569743347167968750e+01
2.572142982482910156e+01
2.565543937683105469e+01
2.546125602722167969e+01
2.543813514709472656e+01
2.547057533264160156e+01
2.549978065490722656e+01
2.562955856323242188e+01
2.572981834411621094e+01
2.570054435729980469e+01
2.563309478759765625e+01
2.542435646057128906e+01
2.534499168395996094e+01
2.532512474060058594e+01
2.514842605590820312e+01
2.504286384582519531e+01
2.489376068115234375e+01
2.460204124450683594e+01
2.446694374084472656e+01
2.446970939636230469e+01
2.446028900146484375e+01
2.449888038635253906e+01
