3.563942718505859375e+01
3.612305831909179688e+01
3.606154632568359375e+01
3.519445037841796875e+01
3.616822433471679688e+01
3.645873260498046875e+01
3.674322128295898438e+01
3.551514053344726562e+01
3.497201919555664062e+01
3.432477188110351562e+01
3.495457458496093750e+01
3.710583877563476562e+01
3.726902770996093750e+01
3.699907302856445312e+01
3.673855590820312500e+01
3.571342468261718750e+01
3.493577194213867188e+01
3.581256866455078125e+01
3.559540557861328125e+01
3.552035903930664062e+01
3.507041168212890625e+01
3.627698516845703125e+01
3.689809417724609375e+01
3.667858886718750000e+01
3.684059143066406250e+01
3.658078765869140625e+01
3.663085937500000000e+01
3.652826309204101562e+01
3.701992416381835938e+01
3.729108810424804688e+01
3.727868270874023438e+01
3.711960601806640625e+01
3.611955642700195312e+01
3.533412170410156250e+01
3.589709091186523438e+01
3.676572418212890625e+01
3.582952499389648438e+01
3.603543853759765625e+01
3.643390274047851562e+01
3.611647796630859375e+01
3.558489990234375000e+01
3.604503631591796875e+01
3.620810317993164062e+01
3.640151977539062500e+01
3.626127243041992188e+01
3.543209838867187500e+01
3.535588455200195312e+01
3.544109344482421875e+01
3.620029449462890625e+01
3.732132720947265625e+01
3.740924835205078125e+01
3.730395507812500000e+01
3.707377624511718750e+01
3.690581130981445312e+01
3.715507507324218750e+01
3.654560089111328125e+01
3.664794158935546875e+01
3.716107177734375000e+01
3.734959030151367188e+01
3.750329589843750000e+01
3.699163055419921875e+01
3.701918792724609375e+01
3.641342163085937500e+01
3.574641418457031250e+01
3.549230957031250000e+01
3.706523895263671875e+01
3.760256195068359375e+01
3.766748046875000000e+01
3.789016723632812500e+01
3.800582885742187500e+01
3.806127929687500000e+01
3.762809371948242188e+01
3.678884124755859375e+01
3.756570434570312500e+01
3.801432418823242188e+01
3.765468215942382812e+01
3.722973632812500000e+01
3.734094619750976562e+01
3.735509490966796875e+01
3.734628677368164062e+01
3.700428771972656250e+01
3.688315963745117188e+01
3.734151840209960938e+01
3.763589477539062500e+01
3.735462188720703125e+01
3.701686477661132812e+01
3.707585144042968750e+01
3.709723663330078125e+01
3.727008438110351562e+01
3.755468368530273438e+01
3.702139663696289062e+01
3.665639114379882812e+01
3.643939208984375000e+01
3.588674163818359375e+01
3.578456878662109375e+01
3.439542007446289062e+01
3.342280960083007812e+01
3.421924209594726562e+01
3.517934417724609375e+01
3.557656860351562500e+01
3.575828170776367188e+01
3.514351654052734375e+01
3.480999374389648438e+01
